filename,city,lat,lon,heading,date_collected,source
data/images/kyiv/50.248573_30.375547_h0.jpg,kyiv,50.248573,30.375547,0,2021-12,streetview
data/images/kyiv/50.248573_30.375547_h90.jpg,kyiv,50.248573,30.375547,90,2021-12,streetview
data/images/kyiv/50.248573_30.375547_h180.jpg,kyiv,50.248573,30.375547,180,2021-12,streetview
data/images/kyiv/50.248573_30.375547_h270.jpg,kyiv,50.248573,30.375547,270,2021-12,streetview
data/images/kyiv/50.445842_30.459061_h0.jpg,kyiv,50.445842,30.459061,0,2019-03,streetview
data/images/kyiv/50.445842_30.459061_h90.jpg,kyiv,50.445842,30.459061,90,2019-03,streetview
data/images/kyiv/50.445842_30.459061_h180.jpg,kyiv,50.445842,30.459061,180,2019-03,streetview
data/images/kyiv/50.445842_30.459061_h270.jpg,kyiv,50.445842,30.459061,270,2019-03,streetview
data/images/kyiv/50.462012_30.49131_h0.jpg,kyiv,50.462012,30.49131,0,2019-08,streetview
data/images/kyiv/50.462012_30.49131_h90.jpg,kyiv,50.462012,30.49131,90,2019-08,streetview
data/images/kyiv/50.462012_30.49131_h180.jpg,kyiv,50.462012,30.49131,180,2019-08,streetview
data/images/kyiv/50.462012_30.49131_h270.jpg,kyiv,50.462012,30.49131,270,2019-08,streetview
data/images/kyiv/50.516989_30.613668_h0.jpg,kyiv,50.516989,30.613668,0,2020-01,streetview
data/images/kyiv/50.516989_30.613668_h90.jpg,kyiv,50.516989,30.613668,90,2020-01,streetview
data/images/kyiv/50.516989_30.613668_h180.jpg,kyiv,50.516989,30.613668,180,2020-01,streetview
data/images/kyiv/50.516989_30.613668_h270.jpg,kyiv,50.516989,30.613668,270,2020-01,streetview
data/images/kyiv/50.460934_30.340599_h0.jpg,kyiv,50.460934,30.340599,0,2018-05,streetview
data/images/kyiv/50.460934_30.340599_h90.jpg,kyiv,50.460934,30.340599,90,2018-05,streetview
data/images/kyiv/50.460934_30.340599_h180.jpg,kyiv,50.460934,30.340599,180,2018-05,streetview
data/images/kyiv/50.460934_30.340599_h270.jpg,kyiv,50.460934,30.340599,270,2018-05,streetview
data/images/kyiv/50.393022_30.614378_h0.jpg,kyiv,50.393022,30.614378,0,2020-09,streetview
data/images/kyiv/50.393022_30.614378_h90.jpg,kyiv,50.393022,30.614378,90,2020-09,streetview
data/images/kyiv/50.393022_30.614378_h180.jpg,kyiv,50.393022,30.614378,180,2020-09,streetview
data/images/kyiv/50.393022_30.614378_h270.jpg,kyiv,50.393022,30.614378,270,2020-09,streetview
data/images/kyiv/50.433985_30.379465_h0.jpg,kyiv,50.433985,30.379465,0,2019-05,streetview
data/images/kyiv/50.433985_30.379465_h90.jpg,kyiv,50.433985,30.379465,90,2019-05,streetview
data/images/kyiv/50.433985_30.379465_h180.jpg,kyiv,50.433985,30.379465,180,2019-05,streetview
data/images/kyiv/50.433985_30.379465_h270.jpg,kyiv,50.433985,30.379465,270,2019-05,streetview
data/images/kyiv/50.288458_30.449897_h0.jpg,kyiv,50.288458,30.449897,0,2020-07,streetview
data/images/kyiv/50.288458_30.449897_h90.jpg,kyiv,50.288458,30.449897,90,2020-07,streetview
data/images/kyiv/50.288458_30.449897_h180.jpg,kyiv,50.288458,30.449897,180,2020-07,streetview
data/images/kyiv/50.288458_30.449897_h270.jpg,kyiv,50.288458,30.449897,270,2020-07,streetview
data/images/kyiv/50.451232_30.586059_h0.jpg,kyiv,50.451232,30.586059,0,2021-06,streetview
data/images/kyiv/50.451232_30.586059_h90.jpg,kyiv,50.451232,30.586059,90,2021-06,streetview
data/images/kyiv/50.451232_30.586059_h180.jpg,kyiv,50.451232,30.586059,180,2021-06,streetview
data/images/kyiv/50.451232_30.586059_h270.jpg,kyiv,50.451232,30.586059,270,2021-06,streetview
data/images/kyiv/50.428595_30.374373_h0.jpg,kyiv,50.428595,30.374373,0,2019-05,streetview
data/images/kyiv/50.428595_30.374373_h90.jpg,kyiv,50.428595,30.374373,90,2019-05,streetview
data/images/kyiv/50.428595_30.374373_h180.jpg,kyiv,50.428595,30.374373,180,2019-05,streetview
data/images/kyiv/50.428595_30.374373_h270.jpg,kyiv,50.428595,30.374373,270,2019-05,streetview
data/images/kyiv/50.45231_30.641936_h0.jpg,kyiv,50.45231,30.641936,0,2019-05,streetview
data/images/kyiv/50.45231_30.641936_h90.jpg,kyiv,50.45231,30.641936,90,2019-05,streetview
data/images/kyiv/50.45231_30.641936_h180.jpg,kyiv,50.45231,30.641936,180,2019-05,streetview
data/images/kyiv/50.45231_30.641936_h270.jpg,kyiv,50.45231,30.641936,270,2019-05,streetview
data/images/kyiv/50.515911_30.62044_h0.jpg,kyiv,50.515911,30.62044,0,2021-06,streetview
data/images/kyiv/50.515911_30.62044_h90.jpg,kyiv,50.515911,30.62044,90,2021-06,streetview
data/images/kyiv/50.515911_30.62044_h180.jpg,kyiv,50.515911,30.62044,180,2021-06,streetview
data/images/kyiv/50.515911_30.62044_h270.jpg,kyiv,50.515911,30.62044,270,2021-06,streetview
data/images/kyiv/50.482493_30.440597_h0.jpg,kyiv,50.482493,30.440597,0,2019-03,streetview
data/images/kyiv/50.482493_30.440597_h90.jpg,kyiv,50.482493,30.440597,90,2019-03,streetview
data/images/kyiv/50.482493_30.440597_h180.jpg,kyiv,50.482493,30.440597,180,2019-03,streetview
data/images/kyiv/50.482493_30.440597_h270.jpg,kyiv,50.482493,30.440597,270,2019-03,streetview
data/images/kyiv/50.481415_30.413487_h0.jpg,kyiv,50.481415,30.413487,0,2021-07,streetview
data/images/kyiv/50.481415_30.413487_h90.jpg,kyiv,50.481415,30.413487,90,2021-07,streetview
data/images/kyiv/50.481415_30.413487_h180.jpg,kyiv,50.481415,30.413487,180,2021-07,streetview
data/images/kyiv/50.481415_30.413487_h270.jpg,kyiv,50.481415,30.413487,270,2021-07,streetview
data/images/kyiv/50.428595_30.519899_h0.jpg,kyiv,50.428595,30.519899,0,2020-07,streetview
data/images/kyiv/50.428595_30.519899_h90.jpg,kyiv,50.428595,30.519899,90,2020-07,streetview
data/images/kyiv/50.428595_30.519899_h180.jpg,kyiv,50.428595,30.519899,180,2020-07,streetview
data/images/kyiv/50.428595_30.519899_h270.jpg,kyiv,50.428595,30.519899,270,2020-07,streetview
data/images/kyiv/50.425361_30.367595_h0.jpg,kyiv,50.425361,30.367595,0,2018-06,streetview
data/images/kyiv/50.425361_30.367595_h90.jpg,kyiv,50.425361,30.367595,90,2018-06,streetview
data/images/kyiv/50.425361_30.367595_h180.jpg,kyiv,50.425361,30.367595,180,2018-06,streetview
data/images/kyiv/50.425361_30.367595_h270.jpg,kyiv,50.425361,30.367595,270,2018-06,streetview
data/images/kyiv/50.523456_30.603546_h0.jpg,kyiv,50.523456,30.603546,0,2018-12,streetview
data/images/kyiv/50.523456_30.603546_h90.jpg,kyiv,50.523456,30.603546,90,2018-12,streetview
data/images/kyiv/50.523456_30.603546_h180.jpg,kyiv,50.523456,30.603546,180,2018-12,streetview
data/images/kyiv/50.523456_30.603546_h270.jpg,kyiv,50.523456,30.603546,270,2018-12,streetview
data/images/kyiv/50.409191_30.528241_h0.jpg,kyiv,50.409191,30.528241,0,2021-04,streetview
data/images/kyiv/50.409191_30.528241_h90.jpg,kyiv,50.409191,30.528241,90,2021-04,streetview
data/images/kyiv/50.409191_30.528241_h180.jpg,kyiv,50.409191,30.528241,180,2021-04,streetview
data/images/kyiv/50.409191_30.528241_h270.jpg,kyiv,50.409191,30.528241,270,2021-04,streetview
data/images/kyiv/50.509443_30.398335_h0.jpg,kyiv,50.509443,30.398335,0,2019-09,streetview
data/images/kyiv/50.509443_30.398335_h90.jpg,kyiv,50.509443,30.398335,90,2019-09,streetview
data/images/kyiv/50.509443_30.398335_h180.jpg,kyiv,50.509443,30.398335,180,2019-09,streetview
data/images/kyiv/50.509443_30.398335_h270.jpg,kyiv,50.509443,30.398335,270,2019-09,streetview
data/images/kyiv/50.435063_30.377776_h0.jpg,kyiv,50.435063,30.377776,0,2019-05,streetview
data/images/kyiv/50.435063_30.377776_h90.jpg,kyiv,50.435063,30.377776,90,2019-05,streetview
data/images/kyiv/50.435063_30.377776_h180.jpg,kyiv,50.435063,30.377776,180,2019-05,streetview
data/images/kyiv/50.435063_30.377776_h270.jpg,kyiv,50.435063,30.377776,270,2019-05,streetview
data/images/kyiv/50.437218_30.538567_h0.jpg,kyiv,50.437218,30.538567,0,2023-08,streetview
data/images/kyiv/50.437218_30.538567_h90.jpg,kyiv,50.437218,30.538567,90,2023-08,streetview
data/images/kyiv/50.437218_30.538567_h180.jpg,kyiv,50.437218,30.538567,180,2023-08,streetview
data/images/kyiv/50.437218_30.538567_h270.jpg,kyiv,50.437218,30.538567,270,2023-08,streetview
data/images/kyiv/50.435063_30.530092_h0.jpg,kyiv,50.435063,30.530092,0,2020-10,streetview
data/images/kyiv/50.435063_30.530092_h90.jpg,kyiv,50.435063,30.530092,90,2020-10,streetview
data/images/kyiv/50.435063_30.530092_h180.jpg,kyiv,50.435063,30.530092,180,2020-10,streetview
data/images/kyiv/50.435063_30.530092_h270.jpg,kyiv,50.435063,30.530092,270,2020-10,streetview
data/images/kyiv/50.497585_30.359319_h0.jpg,kyiv,50.497585,30.359319,0,2018-10,streetview
data/images/kyiv/50.497585_30.359319_h90.jpg,kyiv,50.497585,30.359319,90,2018-10,streetview
data/images/kyiv/50.497585_30.359319_h180.jpg,kyiv,50.497585,30.359319,180,2018-10,streetview
data/images/kyiv/50.497585_30.359319_h270.jpg,kyiv,50.497585,30.359319,270,2018-10,streetview
data/images/kyiv/50.455544_30.470958_h0.jpg,kyiv,50.455544,30.470958,0,2020-04,streetview
data/images/kyiv/50.455544_30.470958_h90.jpg,kyiv,50.455544,30.470958,90,2020-04,streetview
data/images/kyiv/50.455544_30.470958_h180.jpg,kyiv,50.455544,30.470958,180,2020-04,streetview
data/images/kyiv/50.455544_30.470958_h270.jpg,kyiv,50.455544,30.470958,270,2020-04,streetview
data/images/kyiv/50.476026_30.438875_h0.jpg,kyiv,50.476026,30.438875,0,2024-05,streetview
data/images/kyiv/50.476026_30.438875_h90.jpg,kyiv,50.476026,30.438875,90,2024-05,streetview
data/images/kyiv/50.476026_30.438875_h180.jpg,kyiv,50.476026,30.438875,180,2024-05,streetview
data/images/kyiv/50.476026_30.438875_h270.jpg,kyiv,50.476026,30.438875,270,2024-05,streetview
data/images/kyiv/50.426439_30.56388_h0.jpg,kyiv,50.426439,30.56388,0,2020-07,streetview
data/images/kyiv/50.426439_30.56388_h90.jpg,kyiv,50.426439,30.56388,90,2020-07,streetview
data/images/kyiv/50.426439_30.56388_h180.jpg,kyiv,50.426439,30.56388,180,2020-07,streetview
data/images/kyiv/50.426439_30.56388_h270.jpg,kyiv,50.426439,30.56388,270,2020-07,streetview
data/images/kyiv/50.508365_30.813611_h0.jpg,kyiv,50.508365,30.813611,0,2020-07,streetview
data/images/kyiv/50.508365_30.813611_h90.jpg,kyiv,50.508365,30.813611,90,2020-07,streetview
data/images/kyiv/50.508365_30.813611_h180.jpg,kyiv,50.508365,30.813611,180,2020-07,streetview
data/images/kyiv/50.508365_30.813611_h270.jpg,kyiv,50.508365,30.813611,270,2020-07,streetview
data/images/kyiv/50.328343_30.468648_h0.jpg,kyiv,50.328343,30.468648,0,2019-12,streetview
data/images/kyiv/50.328343_30.468648_h90.jpg,kyiv,50.328343,30.468648,90,2019-12,streetview
data/images/kyiv/50.328343_30.468648_h180.jpg,kyiv,50.328343,30.468648,180,2019-12,streetview
data/images/kyiv/50.328343_30.468648_h270.jpg,kyiv,50.328343,30.468648,270,2019-12,streetview
data/images/kyiv/50.529924_30.249175_h0.jpg,kyiv,50.529924,30.249175,0,2025-09,streetview
data/images/kyiv/50.529924_30.249175_h90.jpg,kyiv,50.529924,30.249175,90,2025-09,streetview
data/images/kyiv/50.529924_30.249175_h180.jpg,kyiv,50.529924,30.249175,180,2025-09,streetview
data/images/kyiv/50.529924_30.249175_h270.jpg,kyiv,50.529924,30.249175,270,2025-09,streetview
data/images/kyiv/50.435063_30.487782_h0.jpg,kyiv,50.435063,30.487782,0,2019-03,streetview
data/images/kyiv/50.435063_30.487782_h90.jpg,kyiv,50.435063,30.487782,90,2019-03,streetview
data/images/kyiv/50.435063_30.487782_h180.jpg,kyiv,50.435063,30.487782,180,2019-03,streetview
data/images/kyiv/50.435063_30.487782_h270.jpg,kyiv,50.435063,30.487782,270,2019-03,streetview
data/images/kyiv/50.4577_30.399854_h0.jpg,kyiv,50.4577,30.399854,0,2021-04,streetview
data/images/kyiv/50.4577_30.399854_h90.jpg,kyiv,50.4577,30.399854,90,2021-04,streetview
data/images/kyiv/50.4577_30.399854_h180.jpg,kyiv,50.4577,30.399854,180,2021-04,streetview
data/images/kyiv/50.4577_30.399854_h270.jpg,kyiv,50.4577,30.399854,270,2021-04,streetview
data/images/kyiv/50.443686_30.530145_h0.jpg,kyiv,50.443686,30.530145,0,2019-09,streetview
data/images/kyiv/50.443686_30.530145_h90.jpg,kyiv,50.443686,30.530145,90,2019-09,streetview
data/images/kyiv/50.443686_30.530145_h180.jpg,kyiv,50.443686,30.530145,180,2019-09,streetview
data/images/kyiv/50.443686_30.530145_h270.jpg,kyiv,50.443686,30.530145,270,2019-09,streetview
data/images/kyiv/50.506209_30.449173_h0.jpg,kyiv,50.506209,30.449173,0,2019-03,streetview
data/images/kyiv/50.506209_30.449173_h90.jpg,kyiv,50.506209,30.449173,90,2019-03,streetview
data/images/kyiv/50.506209_30.449173_h180.jpg,kyiv,50.506209,30.449173,180,2019-03,streetview
data/images/kyiv/50.506209_30.449173_h270.jpg,kyiv,50.506209,30.449173,270,2019-03,streetview
data/images/kyiv/50.587057_30.719491_h0.jpg,kyiv,50.587057,30.719491,0,2020-04,streetview
data/images/kyiv/50.587057_30.719491_h90.jpg,kyiv,50.587057,30.719491,90,2020-04,streetview
data/images/kyiv/50.587057_30.719491_h180.jpg,kyiv,50.587057,30.719491,180,2020-04,streetview
data/images/kyiv/50.587057_30.719491_h270.jpg,kyiv,50.587057,30.719491,270,2020-04,streetview
data/images/kyiv/50.403801_30.641524_h0.jpg,kyiv,50.403801,30.641524,0,2025-06,streetview
data/images/kyiv/50.403801_30.641524_h90.jpg,kyiv,50.403801,30.641524,90,2025-06,streetview
data/images/kyiv/50.403801_30.641524_h180.jpg,kyiv,50.403801,30.641524,180,2025-06,streetview
data/images/kyiv/50.403801_30.641524_h270.jpg,kyiv,50.403801,30.641524,270,2025-06,streetview
data/images/kyiv/50.293848_30.669278_h0.jpg,kyiv,50.293848,30.669278,0,2019-11,streetview
data/images/kyiv/50.293848_30.669278_h90.jpg,kyiv,50.293848,30.669278,90,2019-11,streetview
data/images/kyiv/50.293848_30.669278_h180.jpg,kyiv,50.293848,30.669278,180,2019-11,streetview
data/images/kyiv/50.293848_30.669278_h270.jpg,kyiv,50.293848,30.669278,270,2019-11,streetview
data/images/kyiv/50.359604_30.720565_h0.jpg,kyiv,50.359604,30.720565,0,2020-08,streetview
data/images/kyiv/50.359604_30.720565_h90.jpg,kyiv,50.359604,30.720565,90,2020-08,streetview
data/images/kyiv/50.359604_30.720565_h180.jpg,kyiv,50.359604,30.720565,180,2020-08,streetview
data/images/kyiv/50.359604_30.720565_h270.jpg,kyiv,50.359604,30.720565,270,2020-08,streetview
data/images/kyiv/50.429673_30.479292_h0.jpg,kyiv,50.429673,30.479292,0,2018-11,streetview
data/images/kyiv/50.429673_30.479292_h90.jpg,kyiv,50.429673,30.479292,90,2018-11,streetview
data/images/kyiv/50.429673_30.479292_h180.jpg,kyiv,50.429673,30.479292,180,2018-11,streetview
data/images/kyiv/50.429673_30.479292_h270.jpg,kyiv,50.429673,30.479292,270,2018-11,streetview
data/images/kyiv/50.555796_30.349287_h0.jpg,kyiv,50.555796,30.349287,0,2021-06,streetview
data/images/kyiv/50.555796_30.349287_h90.jpg,kyiv,50.555796,30.349287,90,2021-06,streetview
data/images/kyiv/50.555796_30.349287_h180.jpg,kyiv,50.555796,30.349287,180,2021-06,streetview
data/images/kyiv/50.555796_30.349287_h270.jpg,kyiv,50.555796,30.349287,270,2021-06,streetview
data/images/kyiv/50.275522_30.532488_h0.jpg,kyiv,50.275522,30.532488,0,2019-07,streetview
data/images/kyiv/50.275522_30.532488_h90.jpg,kyiv,50.275522,30.532488,90,2019-07,streetview
data/images/kyiv/50.275522_30.532488_h180.jpg,kyiv,50.275522,30.532488,180,2019-07,streetview
data/images/kyiv/50.275522_30.532488_h270.jpg,kyiv,50.275522,30.532488,270,2019-07,streetview
data/images/kyiv/50.481415_30.549011_h0.jpg,kyiv,50.481415,30.549011,0,2021-08,streetview
data/images/kyiv/50.481415_30.549011_h90.jpg,kyiv,50.481415,30.549011,90,2021-08,streetview
data/images/kyiv/50.481415_30.549011_h180.jpg,kyiv,50.481415,30.549011,180,2021-08,streetview
data/images/kyiv/50.481415_30.549011_h270.jpg,kyiv,50.481415,30.549011,270,2021-08,streetview
data/images/kyiv/50.519144_30.61538_h0.jpg,kyiv,50.519144,30.61538,0,2020-02,streetview
data/images/kyiv/50.519144_30.61538_h90.jpg,kyiv,50.519144,30.61538,90,2020-02,streetview
data/images/kyiv/50.519144_30.61538_h180.jpg,kyiv,50.519144,30.61538,180,2020-02,streetview
data/images/kyiv/50.519144_30.61538_h270.jpg,kyiv,50.519144,30.61538,270,2020-02,streetview
data/images/kyiv/50.375774_30.526347_h0.jpg,kyiv,50.375774,30.526347,0,2021-05,streetview
data/images/kyiv/50.375774_30.526347_h90.jpg,kyiv,50.375774,30.526347,90,2021-05,streetview
data/images/kyiv/50.375774_30.526347_h180.jpg,kyiv,50.375774,30.526347,180,2021-05,streetview
data/images/kyiv/50.375774_30.526347_h270.jpg,kyiv,50.375774,30.526347,270,2021-05,streetview
data/images/kyiv/50.501897_30.472881_h0.jpg,kyiv,50.501897,30.472881,0,2020-02,streetview
data/images/kyiv/50.501897_30.472881_h90.jpg,kyiv,50.501897,30.472881,90,2020-02,streetview
data/images/kyiv/50.501897_30.472881_h180.jpg,kyiv,50.501897,30.472881,180,2020-02,streetview
data/images/kyiv/50.501897_30.472881_h270.jpg,kyiv,50.501897,30.472881,270,2020-02,streetview
data/images/kyiv/50.454466_30.516666_h0.jpg,kyiv,50.454466,30.516666,0,2021-07,streetview
data/images/kyiv/50.454466_30.516666_h90.jpg,kyiv,50.454466,30.516666,90,2021-07,streetview
data/images/kyiv/50.454466_30.516666_h180.jpg,kyiv,50.454466,30.516666,180,2021-07,streetview
data/images/kyiv/50.454466_30.516666_h270.jpg,kyiv,50.454466,30.516666,270,2021-07,streetview
data/images/kyiv/50.432907_30.332077_h0.jpg,kyiv,50.432907,30.332077,0,2019-08,streetview
data/images/kyiv/50.432907_30.332077_h90.jpg,kyiv,50.432907,30.332077,90,2019-08,streetview
data/images/kyiv/50.432907_30.332077_h180.jpg,kyiv,50.432907,30.332077,180,2019-08,streetview
data/images/kyiv/50.432907_30.332077_h270.jpg,kyiv,50.432907,30.332077,270,2019-08,streetview
data/images/kyiv/50.443686_30.504754_h0.jpg,kyiv,50.443686,30.504754,0,2021-04,streetview
data/images/kyiv/50.443686_30.504754_h90.jpg,kyiv,50.443686,30.504754,90,2021-04,streetview
data/images/kyiv/50.443686_30.504754_h180.jpg,kyiv,50.443686,30.504754,180,2021-04,streetview
data/images/kyiv/50.443686_30.504754_h270.jpg,kyiv,50.443686,30.504754,270,2021-04,streetview
data/images/kyiv/50.453388_30.525125_h0.jpg,kyiv,50.453388,30.525125,0,2019-04,streetview
data/images/kyiv/50.453388_30.525125_h90.jpg,kyiv,50.453388,30.525125,90,2019-04,streetview
data/images/kyiv/50.453388_30.525125_h180.jpg,kyiv,50.453388,30.525125,180,2019-04,streetview
data/images/kyiv/50.453388_30.525125_h270.jpg,kyiv,50.453388,30.525125,270,2019-04,streetview
data/images/kyiv/50.516989_30.776419_h0.jpg,kyiv,50.516989,30.776419,0,2018-06,streetview
data/images/kyiv/50.516989_30.776419_h90.jpg,kyiv,50.516989,30.776419,90,2018-06,streetview
data/images/kyiv/50.516989_30.776419_h180.jpg,kyiv,50.516989,30.776419,180,2018-06,streetview
data/images/kyiv/50.516989_30.776419_h270.jpg,kyiv,50.516989,30.776419,270,2018-06,streetview
data/images/kyiv/50.46309_30.450674_h0.jpg,kyiv,50.46309,30.450674,0,2018-11,streetview
data/images/kyiv/50.46309_30.450674_h90.jpg,kyiv,50.46309,30.450674,90,2018-11,streetview
data/images/kyiv/50.46309_30.450674_h180.jpg,kyiv,50.46309,30.450674,180,2018-11,streetview
data/images/kyiv/50.46309_30.450674_h270.jpg,kyiv,50.46309,30.450674,270,2018-11,streetview
data/images/kyiv/50.458778_30.343981_h0.jpg,kyiv,50.458778,30.343981,0,2021-06,streetview
data/images/kyiv/50.458778_30.343981_h90.jpg,kyiv,50.458778,30.343981,90,2021-06,streetview
data/images/kyiv/50.458778_30.343981_h180.jpg,kyiv,50.458778,30.343981,180,2021-06,streetview
data/images/kyiv/50.458778_30.343981_h270.jpg,kyiv,50.458778,30.343981,270,2021-06,streetview
data/images/kyiv/50.433985_30.506392_h0.jpg,kyiv,50.433985,30.506392,0,2019-04,streetview
data/images/kyiv/50.433985_30.506392_h90.jpg,kyiv,50.433985,30.506392,90,2019-04,streetview
data/images/kyiv/50.433985_30.506392_h180.jpg,kyiv,50.433985,30.506392,180,2019-04,streetview
data/images/kyiv/50.433985_30.506392_h270.jpg,kyiv,50.433985,30.506392,270,2019-04,streetview
data/images/kyiv/50.449076_30.523406_h0.jpg,kyiv,50.449076,30.523406,0,2021-07,streetview
data/images/kyiv/50.449076_30.523406_h90.jpg,kyiv,50.449076,30.523406,90,2021-07,streetview
data/images/kyiv/50.449076_30.523406_h180.jpg,kyiv,50.449076,30.523406,180,2021-07,streetview
data/images/kyiv/50.449076_30.523406_h270.jpg,kyiv,50.449076,30.523406,270,2021-07,streetview
data/images/kyiv/50.451232_30.496332_h0.jpg,kyiv,50.451232,30.496332,0,2019-08,streetview
data/images/kyiv/50.451232_30.496332_h90.jpg,kyiv,50.451232,30.496332,90,2019-08,streetview
data/images/kyiv/50.451232_30.496332_h180.jpg,kyiv,50.451232,30.496332,180,2019-08,streetview
data/images/kyiv/50.451232_30.496332_h270.jpg,kyiv,50.451232,30.496332,270,2019-08,streetview
data/images/kyiv/50.432907_30.381155_h0.jpg,kyiv,50.432907,30.381155,0,2019-05,streetview
data/images/kyiv/50.432907_30.381155_h90.jpg,kyiv,50.432907,30.381155,90,2019-05,streetview
data/images/kyiv/50.432907_30.381155_h180.jpg,kyiv,50.432907,30.381155,180,2019-05,streetview
data/images/kyiv/50.432907_30.381155_h270.jpg,kyiv,50.432907,30.381155,270,2019-05,streetview
data/images/kyiv/50.585979_30.481787_h0.jpg,kyiv,50.585979,30.481787,0,2021-07,streetview
data/images/kyiv/50.585979_30.481787_h90.jpg,kyiv,50.585979,30.481787,90,2021-07,streetview
data/images/kyiv/50.585979_30.481787_h180.jpg,kyiv,50.585979,30.481787,180,2021-07,streetview
data/images/kyiv/50.585979_30.481787_h270.jpg,kyiv,50.585979,30.481787,270,2021-07,streetview
data/images/kyiv/50.410269_30.650036_h0.jpg,kyiv,50.410269,30.650036,0,2021-06,streetview
data/images/kyiv/50.410269_30.650036_h90.jpg,kyiv,50.410269,30.650036,90,2021-06,streetview
data/images/kyiv/50.410269_30.650036_h180.jpg,kyiv,50.410269,30.650036,180,2021-06,streetview
data/images/kyiv/50.410269_30.650036_h270.jpg,kyiv,50.410269,30.650036,270,2021-06,streetview
data/images/kyiv/50.456622_30.435407_h0.jpg,kyiv,50.456622,30.435407,0,2020-03,streetview
data/images/kyiv/50.456622_30.435407_h90.jpg,kyiv,50.456622,30.435407,90,2020-03,streetview
data/images/kyiv/50.456622_30.435407_h180.jpg,kyiv,50.456622,30.435407,180,2020-03,streetview
data/images/kyiv/50.456622_30.435407_h270.jpg,kyiv,50.456622,30.435407,270,2020-03,streetview
data/images/kyiv/50.235637_30.365398_h0.jpg,kyiv,50.235637,30.365398,0,2021-12,streetview
data/images/kyiv/50.235637_30.365398_h90.jpg,kyiv,50.235637,30.365398,90,2021-12,streetview
data/images/kyiv/50.235637_30.365398_h180.jpg,kyiv,50.235637,30.365398,180,2021-12,streetview
data/images/kyiv/50.235637_30.365398_h270.jpg,kyiv,50.235637,30.365398,270,2021-12,streetview
data/images/kyiv/50.541782_30.639308_h0.jpg,kyiv,50.541782,30.639308,0,2020-06,streetview
data/images/kyiv/50.541782_30.639308_h90.jpg,kyiv,50.541782,30.639308,90,2020-06,streetview
data/images/kyiv/50.541782_30.639308_h180.jpg,kyiv,50.541782,30.639308,180,2020-06,streetview
data/images/kyiv/50.541782_30.639308_h270.jpg,kyiv,50.541782,30.639308,270,2020-06,streetview
data/images/kyiv/50.460934_30.347372_h0.jpg,kyiv,50.460934,30.347372,0,2018-04,streetview
data/images/kyiv/50.460934_30.347372_h90.jpg,kyiv,50.460934,30.347372,90,2018-04,streetview
data/images/kyiv/50.460934_30.347372_h180.jpg,kyiv,50.460934,30.347372,180,2018-04,streetview
data/images/kyiv/50.460934_30.347372_h270.jpg,kyiv,50.460934,30.347372,270,2018-04,streetview
data/images/kyiv/50.433985_30.540239_h0.jpg,kyiv,50.433985,30.540239,0,2025-05,streetview
data/images/kyiv/50.433985_30.540239_h90.jpg,kyiv,50.433985,30.540239,90,2025-05,streetview
data/images/kyiv/50.433985_30.540239_h180.jpg,kyiv,50.433985,30.540239,180,2025-05,streetview
data/images/kyiv/50.433985_30.540239_h270.jpg,kyiv,50.433985,30.540239,270,2025-05,streetview
data/images/kyiv/50.319719_30.645876_h0.jpg,kyiv,50.319719,30.645876,0,2019-11,streetview
data/images/kyiv/50.319719_30.645876_h90.jpg,kyiv,50.319719,30.645876,90,2019-11,streetview
data/images/kyiv/50.319719_30.645876_h180.jpg,kyiv,50.319719,30.645876,180,2019-11,streetview
data/images/kyiv/50.319719_30.645876_h270.jpg,kyiv,50.319719,30.645876,270,2019-11,streetview
data/images/kyiv/50.4577_30.406627_h0.jpg,kyiv,50.4577,30.406627,0,2021-06,streetview
data/images/kyiv/50.4577_30.406627_h90.jpg,kyiv,50.4577,30.406627,90,2021-06,streetview
data/images/kyiv/50.4577_30.406627_h180.jpg,kyiv,50.4577,30.406627,180,2021-06,streetview
data/images/kyiv/50.4577_30.406627_h270.jpg,kyiv,50.4577,30.406627,270,2021-06,streetview
data/images/kyiv/50.440452_30.560591_h0.jpg,kyiv,50.440452,30.560591,0,2021-04,streetview
data/images/kyiv/50.440452_30.560591_h90.jpg,kyiv,50.440452,30.560591,90,2021-04,streetview
data/images/kyiv/50.440452_30.560591_h180.jpg,kyiv,50.440452,30.560591,180,2021-04,streetview
data/images/kyiv/50.440452_30.560591_h270.jpg,kyiv,50.440452,30.560591,270,2021-04,streetview
data/images/kyiv/50.412425_30.401392_h0.jpg,kyiv,50.412425,30.401392,0,2018-06,streetview
data/images/kyiv/50.412425_30.401392_h90.jpg,kyiv,50.412425,30.401392,90,2018-06,streetview
data/images/kyiv/50.412425_30.401392_h180.jpg,kyiv,50.412425,30.401392,180,2018-06,streetview
data/images/kyiv/50.412425_30.401392_h270.jpg,kyiv,50.412425,30.401392,270,2018-06,streetview
data/images/kyiv/50.440452_30.602906_h0.jpg,kyiv,50.440452,30.602906,0,2019-07,streetview
data/images/kyiv/50.440452_30.602906_h90.jpg,kyiv,50.440452,30.602906,90,2019-07,streetview
data/images/kyiv/50.440452_30.602906_h180.jpg,kyiv,50.440452,30.602906,180,2019-07,streetview
data/images/kyiv/50.440452_30.602906_h270.jpg,kyiv,50.440452,30.602906,270,2019-07,streetview
data/images/kyiv/50.451232_30.474323_h0.jpg,kyiv,50.451232,30.474323,0,2018-10,streetview
data/images/kyiv/50.451232_30.474323_h90.jpg,kyiv,50.451232,30.474323,90,2018-10,streetview
data/images/kyiv/50.451232_30.474323_h180.jpg,kyiv,50.451232,30.474323,180,2018-10,streetview
data/images/kyiv/50.451232_30.474323_h270.jpg,kyiv,50.451232,30.474323,270,2018-10,streetview
data/images/kyiv/50.453388_30.435394_h0.jpg,kyiv,50.453388,30.435394,0,2021-06,streetview
data/images/kyiv/50.453388_30.435394_h90.jpg,kyiv,50.453388,30.435394,90,2021-06,streetview
data/images/kyiv/50.453388_30.435394_h180.jpg,kyiv,50.453388,30.435394,180,2021-06,streetview
data/images/kyiv/50.453388_30.435394_h270.jpg,kyiv,50.453388,30.435394,270,2021-06,streetview
data/images/kyiv/50.573043_30.568285_h0.jpg,kyiv,50.573043,30.568285,0,2020-11,streetview
data/images/kyiv/50.573043_30.568285_h90.jpg,kyiv,50.573043,30.568285,90,2020-11,streetview
data/images/kyiv/50.573043_30.568285_h180.jpg,kyiv,50.573043,30.568285,180,2020-11,streetview
data/images/kyiv/50.573043_30.568285_h270.jpg,kyiv,50.573043,30.568285,270,2020-11,streetview
data/images/kyiv/50.47387_30.357565_h0.jpg,kyiv,50.47387,30.357565,0,2020-09,streetview
data/images/kyiv/50.47387_30.357565_h90.jpg,kyiv,50.47387,30.357565,90,2020-09,streetview
data/images/kyiv/50.47387_30.357565_h180.jpg,kyiv,50.47387,30.357565,180,2020-09,streetview
data/images/kyiv/50.47387_30.357565_h270.jpg,kyiv,50.47387,30.357565,270,2020-09,streetview
data/images/kyiv/50.516989_30.494995_h0.jpg,kyiv,50.516989,30.494995,0,2021-10,streetview
data/images/kyiv/50.516989_30.494995_h90.jpg,kyiv,50.516989,30.494995,90,2021-10,streetview
data/images/kyiv/50.516989_30.494995_h180.jpg,kyiv,50.516989,30.494995,180,2021-10,streetview
data/images/kyiv/50.516989_30.494995_h270.jpg,kyiv,50.516989,30.494995,270,2021-10,streetview
data/images/kyiv/50.486805_30.488054_h0.jpg,kyiv,50.486805,30.488054,0,2019-03,streetview
data/images/kyiv/50.486805_30.488054_h90.jpg,kyiv,50.486805,30.488054,90,2019-03,streetview
data/images/kyiv/50.486805_30.488054_h180.jpg,kyiv,50.486805,30.488054,180,2019-03,streetview
data/images/kyiv/50.486805_30.488054_h270.jpg,kyiv,50.486805,30.488054,270,2019-03,streetview
data/images/kyiv/50.491117_30.464355_h0.jpg,kyiv,50.491117,30.464355,0,2019-03,streetview
data/images/kyiv/50.491117_30.464355_h90.jpg,kyiv,50.491117,30.464355,90,2019-03,streetview
data/images/kyiv/50.491117_30.464355_h180.jpg,kyiv,50.491117,30.464355,180,2019-03,streetview
data/images/kyiv/50.491117_30.464355_h270.jpg,kyiv,50.491117,30.464355,270,2019-03,streetview
data/images/kyiv/50.408113_30.543457_h0.jpg,kyiv,50.408113,30.543457,0,2018-11,streetview
data/images/kyiv/50.408113_30.543457_h90.jpg,kyiv,50.408113,30.543457,90,2018-11,streetview
data/images/kyiv/50.408113_30.543457_h180.jpg,kyiv,50.408113,30.543457,180,2018-11,streetview
data/images/kyiv/50.408113_30.543457_h270.jpg,kyiv,50.408113,30.543457,270,2018-11,streetview
data/images/kyiv/50.535314_30.800372_h0.jpg,kyiv,50.535314,30.800372,0,2019-03,streetview
data/images/kyiv/50.535314_30.800372_h90.jpg,kyiv,50.535314,30.800372,90,2019-03,streetview
data/images/kyiv/50.535314_30.800372_h180.jpg,kyiv,50.535314,30.800372,180,2019-03,streetview
data/images/kyiv/50.535314_30.800372_h270.jpg,kyiv,50.535314,30.800372,270,2019-03,streetview
data/images/kyiv/50.28738_30.439769_h0.jpg,kyiv,50.28738,30.439769,0,2020-07,streetview
data/images/kyiv/50.28738_30.439769_h90.jpg,kyiv,50.28738,30.439769,90,2020-07,streetview
data/images/kyiv/50.28738_30.439769_h180.jpg,kyiv,50.28738,30.439769,180,2020-07,streetview
data/images/kyiv/50.28738_30.439769_h270.jpg,kyiv,50.28738,30.439769,270,2020-07,streetview
data/images/kyiv/50.327265_30.642564_h0.jpg,kyiv,50.327265,30.642564,0,2020-05,streetview
data/images/kyiv/50.327265_30.642564_h90.jpg,kyiv,50.327265,30.642564,90,2020-05,streetview
data/images/kyiv/50.327265_30.642564_h180.jpg,kyiv,50.327265,30.642564,180,2020-05,streetview
data/images/kyiv/50.327265_30.642564_h270.jpg,kyiv,50.327265,30.642564,270,2020-05,streetview
data/images/kyiv/50.567653_30.704019_h0.jpg,kyiv,50.567653,30.704019,0,2025-07,streetview
data/images/kyiv/50.567653_30.704019_h90.jpg,kyiv,50.567653,30.704019,90,2025-07,streetview
data/images/kyiv/50.567653_30.704019_h180.jpg,kyiv,50.567653,30.704019,180,2025-07,streetview
data/images/kyiv/50.567653_30.704019_h270.jpg,kyiv,50.567653,30.704019,270,2025-07,streetview
data/images/kyiv/50.44692_30.530164_h0.jpg,kyiv,50.44692,30.530164,0,2021-05,streetview
data/images/kyiv/50.44692_30.530164_h90.jpg,kyiv,50.44692,30.530164,90,2021-05,streetview
data/images/kyiv/50.44692_30.530164_h180.jpg,kyiv,50.44692,30.530164,180,2021-05,streetview
data/images/kyiv/50.44692_30.530164_h270.jpg,kyiv,50.44692,30.530164,270,2021-05,streetview
data/images/kyiv/50.546094_30.634255_h0.jpg,kyiv,50.546094,30.634255,0,2020-06,streetview
data/images/kyiv/50.546094_30.634255_h90.jpg,kyiv,50.546094,30.634255,90,2020-06,streetview
data/images/kyiv/50.546094_30.634255_h180.jpg,kyiv,50.546094,30.634255,180,2020-06,streetview
data/images/kyiv/50.546094_30.634255_h270.jpg,kyiv,50.546094,30.634255,270,2020-06,streetview
data/images/kyiv/50.480337_30.535452_h0.jpg,kyiv,50.480337,30.535452,0,2019-09,streetview
data/images/kyiv/50.480337_30.535452_h90.jpg,kyiv,50.480337,30.535452,90,2019-09,streetview
data/images/kyiv/50.480337_30.535452_h180.jpg,kyiv,50.480337,30.535452,180,2019-09,streetview
data/images/kyiv/50.480337_30.535452_h270.jpg,kyiv,50.480337,30.535452,270,2019-09,streetview
data/images/kyiv/50.43614_30.645183_h0.jpg,kyiv,50.43614,30.645183,0,2019-03,streetview
data/images/kyiv/50.43614_30.645183_h90.jpg,kyiv,50.43614,30.645183,90,2019-03,streetview
data/images/kyiv/50.43614_30.645183_h180.jpg,kyiv,50.43614,30.645183,180,2019-03,streetview
data/images/kyiv/50.43614_30.645183_h270.jpg,kyiv,50.43614,30.645183,270,2019-03,streetview
data/images/kyiv/50.46309_30.487929_h0.jpg,kyiv,50.46309,30.487929,0,2018-05,streetview
data/images/kyiv/50.46309_30.487929_h90.jpg,kyiv,50.46309,30.487929,90,2018-05,streetview
data/images/kyiv/50.46309_30.487929_h180.jpg,kyiv,50.46309,30.487929,180,2018-05,streetview
data/images/kyiv/50.46309_30.487929_h270.jpg,kyiv,50.46309,30.487929,270,2018-05,streetview
data/images/kyiv/50.416737_30.557047_h0.jpg,kyiv,50.416737,30.557047,0,2018-07,streetview
data/images/kyiv/50.416737_30.557047_h90.jpg,kyiv,50.416737,30.557047,90,2018-07,streetview
data/images/kyiv/50.416737_30.557047_h180.jpg,kyiv,50.416737,30.557047,180,2018-07,streetview
data/images/kyiv/50.416737_30.557047_h270.jpg,kyiv,50.416737,30.557047,270,2018-07,streetview
data/images/kyiv/50.329421_30.791181_h0.jpg,kyiv,50.329421,30.791181,0,2020-08,streetview
data/images/kyiv/50.329421_30.791181_h90.jpg,kyiv,50.329421,30.791181,90,2020-08,streetview
data/images/kyiv/50.329421_30.791181_h180.jpg,kyiv,50.329421,30.791181,180,2020-08,streetview
data/images/kyiv/50.329421_30.791181_h270.jpg,kyiv,50.329421,30.791181,270,2020-08,streetview
data/images/kyiv/50.431829_30.480996_h0.jpg,kyiv,50.431829,30.480996,0,2025-05,streetview
data/images/kyiv/50.431829_30.480996_h90.jpg,kyiv,50.431829,30.480996,90,2025-05,streetview
data/images/kyiv/50.431829_30.480996_h180.jpg,kyiv,50.431829,30.480996,180,2025-05,streetview
data/images/kyiv/50.431829_30.480996_h270.jpg,kyiv,50.431829,30.480996,270,2025-05,streetview
data/images/kyiv/50.3941_30.626223_h0.jpg,kyiv,50.3941,30.626223,0,2020-12,streetview
data/images/kyiv/50.3941_30.626223_h90.jpg,kyiv,50.3941,30.626223,90,2020-12,streetview
data/images/kyiv/50.3941_30.626223_h180.jpg,kyiv,50.3941,30.626223,180,2020-12,streetview
data/images/kyiv/50.3941_30.626223_h270.jpg,kyiv,50.3941,30.626223,270,2020-12,streetview
data/images/kyiv/50.399489_30.323556_h0.jpg,kyiv,50.399489,30.323556,0,2025-07,streetview
data/images/kyiv/50.399489_30.323556_h90.jpg,kyiv,50.399489,30.323556,90,2025-07,streetview
data/images/kyiv/50.399489_30.323556_h180.jpg,kyiv,50.399489,30.323556,180,2025-07,streetview
data/images/kyiv/50.399489_30.323556_h270.jpg,kyiv,50.399489,30.323556,270,2025-07,streetview
data/images/kyiv/50.454466_30.587776_h0.jpg,kyiv,50.454466,30.587776,0,2022-01,streetview
data/images/kyiv/50.454466_30.587776_h90.jpg,kyiv,50.454466,30.587776,90,2022-01,streetview
data/images/kyiv/50.454466_30.587776_h180.jpg,kyiv,50.454466,30.587776,180,2022-01,streetview
data/images/kyiv/50.454466_30.587776_h270.jpg,kyiv,50.454466,30.587776,270,2022-01,streetview
data/images/kyiv/50.493273_30.560951_h0.jpg,kyiv,50.493273,30.560951,0,2021-03,streetview
data/images/kyiv/50.493273_30.560951_h90.jpg,kyiv,50.493273,30.560951,90,2021-03,streetview
data/images/kyiv/50.493273_30.560951_h180.jpg,kyiv,50.493273,30.560951,180,2021-03,streetview
data/images/kyiv/50.493273_30.560951_h270.jpg,kyiv,50.493273,30.560951,270,2021-03,streetview
data/images/kyiv/50.531002_30.581558_h0.jpg,kyiv,50.531002,30.581558,0,2021-03,streetview
data/images/kyiv/50.531002_30.581558_h90.jpg,kyiv,50.531002,30.581558,90,2021-03,streetview
data/images/kyiv/50.531002_30.581558_h180.jpg,kyiv,50.531002,30.581558,180,2021-03,streetview
data/images/kyiv/50.531002_30.581558_h270.jpg,kyiv,50.531002,30.581558,270,2021-03,streetview
data/images/kyiv/50.430751_30.350688_h0.jpg,kyiv,50.430751,30.350688,0,2020-05,streetview
data/images/kyiv/50.430751_30.350688_h90.jpg,kyiv,50.430751,30.350688,90,2020-05,streetview
data/images/kyiv/50.430751_30.350688_h180.jpg,kyiv,50.430751,30.350688,180,2020-05,streetview
data/images/kyiv/50.430751_30.350688_h270.jpg,kyiv,50.430751,30.350688,270,2020-05,streetview
data/images/kyiv/50.443686_30.494598_h0.jpg,kyiv,50.443686,30.494598,0,2019-04,streetview
data/images/kyiv/50.443686_30.494598_h90.jpg,kyiv,50.443686,30.494598,90,2019-04,streetview
data/images/kyiv/50.443686_30.494598_h180.jpg,kyiv,50.443686,30.494598,180,2019-04,streetview
data/images/kyiv/50.443686_30.494598_h270.jpg,kyiv,50.443686,30.494598,270,2019-04,streetview
data/images/kyiv/50.38871_30.364115_h0.jpg,kyiv,50.38871,30.364115,0,2018-11,streetview
data/images/kyiv/50.38871_30.364115_h90.jpg,kyiv,50.38871,30.364115,90,2018-11,streetview
data/images/kyiv/50.38871_30.364115_h180.jpg,kyiv,50.38871,30.364115,180,2018-11,streetview
data/images/kyiv/50.38871_30.364115_h270.jpg,kyiv,50.38871,30.364115,270,2018-11,streetview
data/images/kyiv/50.451232_30.40999_h0.jpg,kyiv,50.451232,30.40999,0,2018-07,streetview
data/images/kyiv/50.451232_30.40999_h90.jpg,kyiv,50.451232,30.40999,90,2018-07,streetview
data/images/kyiv/50.451232_30.40999_h180.jpg,kyiv,50.451232,30.40999,180,2018-07,streetview
data/images/kyiv/50.451232_30.40999_h270.jpg,kyiv,50.451232,30.40999,270,2018-07,streetview
data/images/kyiv/50.488961_30.337271_h0.jpg,kyiv,50.488961,30.337271,0,2019-07,streetview
data/images/kyiv/50.488961_30.337271_h90.jpg,kyiv,50.488961,30.337271,90,2019-07,streetview
data/images/kyiv/50.488961_30.337271_h180.jpg,kyiv,50.488961,30.337271,180,2019-07,streetview
data/images/kyiv/50.488961_30.337271_h270.jpg,kyiv,50.488961,30.337271,270,2019-07,streetview
data/images/kyiv/50.317563_30.298087_h0.jpg,kyiv,50.317563,30.298087,0,2020-12,streetview
data/images/kyiv/50.317563_30.298087_h90.jpg,kyiv,50.317563,30.298087,90,2020-12,streetview
data/images/kyiv/50.317563_30.298087_h180.jpg,kyiv,50.317563,30.298087,180,2020-12,streetview
data/images/kyiv/50.317563_30.298087_h270.jpg,kyiv,50.317563,30.298087,270,2020-12,streetview
data/images/kyiv/50.444764_30.496296_h0.jpg,kyiv,50.444764,30.496296,0,2018-01,streetview
data/images/kyiv/50.444764_30.496296_h90.jpg,kyiv,50.444764,30.496296,90,2018-01,streetview
data/images/kyiv/50.444764_30.496296_h180.jpg,kyiv,50.444764,30.496296,180,2018-01,streetview
data/images/kyiv/50.444764_30.496296_h270.jpg,kyiv,50.444764,30.496296,270,2018-01,streetview
data/images/kyiv/50.509443_30.442407_h0.jpg,kyiv,50.509443,30.442407,0,2019-04,streetview
data/images/kyiv/50.509443_30.442407_h90.jpg,kyiv,50.509443,30.442407,90,2019-04,streetview
data/images/kyiv/50.509443_30.442407_h180.jpg,kyiv,50.509443,30.442407,180,2019-04,streetview
data/images/kyiv/50.509443_30.442407_h270.jpg,kyiv,50.509443,30.442407,270,2019-04,streetview
data/images/kyiv/50.471714_30.43547_h0.jpg,kyiv,50.471714,30.43547,0,2019-04,streetview
data/images/kyiv/50.471714_30.43547_h90.jpg,kyiv,50.471714,30.43547,90,2019-04,streetview
data/images/kyiv/50.471714_30.43547_h180.jpg,kyiv,50.471714,30.43547,180,2019-04,streetview
data/images/kyiv/50.471714_30.43547_h270.jpg,kyiv,50.471714,30.43547,270,2019-04,streetview
data/images/kyiv/50.492195_30.328805_h0.jpg,kyiv,50.492195,30.328805,0,2018-07,streetview
data/images/kyiv/50.492195_30.328805_h90.jpg,kyiv,50.492195,30.328805,90,2018-07,streetview
data/images/kyiv/50.492195_30.328805_h180.jpg,kyiv,50.492195,30.328805,180,2018-07,streetview
data/images/kyiv/50.492195_30.328805_h270.jpg,kyiv,50.492195,30.328805,270,2018-07,streetview
data/images/kyiv/50.409191_30.450434_h0.jpg,kyiv,50.409191,30.450434,0,2019-03,streetview
data/images/kyiv/50.409191_30.450434_h90.jpg,kyiv,50.409191,30.450434,90,2019-03,streetview
data/images/kyiv/50.409191_30.450434_h180.jpg,kyiv,50.409191,30.450434,180,2019-03,streetview
data/images/kyiv/50.409191_30.450434_h270.jpg,kyiv,50.409191,30.450434,270,2019-03,streetview
data/images/kyiv/50.509443_30.774638_h0.jpg,kyiv,50.509443,30.774638,0,2020-09,streetview
data/images/kyiv/50.509443_30.774638_h90.jpg,kyiv,50.509443,30.774638,90,2020-09,streetview
data/images/kyiv/50.509443_30.774638_h180.jpg,kyiv,50.509443,30.774638,180,2020-09,streetview
data/images/kyiv/50.509443_30.774638_h270.jpg,kyiv,50.509443,30.774638,270,2020-09,streetview
data/images/kyiv/50.449076_30.596201_h0.jpg,kyiv,50.449076,30.596201,0,2020-06,streetview
data/images/kyiv/50.449076_30.596201_h90.jpg,kyiv,50.449076,30.596201,90,2020-06,streetview
data/images/kyiv/50.449076_30.596201_h180.jpg,kyiv,50.449076,30.596201,180,2020-06,streetview
data/images/kyiv/50.449076_30.596201_h270.jpg,kyiv,50.449076,30.596201,270,2020-06,streetview
data/images/kyiv/50.465246_30.471006_h0.jpg,kyiv,50.465246,30.471006,0,2021-11,streetview
data/images/kyiv/50.465246_30.471006_h90.jpg,kyiv,50.465246,30.471006,90,2021-11,streetview
data/images/kyiv/50.465246_30.471006_h180.jpg,kyiv,50.465246,30.471006,180,2021-11,streetview
data/images/kyiv/50.465246_30.471006_h270.jpg,kyiv,50.465246,30.471006,270,2021-11,streetview
data/images/kyiv/50.36715_30.387717_h0.jpg,kyiv,50.36715,30.387717,0,2021-07,streetview
data/images/kyiv/50.36715_30.387717_h90.jpg,kyiv,50.36715,30.387717,90,2021-07,streetview
data/images/kyiv/50.36715_30.387717_h180.jpg,kyiv,50.36715,30.387717,180,2021-07,streetview
data/images/kyiv/50.36715_30.387717_h270.jpg,kyiv,50.36715,30.387717,270,2021-07,streetview
data/images/kyiv/50.236715_30.500228_h0.jpg,kyiv,50.236715,30.500228,0,2020-09,streetview
data/images/kyiv/50.236715_30.500228_h90.jpg,kyiv,50.236715,30.500228,90,2020-09,streetview
data/images/kyiv/50.236715_30.500228_h180.jpg,kyiv,50.236715,30.500228,180,2020-09,streetview
data/images/kyiv/50.236715_30.500228_h270.jpg,kyiv,50.236715,30.500228,270,2020-09,streetview
data/images/kyiv/50.575199_30.493613_h0.jpg,kyiv,50.575199,30.493613,0,2024-07,streetview
data/images/kyiv/50.575199_30.493613_h90.jpg,kyiv,50.575199,30.493613,90,2024-07,streetview
data/images/kyiv/50.575199_30.493613_h180.jpg,kyiv,50.575199,30.493613,180,2024-07,streetview
data/images/kyiv/50.575199_30.493613_h270.jpg,kyiv,50.575199,30.493613,270,2024-07,streetview
data/images/kyiv/50.488961_30.505009_h0.jpg,kyiv,50.488961,30.505009,0,2019-03,streetview
data/images/kyiv/50.488961_30.505009_h90.jpg,kyiv,50.488961,30.505009,90,2019-03,streetview
data/images/kyiv/50.488961_30.505009_h180.jpg,kyiv,50.488961,30.505009,180,2019-03,streetview
data/images/kyiv/50.488961_30.505009_h270.jpg,kyiv,50.488961,30.505009,270,2019-03,streetview
data/images/kyiv/50.465246_30.354156_h0.jpg,kyiv,50.465246,30.354156,0,2019-04,streetview
data/images/kyiv/50.465246_30.354156_h90.jpg,kyiv,50.465246,30.354156,90,2019-04,streetview
data/images/kyiv/50.465246_30.354156_h180.jpg,kyiv,50.465246,30.354156,180,2019-04,streetview
data/images/kyiv/50.465246_30.354156_h270.jpg,kyiv,50.465246,30.354156,270,2019-04,streetview
data/images/kyiv/50.279834_30.451545_h0.jpg,kyiv,50.279834,30.451545,0,2023-04,streetview
data/images/kyiv/50.279834_30.451545_h90.jpg,kyiv,50.279834,30.451545,90,2023-04,streetview
data/images/kyiv/50.279834_30.451545_h180.jpg,kyiv,50.279834,30.451545,180,2023-04,streetview
data/images/kyiv/50.279834_30.451545_h270.jpg,kyiv,50.279834,30.451545,270,2023-04,streetview
data/images/kyiv/50.407035_30.423362_h0.jpg,kyiv,50.407035,30.423362,0,2020-10,streetview
data/images/kyiv/50.407035_30.423362_h90.jpg,kyiv,50.407035,30.423362,90,2020-10,streetview
data/images/kyiv/50.407035_30.423362_h180.jpg,kyiv,50.407035,30.423362,180,2020-10,streetview
data/images/kyiv/50.407035_30.423362_h270.jpg,kyiv,50.407035,30.423362,270,2020-10,streetview
data/images/kyiv/50.329421_30.635827_h0.jpg,kyiv,50.329421,30.635827,0,2019-11,streetview
data/images/kyiv/50.329421_30.635827_h90.jpg,kyiv,50.329421,30.635827,90,2019-11,streetview
data/images/kyiv/50.329421_30.635827_h180.jpg,kyiv,50.329421,30.635827,180,2019-11,streetview
data/images/kyiv/50.329421_30.635827_h270.jpg,kyiv,50.329421,30.635827,270,2019-11,streetview
data/images/kyiv/50.500819_30.388138_h0.jpg,kyiv,50.500819,30.388138,0,2019-09,streetview
data/images/kyiv/50.500819_30.388138_h90.jpg,kyiv,50.500819,30.388138,90,2019-09,streetview
data/images/kyiv/50.500819_30.388138_h180.jpg,kyiv,50.500819,30.388138,180,2019-09,streetview
data/images/kyiv/50.500819_30.388138_h270.jpg,kyiv,50.500819,30.388138,270,2019-09,streetview
data/images/kyiv/50.238871_30.737884_h0.jpg,kyiv,50.238871,30.737884,0,2019-11,streetview
data/images/kyiv/50.238871_30.737884_h90.jpg,kyiv,50.238871,30.737884,90,2019-11,streetview
data/images/kyiv/50.238871_30.737884_h180.jpg,kyiv,50.238871,30.737884,180,2019-11,streetview
data/images/kyiv/50.238871_30.737884_h270.jpg,kyiv,50.238871,30.737884,270,2019-11,streetview
data/images/kyiv/50.328343_30.772594_h0.jpg,kyiv,50.328343,30.772594,0,2020-08,streetview
data/images/kyiv/50.328343_30.772594_h90.jpg,kyiv,50.328343,30.772594,90,2020-08,streetview
data/images/kyiv/50.328343_30.772594_h180.jpg,kyiv,50.328343,30.772594,180,2020-08,streetview
data/images/kyiv/50.328343_30.772594_h270.jpg,kyiv,50.328343,30.772594,270,2020-08,streetview
data/images/kyiv/50.258275_30.542499_h0.jpg,kyiv,50.258275,30.542499,0,2020-10,streetview
data/images/kyiv/50.258275_30.542499_h90.jpg,kyiv,50.258275,30.542499,90,2020-10,streetview
data/images/kyiv/50.258275_30.542499_h180.jpg,kyiv,50.258275,30.542499,180,2020-10,streetview
data/images/kyiv/50.258275_30.542499_h270.jpg,kyiv,50.258275,30.542499,270,2020-10,streetview
data/images/kyiv/50.508365_30.501728_h0.jpg,kyiv,50.508365,30.501728,0,2023-08,streetview
data/images/kyiv/50.508365_30.501728_h90.jpg,kyiv,50.508365,30.501728,90,2023-08,streetview
data/images/kyiv/50.508365_30.501728_h180.jpg,kyiv,50.508365,30.501728,180,2023-08,streetview
data/images/kyiv/50.508365_30.501728_h270.jpg,kyiv,50.508365,30.501728,270,2023-08,streetview
data/images/kyiv/50.428595_30.641734_h0.jpg,kyiv,50.428595,30.641734,0,2020-07,streetview
data/images/kyiv/50.428595_30.641734_h90.jpg,kyiv,50.428595,30.641734,90,2020-07,streetview
data/images/kyiv/50.428595_30.641734_h180.jpg,kyiv,50.428595,30.641734,180,2020-07,streetview
data/images/kyiv/50.428595_30.641734_h270.jpg,kyiv,50.428595,30.641734,270,2020-07,streetview
data/images/kyiv/50.228092_30.383913_h0.jpg,kyiv,50.228092,30.383913,0,2021-12,streetview
data/images/kyiv/50.228092_30.383913_h90.jpg,kyiv,50.228092,30.383913,90,2021-12,streetview
data/images/kyiv/50.228092_30.383913_h180.jpg,kyiv,50.228092,30.383913,180,2021-12,streetview
data/images/kyiv/50.228092_30.383913_h270.jpg,kyiv,50.228092,30.383913,270,2021-12,streetview
data/images/kyiv/50.433985_30.320233_h0.jpg,kyiv,50.433985,30.320233,0,2020-09,streetview
data/images/kyiv/50.433985_30.320233_h90.jpg,kyiv,50.433985,30.320233,90,2020-09,streetview
data/images/kyiv/50.433985_30.320233_h180.jpg,kyiv,50.433985,30.320233,180,2020-09,streetview
data/images/kyiv/50.433985_30.320233_h270.jpg,kyiv,50.433985,30.320233,270,2020-09,streetview
data/images/kyiv/50.373618_30.703805_h0.jpg,kyiv,50.373618,30.703805,0,2021-04,streetview
data/images/kyiv/50.373618_30.703805_h90.jpg,kyiv,50.373618,30.703805,90,2021-04,streetview
data/images/kyiv/50.373618_30.703805_h180.jpg,kyiv,50.373618,30.703805,180,2021-04,streetview
data/images/kyiv/50.373618_30.703805_h270.jpg,kyiv,50.373618,30.703805,270,2021-04,streetview
data/images/kyiv/50.36176_30.46881_h0.jpg,kyiv,50.36176,30.46881,0,2021-10,streetview
data/images/kyiv/50.36176_30.46881_h90.jpg,kyiv,50.36176,30.46881,90,2021-10,streetview
data/images/kyiv/50.36176_30.46881_h180.jpg,kyiv,50.36176,30.46881,180,2021-10,streetview
data/images/kyiv/50.36176_30.46881_h270.jpg,kyiv,50.36176,30.46881,270,2021-10,streetview
data/images/kyiv/50.440452_30.310089_h0.jpg,kyiv,50.440452,30.310089,0,2020-06,streetview
data/images/kyiv/50.440452_30.310089_h90.jpg,kyiv,50.440452,30.310089,90,2020-06,streetview
data/images/kyiv/50.440452_30.310089_h180.jpg,kyiv,50.440452,30.310089,180,2020-06,streetview
data/images/kyiv/50.440452_30.310089_h270.jpg,kyiv,50.440452,30.310089,270,2020-06,streetview
data/images/kyiv/50.415659_30.629783_h0.jpg,kyiv,50.415659,30.629783,0,2018-10,streetview
data/images/kyiv/50.415659_30.629783_h90.jpg,kyiv,50.415659,30.629783,90,2018-10,streetview
data/images/kyiv/50.415659_30.629783_h180.jpg,kyiv,50.415659,30.629783,180,2018-10,streetview
data/images/kyiv/50.415659_30.629783_h270.jpg,kyiv,50.415659,30.629783,270,2018-10,streetview
data/images/kyiv/50.366072_30.71725_h0.jpg,kyiv,50.366072,30.71725,0,2020-08,streetview
data/images/kyiv/50.366072_30.71725_h90.jpg,kyiv,50.366072,30.71725,90,2020-08,streetview
data/images/kyiv/50.366072_30.71725_h180.jpg,kyiv,50.366072,30.71725,180,2020-08,streetview
data/images/kyiv/50.366072_30.71725_h270.jpg,kyiv,50.366072,30.71725,270,2020-08,streetview
data/images/kyiv/50.387632_30.639696_h0.jpg,kyiv,50.387632,30.639696,0,2020-10,streetview
data/images/kyiv/50.387632_30.639696_h90.jpg,kyiv,50.387632,30.639696,90,2020-10,streetview
data/images/kyiv/50.387632_30.639696_h180.jpg,kyiv,50.387632,30.639696,180,2020-10,streetview
data/images/kyiv/50.387632_30.639696_h270.jpg,kyiv,50.387632,30.639696,270,2020-10,streetview
data/images/kyiv/50.550406_30.530803_h0.jpg,kyiv,50.550406,30.530803,0,2019-09,streetview
data/images/kyiv/50.550406_30.530803_h90.jpg,kyiv,50.550406,30.530803,90,2019-09,streetview
data/images/kyiv/50.550406_30.530803_h180.jpg,kyiv,50.550406,30.530803,180,2019-09,streetview
data/images/kyiv/50.550406_30.530803_h270.jpg,kyiv,50.550406,30.530803,270,2019-09,streetview
data/images/kyiv/50.418893_30.5283_h0.jpg,kyiv,50.418893,30.5283,0,2021-07,streetview
data/images/kyiv/50.418893_30.5283_h90.jpg,kyiv,50.418893,30.5283,90,2021-07,streetview
data/images/kyiv/50.418893_30.5283_h180.jpg,kyiv,50.418893,30.5283,180,2021-07,streetview
data/images/kyiv/50.418893_30.5283_h270.jpg,kyiv,50.418893,30.5283,270,2021-07,streetview
data/images/kyiv/50.432907_30.328693_h0.jpg,kyiv,50.432907,30.328693,0,2019-08,streetview
data/images/kyiv/50.432907_30.328693_h90.jpg,kyiv,50.432907,30.328693,90,2019-08,streetview
data/images/kyiv/50.432907_30.328693_h180.jpg,kyiv,50.432907,30.328693,180,2019-08,streetview
data/images/kyiv/50.432907_30.328693_h270.jpg,kyiv,50.432907,30.328693,270,2019-08,streetview
data/images/kyiv/50.501897_30.247474_h0.jpg,kyiv,50.501897,30.247474,0,2018-05,streetview
data/images/kyiv/50.501897_30.247474_h90.jpg,kyiv,50.501897,30.247474,90,2018-05,streetview
data/images/kyiv/50.501897_30.247474_h180.jpg,kyiv,50.501897,30.247474,180,2018-05,streetview
data/images/kyiv/50.501897_30.247474_h270.jpg,kyiv,50.501897,30.247474,270,2018-05,streetview
data/images/kyiv/50.509443_30.430541_h0.jpg,kyiv,50.509443,30.430541,0,2019-09,streetview
data/images/kyiv/50.509443_30.430541_h90.jpg,kyiv,50.509443,30.430541,90,2019-09,streetview
data/images/kyiv/50.509443_30.430541_h180.jpg,kyiv,50.509443,30.430541,180,2019-09,streetview
data/images/kyiv/50.509443_30.430541_h270.jpg,kyiv,50.509443,30.430541,270,2019-09,streetview
data/images/kyiv/50.408113_30.4166_h0.jpg,kyiv,50.408113,30.4166,0,2020-05,streetview
data/images/kyiv/50.408113_30.4166_h90.jpg,kyiv,50.408113,30.4166,90,2020-05,streetview
data/images/kyiv/50.408113_30.4166_h180.jpg,kyiv,50.408113,30.4166,180,2020-05,streetview
data/images/kyiv/50.408113_30.4166_h270.jpg,kyiv,50.408113,30.4166,270,2020-05,streetview
data/images/kyiv/50.398411_30.381051_h0.jpg,kyiv,50.398411,30.381051,0,2024-02,streetview
data/images/kyiv/50.398411_30.381051_h90.jpg,kyiv,50.398411,30.381051,90,2024-02,streetview
data/images/kyiv/50.398411_30.381051_h180.jpg,kyiv,50.398411,30.381051,180,2024-02,streetview
data/images/kyiv/50.398411_30.381051_h270.jpg,kyiv,50.398411,30.381051,270,2024-02,streetview
data/images/kyiv/50.487883_30.521945_h0.jpg,kyiv,50.487883,30.521945,0,2023-12,streetview
data/images/kyiv/50.487883_30.521945_h90.jpg,kyiv,50.487883,30.521945,90,2023-12,streetview
data/images/kyiv/50.487883_30.521945_h180.jpg,kyiv,50.487883,30.521945,180,2023-12,streetview
data/images/kyiv/50.487883_30.521945_h270.jpg,kyiv,50.487883,30.521945,270,2023-12,streetview
data/images/kyiv/50.384398_30.453704_h0.jpg,kyiv,50.384398,30.453704,0,2019-09,streetview
data/images/kyiv/50.384398_30.453704_h90.jpg,kyiv,50.384398,30.453704,90,2019-09,streetview
data/images/kyiv/50.384398_30.453704_h180.jpg,kyiv,50.384398,30.453704,180,2019-09,streetview
data/images/kyiv/50.384398_30.453704_h270.jpg,kyiv,50.384398,30.453704,270,2019-09,streetview
data/images/kyiv/50.454466_30.342278_h0.jpg,kyiv,50.454466,30.342278,0,2020-06,streetview
data/images/kyiv/50.454466_30.342278_h90.jpg,kyiv,50.454466,30.342278,90,2020-06,streetview
data/images/kyiv/50.454466_30.342278_h180.jpg,kyiv,50.454466,30.342278,180,2020-06,streetview
data/images/kyiv/50.454466_30.342278_h270.jpg,kyiv,50.454466,30.342278,270,2020-06,streetview
data/images/kyiv/50.428595_30.611276_h0.jpg,kyiv,50.428595,30.611276,0,2020-05,streetview
data/images/kyiv/50.428595_30.611276_h90.jpg,kyiv,50.428595,30.611276,90,2020-05,streetview
data/images/kyiv/50.428595_30.611276_h180.jpg,kyiv,50.428595,30.611276,180,2020-05,streetview
data/images/kyiv/50.428595_30.611276_h270.jpg,kyiv,50.428595,30.611276,270,2020-05,streetview
data/images/kyiv/50.243183_30.810408_h0.jpg,kyiv,50.243183,30.810408,0,2021-08,streetview
data/images/kyiv/50.243183_30.810408_h90.jpg,kyiv,50.243183,30.810408,90,2021-08,streetview
data/images/kyiv/50.243183_30.810408_h180.jpg,kyiv,50.243183,30.810408,180,2021-08,streetview
data/images/kyiv/50.243183_30.810408_h270.jpg,kyiv,50.243183,30.810408,270,2021-08,streetview
data/images/kyiv/50.456622_30.511599_h0.jpg,kyiv,50.456622,30.511599,0,2019-03,streetview
data/images/kyiv/50.456622_30.511599_h90.jpg,kyiv,50.456622,30.511599,90,2019-03,streetview
data/images/kyiv/50.456622_30.511599_h180.jpg,kyiv,50.456622,30.511599,180,2019-03,streetview
data/images/kyiv/50.456622_30.511599_h270.jpg,kyiv,50.456622,30.511599,270,2019-03,streetview
data/images/kyiv/50.432907_30.619771_h0.jpg,kyiv,50.432907,30.619771,0,2020-07,streetview
data/images/kyiv/50.432907_30.619771_h90.jpg,kyiv,50.432907,30.619771,90,2020-07,streetview
data/images/kyiv/50.432907_30.619771_h180.jpg,kyiv,50.432907,30.619771,180,2020-07,streetview
data/images/kyiv/50.432907_30.619771_h270.jpg,kyiv,50.432907,30.619771,270,2020-07,streetview
data/images/kyiv/50.430751_30.541911_h0.jpg,kyiv,50.430751,30.541911,0,2018-08,streetview
data/images/kyiv/50.430751_30.541911_h90.jpg,kyiv,50.430751,30.541911,90,2018-08,streetview
data/images/kyiv/50.430751_30.541911_h180.jpg,kyiv,50.430751,30.541911,180,2018-08,streetview
data/images/kyiv/50.430751_30.541911_h270.jpg,kyiv,50.430751,30.541911,270,2018-08,streetview
data/images/kyiv/50.318641_30.649243_h0.jpg,kyiv,50.318641,30.649243,0,2019-11,streetview
data/images/kyiv/50.318641_30.649243_h90.jpg,kyiv,50.318641,30.649243,90,2019-11,streetview
data/images/kyiv/50.318641_30.649243_h180.jpg,kyiv,50.318641,30.649243,180,2019-11,streetview
data/images/kyiv/50.318641_30.649243_h270.jpg,kyiv,50.318641,30.649243,270,2019-11,streetview
data/images/kyiv/50.455544_30.514979_h0.jpg,kyiv,50.455544,30.514979,0,2021-07,streetview
data/images/kyiv/50.455544_30.514979_h90.jpg,kyiv,50.455544,30.514979,90,2021-07,streetview
data/images/kyiv/50.455544_30.514979_h180.jpg,kyiv,50.455544,30.514979,180,2021-07,streetview
data/images/kyiv/50.455544_30.514979_h270.jpg,kyiv,50.455544,30.514979,270,2021-07,streetview
data/images/kyiv/50.3941_30.501094_h0.jpg,kyiv,50.3941,30.501094,0,2025-02,streetview
data/images/kyiv/50.3941_30.501094_h90.jpg,kyiv,50.3941,30.501094,90,2025-02,streetview
data/images/kyiv/50.3941_30.501094_h180.jpg,kyiv,50.3941,30.501094,180,2025-02,streetview
data/images/kyiv/50.3941_30.501094_h270.jpg,kyiv,50.3941,30.501094,270,2025-02,streetview
data/images/kyiv/50.453388_30.491264_h0.jpg,kyiv,50.453388,30.491264,0,2025-10,streetview
data/images/kyiv/50.453388_30.491264_h90.jpg,kyiv,50.453388,30.491264,90,2025-10,streetview
data/images/kyiv/50.453388_30.491264_h180.jpg,kyiv,50.453388,30.491264,180,2025-10,streetview
data/images/kyiv/50.453388_30.491264_h270.jpg,kyiv,50.453388,30.491264,270,2025-10,streetview
data/images/kyiv/50.5213_30.5018_h0.jpg,kyiv,50.5213,30.5018,0,2018-04,streetview
data/images/kyiv/50.5213_30.5018_h90.jpg,kyiv,50.5213,30.5018,90,2018-04,streetview
data/images/kyiv/50.5213_30.5018_h180.jpg,kyiv,50.5213,30.5018,180,2018-04,streetview
data/images/kyiv/50.5213_30.5018_h270.jpg,kyiv,50.5213,30.5018,270,2018-04,streetview
data/images/kyiv/50.404879_30.340479_h0.jpg,kyiv,50.404879,30.340479,0,2019-10,streetview
data/images/kyiv/50.404879_30.340479_h90.jpg,kyiv,50.404879,30.340479,90,2019-10,streetview
data/images/kyiv/50.404879_30.340479_h180.jpg,kyiv,50.404879,30.340479,180,2019-10,streetview
data/images/kyiv/50.404879_30.340479_h270.jpg,kyiv,50.404879,30.340479,270,2019-10,streetview
data/images/kyiv/50.439374_30.503037_h0.jpg,kyiv,50.439374,30.503037,0,2018-01,streetview
data/images/kyiv/50.439374_30.503037_h90.jpg,kyiv,50.439374,30.503037,90,2018-01,streetview
data/images/kyiv/50.439374_30.503037_h180.jpg,kyiv,50.439374,30.503037,180,2018-01,streetview
data/images/kyiv/50.439374_30.503037_h270.jpg,kyiv,50.439374,30.503037,270,2018-01,streetview
data/images/kyiv/50.466324_30.462543_h0.jpg,kyiv,50.466324,30.462543,0,2025-10,streetview
data/images/kyiv/50.466324_30.462543_h90.jpg,kyiv,50.466324,30.462543,90,2025-10,streetview
data/images/kyiv/50.466324_30.462543_h180.jpg,kyiv,50.466324,30.462543,180,2025-10,streetview
data/images/kyiv/50.466324_30.462543_h270.jpg,kyiv,50.466324,30.462543,270,2025-10,streetview
data/images/kyiv/50.416737_30.624716_h0.jpg,kyiv,50.416737,30.624716,0,2021-07,streetview
data/images/kyiv/50.416737_30.624716_h90.jpg,kyiv,50.416737,30.624716,90,2021-07,streetview
data/images/kyiv/50.416737_30.624716_h180.jpg,kyiv,50.416737,30.624716,180,2021-07,streetview
data/images/kyiv/50.416737_30.624716_h270.jpg,kyiv,50.416737,30.624716,270,2021-07,streetview
data/images/kyiv/50.460934_30.63693_h0.jpg,kyiv,50.460934,30.63693,0,2019-05,streetview
data/images/kyiv/50.460934_30.63693_h90.jpg,kyiv,50.460934,30.63693,90,2019-05,streetview
data/images/kyiv/50.460934_30.63693_h180.jpg,kyiv,50.460934,30.63693,180,2019-05,streetview
data/images/kyiv/50.460934_30.63693_h270.jpg,kyiv,50.460934,30.63693,270,2019-05,streetview
data/images/kyiv/50.486805_30.41859_h0.jpg,kyiv,50.486805,30.41859,0,2024-07,streetview
data/images/kyiv/50.486805_30.41859_h90.jpg,kyiv,50.486805,30.41859,90,2024-07,streetview
data/images/kyiv/50.486805_30.41859_h180.jpg,kyiv,50.486805,30.41859,180,2024-07,streetview
data/images/kyiv/50.486805_30.41859_h270.jpg,kyiv,50.486805,30.41859,270,2024-07,streetview
data/images/kyiv/50.465246_30.349076_h0.jpg,kyiv,50.465246,30.349076,0,2019-08,streetview
data/images/kyiv/50.465246_30.349076_h90.jpg,kyiv,50.465246,30.349076,90,2019-08,streetview
data/images/kyiv/50.465246_30.349076_h180.jpg,kyiv,50.465246,30.349076,180,2019-08,streetview
data/images/kyiv/50.465246_30.349076_h270.jpg,kyiv,50.465246,30.349076,270,2019-08,streetview
data/images/kyiv/50.426439_30.367598_h0.jpg,kyiv,50.426439,30.367598,0,2020-04,streetview
data/images/kyiv/50.426439_30.367598_h90.jpg,kyiv,50.426439,30.367598,90,2020-04,streetview
data/images/kyiv/50.426439_30.367598_h180.jpg,kyiv,50.426439,30.367598,180,2020-04,streetview
data/images/kyiv/50.426439_30.367598_h270.jpg,kyiv,50.426439,30.367598,270,2020-04,streetview
data/images/kyiv/50.504053_30.584752_h0.jpg,kyiv,50.504053,30.584752,0,2021-04,streetview
data/images/kyiv/50.504053_30.584752_h90.jpg,kyiv,50.504053,30.584752,90,2021-04,streetview
data/images/kyiv/50.504053_30.584752_h180.jpg,kyiv,50.504053,30.584752,180,2021-04,streetview
data/images/kyiv/50.504053_30.584752_h270.jpg,kyiv,50.504053,30.584752,270,2021-04,streetview
data/images/kyiv/50.527768_30.615449_h0.jpg,kyiv,50.527768,30.615449,0,2018-05,streetview
data/images/kyiv/50.527768_30.615449_h90.jpg,kyiv,50.527768,30.615449,90,2018-05,streetview
data/images/kyiv/50.527768_30.615449_h180.jpg,kyiv,50.527768,30.615449,180,2018-05,streetview
data/images/kyiv/50.527768_30.615449_h270.jpg,kyiv,50.527768,30.615449,270,2018-05,streetview
data/images/kyiv/50.52669_30.584918_h0.jpg,kyiv,50.52669,30.584918,0,2020-06,streetview
data/images/kyiv/50.52669_30.584918_h90.jpg,kyiv,50.52669,30.584918,90,2020-06,streetview
data/images/kyiv/50.52669_30.584918_h180.jpg,kyiv,50.52669,30.584918,180,2020-06,streetview
data/images/kyiv/50.52669_30.584918_h270.jpg,kyiv,50.52669,30.584918,270,2020-06,streetview
data/images/kyiv/50.290614_30.677685_h0.jpg,kyiv,50.290614,30.677685,0,2019-11,streetview
data/images/kyiv/50.290614_30.677685_h90.jpg,kyiv,50.290614,30.677685,90,2019-11,streetview
data/images/kyiv/50.290614_30.677685_h180.jpg,kyiv,50.290614,30.677685,180,2019-11,streetview
data/images/kyiv/50.290614_30.677685_h270.jpg,kyiv,50.290614,30.677685,270,2019-11,streetview
data/images/kyiv/50.460934_30.423572_h0.jpg,kyiv,50.460934,30.423572,0,2019-11,streetview
data/images/kyiv/50.460934_30.423572_h90.jpg,kyiv,50.460934,30.423572,90,2019-11,streetview
data/images/kyiv/50.460934_30.423572_h180.jpg,kyiv,50.460934,30.423572,180,2019-11,streetview
data/images/kyiv/50.460934_30.423572_h270.jpg,kyiv,50.460934,30.423572,270,2019-11,streetview
data/images/kyiv/50.465246_30.437136_h0.jpg,kyiv,50.465246,30.437136,0,2024-06,streetview
data/images/kyiv/50.465246_30.437136_h90.jpg,kyiv,50.465246,30.437136,90,2024-06,streetview
data/images/kyiv/50.465246_30.437136_h180.jpg,kyiv,50.465246,30.437136,180,2024-06,streetview
data/images/kyiv/50.465246_30.437136_h270.jpg,kyiv,50.465246,30.437136,270,2024-06,streetview
data/images/kyiv/50.514833_30.595003_h0.jpg,kyiv,50.514833,30.595003,0,2019-09,streetview
data/images/kyiv/50.514833_30.595003_h90.jpg,kyiv,50.514833,30.595003,90,2019-09,streetview
data/images/kyiv/50.514833_30.595003_h180.jpg,kyiv,50.514833,30.595003,180,2019-09,streetview
data/images/kyiv/50.514833_30.595003_h270.jpg,kyiv,50.514833,30.595003,270,2019-09,streetview
data/images/kyiv/50.213_30.345124_h0.jpg,kyiv,50.213,30.345124,0,2021-12,streetview
data/images/kyiv/50.213_30.345124_h90.jpg,kyiv,50.213,30.345124,90,2021-12,streetview
data/images/kyiv/50.213_30.345124_h180.jpg,kyiv,50.213,30.345124,180,2021-12,streetview
data/images/kyiv/50.213_30.345124_h270.jpg,kyiv,50.213,30.345124,270,2021-12,streetview
data/images/kyiv/50.527768_30.593405_h0.jpg,kyiv,50.527768,30.593405,0,2021-05,streetview
data/images/kyiv/50.527768_30.593405_h90.jpg,kyiv,50.527768,30.593405,90,2021-05,streetview
data/images/kyiv/50.527768_30.593405_h180.jpg,kyiv,50.527768,30.593405,180,2021-05,streetview
data/images/kyiv/50.527768_30.593405_h270.jpg,kyiv,50.527768,30.593405,270,2021-05,streetview
data/images/kyiv/50.400567_30.653334_h0.jpg,kyiv,50.400567,30.653334,0,2024-07,streetview
data/images/kyiv/50.400567_30.653334_h90.jpg,kyiv,50.400567,30.653334,90,2024-07,streetview
data/images/kyiv/50.400567_30.653334_h180.jpg,kyiv,50.400567,30.653334,180,2024-07,streetview
data/images/kyiv/50.400567_30.653334_h270.jpg,kyiv,50.400567,30.653334,270,2024-07,streetview
data/images/kyiv/50.389788_30.622806_h0.jpg,kyiv,50.389788,30.622806,0,2020-04,streetview
data/images/kyiv/50.389788_30.622806_h90.jpg,kyiv,50.389788,30.622806,90,2020-04,streetview
data/images/kyiv/50.389788_30.622806_h180.jpg,kyiv,50.389788,30.622806,180,2020-04,streetview
data/images/kyiv/50.389788_30.622806_h270.jpg,kyiv,50.389788,30.622806,270,2020-04,streetview
data/images/kyiv/50.442608_30.384569_h0.jpg,kyiv,50.442608,30.384569,0,2019-03,streetview
data/images/kyiv/50.442608_30.384569_h90.jpg,kyiv,50.442608,30.384569,90,2019-03,streetview
data/images/kyiv/50.442608_30.384569_h180.jpg,kyiv,50.442608,30.384569,180,2019-03,streetview
data/images/kyiv/50.442608_30.384569_h270.jpg,kyiv,50.442608,30.384569,270,2019-03,streetview
data/images/kyiv/50.494351_30.366089_h0.jpg,kyiv,50.494351,30.366089,0,2021-04,streetview
data/images/kyiv/50.494351_30.366089_h90.jpg,kyiv,50.494351,30.366089,90,2021-04,streetview
data/images/kyiv/50.494351_30.366089_h180.jpg,kyiv,50.494351,30.366089,180,2021-04,streetview
data/images/kyiv/50.494351_30.366089_h270.jpg,kyiv,50.494351,30.366089,270,2021-04,streetview
data/images/kyiv/50.467402_30.626823_h0.jpg,kyiv,50.467402,30.626823,0,2019-05,streetview
data/images/kyiv/50.467402_30.626823_h90.jpg,kyiv,50.467402,30.626823,90,2019-05,streetview
data/images/kyiv/50.467402_30.626823_h180.jpg,kyiv,50.467402,30.626823,180,2019-05,streetview
data/images/kyiv/50.467402_30.626823_h270.jpg,kyiv,50.467402,30.626823,270,2019-05,streetview
data/images/kyiv/50.334811_30.286287_h0.jpg,kyiv,50.334811,30.286287,0,2019-09,streetview
data/images/kyiv/50.334811_30.286287_h90.jpg,kyiv,50.334811,30.286287,90,2019-09,streetview
data/images/kyiv/50.334811_30.286287_h180.jpg,kyiv,50.334811,30.286287,180,2019-09,streetview
data/images/kyiv/50.334811_30.286287_h270.jpg,kyiv,50.334811,30.286287,270,2019-09,streetview
data/images/kyiv/50.466324_30.349078_h0.jpg,kyiv,50.466324,30.349078,0,2025-05,streetview
data/images/kyiv/50.466324_30.349078_h90.jpg,kyiv,50.466324,30.349078,90,2025-05,streetview
data/images/kyiv/50.466324_30.349078_h180.jpg,kyiv,50.466324,30.349078,180,2025-05,streetview
data/images/kyiv/50.466324_30.349078_h270.jpg,kyiv,50.466324,30.349078,270,2025-05,streetview
data/images/kyiv/50.418893_30.49108_h0.jpg,kyiv,50.418893,30.49108,0,2019-10,streetview
data/images/kyiv/50.418893_30.49108_h90.jpg,kyiv,50.418893,30.49108,90,2019-10,streetview
data/images/kyiv/50.418893_30.49108_h180.jpg,kyiv,50.418893,30.49108,180,2019-10,streetview
data/images/kyiv/50.418893_30.49108_h270.jpg,kyiv,50.418893,30.49108,270,2019-10,streetview
data/images/kyiv/50.215156_30.343444_h0.jpg,kyiv,50.215156,30.343444,0,2021-12,streetview
data/images/kyiv/50.215156_30.343444_h90.jpg,kyiv,50.215156,30.343444,90,2021-12,streetview
data/images/kyiv/50.215156_30.343444_h180.jpg,kyiv,50.215156,30.343444,180,2021-12,streetview
data/images/kyiv/50.215156_30.343444_h270.jpg,kyiv,50.215156,30.343444,270,2021-12,streetview
data/images/kyiv/50.269055_30.537508_h0.jpg,kyiv,50.269055,30.537508,0,2021-05,streetview
data/images/kyiv/50.269055_30.537508_h90.jpg,kyiv,50.269055,30.537508,90,2021-05,streetview
data/images/kyiv/50.269055_30.537508_h180.jpg,kyiv,50.269055,30.537508,180,2021-05,streetview
data/images/kyiv/50.269055_30.537508_h270.jpg,kyiv,50.269055,30.537508,270,2021-05,streetview
data/images/kyiv/50.490039_30.542291_h0.jpg,kyiv,50.490039,30.542291,0,2021-08,streetview
data/images/kyiv/50.490039_30.542291_h90.jpg,kyiv,50.490039,30.542291,90,2021-08,streetview
data/images/kyiv/50.490039_30.542291_h180.jpg,kyiv,50.490039,30.542291,180,2021-08,streetview
data/images/kyiv/50.490039_30.542291_h270.jpg,kyiv,50.490039,30.542291,270,2021-08,streetview
data/images/kyiv/50.245339_30.510389_h0.jpg,kyiv,50.245339,30.510389,0,2020-09,streetview
data/images/kyiv/50.245339_30.510389_h90.jpg,kyiv,50.245339,30.510389,90,2020-09,streetview
data/images/kyiv/50.245339_30.510389_h180.jpg,kyiv,50.245339,30.510389,180,2020-09,streetview
data/images/kyiv/50.245339_30.510389_h270.jpg,kyiv,50.245339,30.510389,270,2020-09,streetview
data/images/kyiv/50.410269_30.414917_h0.jpg,kyiv,50.410269,30.414917,0,2019-03,streetview
data/images/kyiv/50.410269_30.414917_h90.jpg,kyiv,50.410269,30.414917,90,2019-03,streetview
data/images/kyiv/50.410269_30.414917_h180.jpg,kyiv,50.410269,30.414917,180,2019-03,streetview
data/images/kyiv/50.410269_30.414917_h270.jpg,kyiv,50.410269,30.414917,270,2019-03,streetview
data/images/kyiv/50.527768_30.656146_h0.jpg,kyiv,50.527768,30.656146,0,2020-04,streetview
data/images/kyiv/50.527768_30.656146_h90.jpg,kyiv,50.527768,30.656146,90,2020-04,streetview
data/images/kyiv/50.527768_30.656146_h180.jpg,kyiv,50.527768,30.656146,180,2020-04,streetview
data/images/kyiv/50.527768_30.656146_h270.jpg,kyiv,50.527768,30.656146,270,2020-04,streetview
data/images/kyiv/50.580589_30.486852_h0.jpg,kyiv,50.580589,30.486852,0,2019-09,streetview
data/images/kyiv/50.580589_30.486852_h90.jpg,kyiv,50.580589,30.486852,90,2019-09,streetview
data/images/kyiv/50.580589_30.486852_h180.jpg,kyiv,50.580589,30.486852,180,2019-09,streetview
data/images/kyiv/50.580589_30.486852_h270.jpg,kyiv,50.580589,30.486852,270,2019-09,streetview
data/images/kyiv/50.454466_30.635182_h0.jpg,kyiv,50.454466,30.635182,0,2018-09,streetview
data/images/kyiv/50.454466_30.635182_h90.jpg,kyiv,50.454466,30.635182,90,2018-09,streetview
data/images/kyiv/50.454466_30.635182_h180.jpg,kyiv,50.454466,30.635182,180,2018-09,streetview
data/images/kyiv/50.454466_30.635182_h270.jpg,kyiv,50.454466,30.635182,270,2018-09,streetview
data/images/kyiv/50.485727_30.398255_h0.jpg,kyiv,50.485727,30.398255,0,2019-04,streetview
data/images/kyiv/50.485727_30.398255_h90.jpg,kyiv,50.485727,30.398255,90,2019-04,streetview
data/images/kyiv/50.485727_30.398255_h180.jpg,kyiv,50.485727,30.398255,180,2019-04,streetview
data/images/kyiv/50.485727_30.398255_h270.jpg,kyiv,50.485727,30.398255,270,2019-04,streetview
data/images/kyiv/50.490039_30.486377_h0.jpg,kyiv,50.490039,30.486377,0,2018-11,streetview
data/images/kyiv/50.490039_30.486377_h90.jpg,kyiv,50.490039,30.486377,90,2018-11,streetview
data/images/kyiv/50.490039_30.486377_h180.jpg,kyiv,50.490039,30.486377,180,2018-11,streetview
data/images/kyiv/50.490039_30.486377_h270.jpg,kyiv,50.490039,30.486377,270,2018-11,streetview
data/images/kyiv/50.418893_30.634885_h0.jpg,kyiv,50.418893,30.634885,0,2020-10,streetview
data/images/kyiv/50.418893_30.634885_h90.jpg,kyiv,50.418893,30.634885,90,2020-10,streetview
data/images/kyiv/50.418893_30.634885_h180.jpg,kyiv,50.418893,30.634885,180,2020-10,streetview
data/images/kyiv/50.418893_30.634885_h270.jpg,kyiv,50.418893,30.634885,270,2020-10,streetview
data/images/kyiv/50.412425_30.62299_h0.jpg,kyiv,50.412425,30.62299,0,2021-08,streetview
data/images/kyiv/50.412425_30.62299_h90.jpg,kyiv,50.412425,30.62299,90,2021-08,streetview
data/images/kyiv/50.412425_30.62299_h180.jpg,kyiv,50.412425,30.62299,180,2021-08,streetview
data/images/kyiv/50.412425_30.62299_h270.jpg,kyiv,50.412425,30.62299,270,2021-08,streetview
data/images/kyiv/50.37793_30.605807_h0.jpg,kyiv,50.37793,30.605807,0,2019-08,streetview
data/images/kyiv/50.37793_30.605807_h90.jpg,kyiv,50.37793,30.605807,90,2019-08,streetview
data/images/kyiv/50.37793_30.605807_h180.jpg,kyiv,50.37793,30.605807,180,2019-08,streetview
data/images/kyiv/50.37793_30.605807_h270.jpg,kyiv,50.37793,30.605807,270,2019-08,streetview
data/images/kyiv/50.495429_30.425401_h0.jpg,kyiv,50.495429,30.425401,0,2019-04,streetview
data/images/kyiv/50.495429_30.425401_h90.jpg,kyiv,50.495429,30.425401,90,2019-04,streetview
data/images/kyiv/50.495429_30.425401_h180.jpg,kyiv,50.495429,30.425401,180,2019-04,streetview
data/images/kyiv/50.495429_30.425401_h270.jpg,kyiv,50.495429,30.425401,270,2019-04,streetview
data/images/kyiv/50.419971_30.523231_h0.jpg,kyiv,50.419971,30.523231,0,2021-07,streetview
data/images/kyiv/50.419971_30.523231_h90.jpg,kyiv,50.419971,30.523231,90,2021-07,streetview
data/images/kyiv/50.419971_30.523231_h180.jpg,kyiv,50.419971,30.523231,180,2021-07,streetview
data/images/kyiv/50.419971_30.523231_h270.jpg,kyiv,50.419971,30.523231,270,2021-07,streetview
data/images/kyiv/50.583823_30.495358_h0.jpg,kyiv,50.583823,30.495358,0,2025-04,streetview
data/images/kyiv/50.583823_30.495358_h90.jpg,kyiv,50.583823,30.495358,90,2025-04,streetview
data/images/kyiv/50.583823_30.495358_h180.jpg,kyiv,50.583823,30.495358,180,2025-04,streetview
data/images/kyiv/50.583823_30.495358_h270.jpg,kyiv,50.583823,30.495358,270,2025-04,streetview
data/images/kyiv/50.340201_30.352164_h0.jpg,kyiv,50.340201,30.352164,0,2018-07,streetview
data/images/kyiv/50.340201_30.352164_h90.jpg,kyiv,50.340201,30.352164,90,2018-07,streetview
data/images/kyiv/50.340201_30.352164_h180.jpg,kyiv,50.340201,30.352164,180,2018-07,streetview
data/images/kyiv/50.340201_30.352164_h270.jpg,kyiv,50.340201,30.352164,270,2018-07,streetview
data/images/kyiv/50.565497_30.822793_h0.jpg,kyiv,50.565497,30.822793,0,2019-03,streetview
data/images/kyiv/50.565497_30.822793_h90.jpg,kyiv,50.565497,30.822793,90,2019-03,streetview
data/images/kyiv/50.565497_30.822793_h180.jpg,kyiv,50.565497,30.822793,180,2019-03,streetview
data/images/kyiv/50.565497_30.822793_h270.jpg,kyiv,50.565497,30.822793,270,2019-03,streetview
data/images/kyiv/50.44153_30.435344_h0.jpg,kyiv,50.44153,30.435344,0,2020-05,streetview
data/images/kyiv/50.44153_30.435344_h90.jpg,kyiv,50.44153,30.435344,90,2020-05,streetview
data/images/kyiv/50.44153_30.435344_h180.jpg,kyiv,50.44153,30.435344,180,2020-05,streetview
data/images/kyiv/50.44153_30.435344_h270.jpg,kyiv,50.44153,30.435344,270,2020-05,streetview
data/images/kyiv/50.413503_30.401396_h0.jpg,kyiv,50.413503,30.401396,0,2018-06,streetview
data/images/kyiv/50.413503_30.401396_h90.jpg,kyiv,50.413503,30.401396,90,2018-06,streetview
data/images/kyiv/50.413503_30.401396_h180.jpg,kyiv,50.413503,30.401396,180,2018-06,streetview
data/images/kyiv/50.413503_30.401396_h270.jpg,kyiv,50.413503,30.401396,270,2018-06,streetview
data/images/kyiv/50.460934_30.516704_h0.jpg,kyiv,50.460934,30.516704,0,2020-10,streetview
data/images/kyiv/50.460934_30.516704_h90.jpg,kyiv,50.460934,30.516704,90,2020-10,streetview
data/images/kyiv/50.460934_30.516704_h180.jpg,kyiv,50.460934,30.516704,180,2020-10,streetview
data/images/kyiv/50.460934_30.516704_h270.jpg,kyiv,50.460934,30.516704,270,2020-10,streetview
data/images/kyiv/50.316485_30.635719_h0.jpg,kyiv,50.316485,30.635719,0,2019-10,streetview
data/images/kyiv/50.316485_30.635719_h90.jpg,kyiv,50.316485,30.635719,90,2019-10,streetview
data/images/kyiv/50.316485_30.635719_h180.jpg,kyiv,50.316485,30.635719,180,2019-10,streetview
data/images/kyiv/50.316485_30.635719_h270.jpg,kyiv,50.316485,30.635719,270,2019-10,streetview
data/images/kyiv/50.402723_30.63475_h0.jpg,kyiv,50.402723,30.63475,0,2024-10,streetview
data/images/kyiv/50.402723_30.63475_h90.jpg,kyiv,50.402723,30.63475,90,2024-10,streetview
data/images/kyiv/50.402723_30.63475_h180.jpg,kyiv,50.402723,30.63475,180,2024-10,streetview
data/images/kyiv/50.402723_30.63475_h270.jpg,kyiv,50.402723,30.63475,270,2024-10,streetview
data/images/kyiv/50.400567_30.616129_h0.jpg,kyiv,50.400567,30.616129,0,2020-11,streetview
data/images/kyiv/50.400567_30.616129_h90.jpg,kyiv,50.400567,30.616129,90,2020-11,streetview
data/images/kyiv/50.400567_30.616129_h180.jpg,kyiv,50.400567,30.616129,180,2020-11,streetview
data/images/kyiv/50.400567_30.616129_h270.jpg,kyiv,50.400567,30.616129,270,2020-11,streetview
data/images/kyiv/50.462012_30.467603_h0.jpg,kyiv,50.462012,30.467603,0,2019-04,streetview
data/images/kyiv/50.462012_30.467603_h90.jpg,kyiv,50.462012,30.467603,90,2019-04,streetview
data/images/kyiv/50.462012_30.467603_h180.jpg,kyiv,50.462012,30.467603,180,2019-04,streetview
data/images/kyiv/50.462012_30.467603_h270.jpg,kyiv,50.462012,30.467603,270,2019-04,streetview
data/images/kyiv/50.451232_30.511568_h0.jpg,kyiv,50.451232,30.511568,0,2021-09,streetview
data/images/kyiv/50.451232_30.511568_h90.jpg,kyiv,50.451232,30.511568,90,2021-09,streetview
data/images/kyiv/50.451232_30.511568_h180.jpg,kyiv,50.451232,30.511568,180,2021-09,streetview
data/images/kyiv/50.451232_30.511568_h270.jpg,kyiv,50.451232,30.511568,270,2021-09,streetview
data/images/kyiv/50.430751_30.426838_h0.jpg,kyiv,50.430751,30.426838,0,2021-04,streetview
data/images/kyiv/50.430751_30.426838_h90.jpg,kyiv,50.430751,30.426838,90,2021-04,streetview
data/images/kyiv/50.430751_30.426838_h180.jpg,kyiv,50.430751,30.426838,180,2021-04,streetview
data/images/kyiv/50.430751_30.426838_h270.jpg,kyiv,50.430751,30.426838,270,2021-04,streetview
data/images/kyiv/50.250729_30.729579_h0.jpg,kyiv,50.250729,30.729579,0,2019-11,streetview
data/images/kyiv/50.250729_30.729579_h90.jpg,kyiv,50.250729,30.729579,90,2019-11,streetview
data/images/kyiv/50.250729_30.729579_h180.jpg,kyiv,50.250729,30.729579,180,2019-11,streetview
data/images/kyiv/50.250729_30.729579_h270.jpg,kyiv,50.250729,30.729579,270,2019-11,streetview
data/images/kyiv/50.476026_30.437181_h0.jpg,kyiv,50.476026,30.437181,0,2024-12,streetview
data/images/kyiv/50.476026_30.437181_h90.jpg,kyiv,50.476026,30.437181,90,2024-12,streetview
data/images/kyiv/50.476026_30.437181_h180.jpg,kyiv,50.476026,30.437181,180,2024-12,streetview
data/images/kyiv/50.476026_30.437181_h270.jpg,kyiv,50.476026,30.437181,270,2024-12,streetview
data/images/kyiv/50.422127_30.330364_h0.jpg,kyiv,50.422127,30.330364,0,2022-08,streetview
data/images/kyiv/50.422127_30.330364_h90.jpg,kyiv,50.422127,30.330364,90,2022-08,streetview
data/images/kyiv/50.422127_30.330364_h180.jpg,kyiv,50.422127,30.330364,180,2022-08,streetview
data/images/kyiv/50.422127_30.330364_h270.jpg,kyiv,50.422127,30.330364,270,2022-08,streetview
data/images/kyiv/50.424283_30.565557_h0.jpg,kyiv,50.424283,30.565557,0,2021-04,streetview
data/images/kyiv/50.424283_30.565557_h90.jpg,kyiv,50.424283,30.565557,90,2021-04,streetview
data/images/kyiv/50.424283_30.565557_h180.jpg,kyiv,50.424283,30.565557,180,2021-04,streetview
data/images/kyiv/50.424283_30.565557_h270.jpg,kyiv,50.424283,30.565557,270,2021-04,streetview
data/images/kyiv/50.31433_30.299771_h0.jpg,kyiv,50.31433,30.299771,0,2020-07,streetview
data/images/kyiv/50.31433_30.299771_h90.jpg,kyiv,50.31433,30.299771,90,2020-07,streetview
data/images/kyiv/50.31433_30.299771_h180.jpg,kyiv,50.31433,30.299771,180,2020-07,streetview
data/images/kyiv/50.31433_30.299771_h270.jpg,kyiv,50.31433,30.299771,270,2020-07,streetview
data/images/kyiv/50.46848_30.487957_h0.jpg,kyiv,50.46848,30.487957,0,2020-05,streetview
data/images/kyiv/50.46848_30.487957_h90.jpg,kyiv,50.46848,30.487957,90,2020-05,streetview
data/images/kyiv/50.46848_30.487957_h180.jpg,kyiv,50.46848,30.487957,180,2020-05,streetview
data/images/kyiv/50.46848_30.487957_h270.jpg,kyiv,50.46848,30.487957,270,2020-05,streetview
data/images/kyiv/50.477103_30.631984_h0.jpg,kyiv,50.477103,30.631984,0,2019-10,streetview
data/images/kyiv/50.477103_30.631984_h90.jpg,kyiv,50.477103,30.631984,90,2019-10,streetview
data/images/kyiv/50.477103_30.631984_h180.jpg,kyiv,50.477103,30.631984,180,2019-10,streetview
data/images/kyiv/50.477103_30.631984_h270.jpg,kyiv,50.477103,30.631984,270,2019-10,streetview
data/images/kyiv/50.412425_30.3997_h0.jpg,kyiv,50.412425,30.3997,0,2018-06,streetview
data/images/kyiv/50.412425_30.3997_h90.jpg,kyiv,50.412425,30.3997,90,2018-06,streetview
data/images/kyiv/50.412425_30.3997_h180.jpg,kyiv,50.412425,30.3997,180,2018-06,streetview
data/images/kyiv/50.412425_30.3997_h270.jpg,kyiv,50.412425,30.3997,270,2018-06,streetview
data/images/kyiv/50.415659_30.335427_h0.jpg,kyiv,50.415659,30.335427,0,2022-01,streetview
data/images/kyiv/50.415659_30.335427_h90.jpg,kyiv,50.415659,30.335427,90,2022-01,streetview
data/images/kyiv/50.415659_30.335427_h180.jpg,kyiv,50.415659,30.335427,180,2022-01,streetview
data/images/kyiv/50.415659_30.335427_h270.jpg,kyiv,50.415659,30.335427,270,2022-01,streetview
data/images/kyiv/50.5213_30.240695_h0.jpg,kyiv,50.5213,30.240695,0,2020-07,streetview
data/images/kyiv/50.5213_30.240695_h90.jpg,kyiv,50.5213,30.240695,90,2020-07,streetview
data/images/kyiv/50.5213_30.240695_h180.jpg,kyiv,50.5213,30.240695,180,2020-07,streetview
data/images/kyiv/50.5213_30.240695_h270.jpg,kyiv,50.5213,30.240695,270,2020-07,streetview
data/images/kyiv/50.415659_30.639933_h0.jpg,kyiv,50.415659,30.639933,0,2021-01,streetview
data/images/kyiv/50.415659_30.639933_h90.jpg,kyiv,50.415659,30.639933,90,2021-01,streetview
data/images/kyiv/50.415659_30.639933_h180.jpg,kyiv,50.415659,30.639933,180,2021-01,streetview
data/images/kyiv/50.415659_30.639933_h270.jpg,kyiv,50.415659,30.639933,270,2021-01,streetview
data/images/kyiv/50.44153_30.592758_h0.jpg,kyiv,50.44153,30.592758,0,2021-07,streetview
data/images/kyiv/50.44153_30.592758_h90.jpg,kyiv,50.44153,30.592758,90,2021-07,streetview
data/images/kyiv/50.44153_30.592758_h180.jpg,kyiv,50.44153,30.592758,180,2021-07,streetview
data/images/kyiv/50.44153_30.592758_h270.jpg,kyiv,50.44153,30.592758,270,2021-07,streetview
data/images/kyiv/50.445842_30.523387_h0.jpg,kyiv,50.445842,30.523387,0,2024-10,streetview
data/images/kyiv/50.445842_30.523387_h90.jpg,kyiv,50.445842,30.523387,90,2024-10,streetview
data/images/kyiv/50.445842_30.523387_h180.jpg,kyiv,50.445842,30.523387,180,2024-10,streetview
data/images/kyiv/50.445842_30.523387_h270.jpg,kyiv,50.445842,30.523387,270,2024-10,streetview
data/images/kyiv/50.479259_30.533752_h0.jpg,kyiv,50.479259,30.533752,0,2026-05,streetview
data/images/kyiv/50.479259_30.533752_h90.jpg,kyiv,50.479259,30.533752,90,2026-05,streetview
data/images/kyiv/50.479259_30.533752_h180.jpg,kyiv,50.479259,30.533752,180,2026-05,streetview
data/images/kyiv/50.479259_30.533752_h270.jpg,kyiv,50.479259,30.533752,270,2026-05,streetview
data/images/kyiv/50.390866_30.267744_h0.jpg,kyiv,50.390866,30.267744,0,2019-02,streetview
data/images/kyiv/50.390866_30.267744_h90.jpg,kyiv,50.390866,30.267744,90,2019-02,streetview
data/images/kyiv/50.390866_30.267744_h180.jpg,kyiv,50.390866,30.267744,180,2019-02,streetview
data/images/kyiv/50.390866_30.267744_h270.jpg,kyiv,50.390866,30.267744,270,2019-02,streetview
data/images/kyiv/50.581667_30.476672_h0.jpg,kyiv,50.581667,30.476672,0,2021-01,streetview
data/images/kyiv/50.581667_30.476672_h90.jpg,kyiv,50.581667,30.476672,90,2021-01,streetview
data/images/kyiv/50.581667_30.476672_h180.jpg,kyiv,50.581667,30.476672,180,2021-01,streetview
data/images/kyiv/50.581667_30.476672_h270.jpg,kyiv,50.581667,30.476672,270,2021-01,streetview
data/images/kyiv/50.488961_30.467734_h0.jpg,kyiv,50.488961,30.467734,0,2019-03,streetview
data/images/kyiv/50.488961_30.467734_h90.jpg,kyiv,50.488961,30.467734,90,2019-03,streetview
data/images/kyiv/50.488961_30.467734_h180.jpg,kyiv,50.488961,30.467734,180,2019-03,streetview
data/images/kyiv/50.488961_30.467734_h270.jpg,kyiv,50.488961,30.467734,270,2019-03,streetview
data/images/kyiv/50.449076_30.677459_h0.jpg,kyiv,50.449076,30.677459,0,2023-09,streetview
data/images/kyiv/50.449076_30.677459_h90.jpg,kyiv,50.449076,30.677459,90,2023-09,streetview
data/images/kyiv/50.449076_30.677459_h180.jpg,kyiv,50.449076,30.677459,180,2023-09,streetview
data/images/kyiv/50.449076_30.677459_h270.jpg,kyiv,50.449076,30.677459,270,2023-09,streetview
data/images/kyiv/50.411347_30.404771_h0.jpg,kyiv,50.411347,30.404771,0,2018-06,streetview
data/images/kyiv/50.411347_30.404771_h90.jpg,kyiv,50.411347,30.404771,90,2018-06,streetview
data/images/kyiv/50.411347_30.404771_h180.jpg,kyiv,50.411347,30.404771,180,2018-06,streetview
data/images/kyiv/50.411347_30.404771_h270.jpg,kyiv,50.411347,30.404771,270,2018-06,streetview
data/images/kyiv/50.422127_30.436956_h0.jpg,kyiv,50.422127,30.436956,0,2024-06,streetview
data/images/kyiv/50.422127_30.436956_h90.jpg,kyiv,50.422127,30.436956,90,2024-06,streetview
data/images/kyiv/50.422127_30.436956_h180.jpg,kyiv,50.422127,30.436956,180,2024-06,streetview
data/images/kyiv/50.422127_30.436956_h270.jpg,kyiv,50.422127,30.436956,270,2024-06,streetview
data/images/kyiv/50.421049_30.653513_h0.jpg,kyiv,50.421049,30.653513,0,2024-08,streetview
data/images/kyiv/50.421049_30.653513_h90.jpg,kyiv,50.421049,30.653513,90,2024-08,streetview
data/images/kyiv/50.421049_30.653513_h180.jpg,kyiv,50.421049,30.653513,180,2024-08,streetview
data/images/kyiv/50.421049_30.653513_h270.jpg,kyiv,50.421049,30.653513,270,2024-08,streetview
data/images/kyiv/50.546094_30.503634_h0.jpg,kyiv,50.546094,30.503634,0,2021-05,streetview
data/images/kyiv/50.546094_30.503634_h90.jpg,kyiv,50.546094,30.503634,90,2021-05,streetview
data/images/kyiv/50.546094_30.503634_h180.jpg,kyiv,50.546094,30.503634,180,2021-05,streetview
data/images/kyiv/50.546094_30.503634_h270.jpg,kyiv,50.546094,30.503634,270,2021-05,streetview
data/images/kyiv/50.421049_30.528313_h0.jpg,kyiv,50.421049,30.528313,0,2021-07,streetview
data/images/kyiv/50.421049_30.528313_h90.jpg,kyiv,50.421049,30.528313,90,2021-07,streetview
data/images/kyiv/50.421049_30.528313_h180.jpg,kyiv,50.421049,30.528313,180,2021-07,streetview
data/images/kyiv/50.421049_30.528313_h270.jpg,kyiv,50.421049,30.528313,270,2021-07,streetview
data/images/kyiv/50.379008_30.431705_h0.jpg,kyiv,50.379008,30.431705,0,2019-09,streetview
data/images/kyiv/50.379008_30.431705_h90.jpg,kyiv,50.379008,30.431705,90,2019-09,streetview
data/images/kyiv/50.379008_30.431705_h180.jpg,kyiv,50.379008,30.431705,180,2019-09,streetview
data/images/kyiv/50.379008_30.431705_h270.jpg,kyiv,50.379008,30.431705,270,2019-09,streetview
data/images/kyiv/50.318641_30.564831_h0.jpg,kyiv,50.318641,30.564831,0,2024-08,streetview
data/images/kyiv/50.318641_30.564831_h90.jpg,kyiv,50.318641,30.564831,90,2024-08,streetview
data/images/kyiv/50.318641_30.564831_h180.jpg,kyiv,50.318641,30.564831,180,2024-08,streetview
data/images/kyiv/50.318641_30.564831_h270.jpg,kyiv,50.318641,30.564831,270,2024-08,streetview
data/images/kyiv/50.504053_30.416961_h0.jpg,kyiv,50.504053,30.416961,0,2021-04,streetview
data/images/kyiv/50.504053_30.416961_h90.jpg,kyiv,50.504053,30.416961,90,2021-04,streetview
data/images/kyiv/50.504053_30.416961_h180.jpg,kyiv,50.504053,30.416961,180,2021-04,streetview
data/images/kyiv/50.504053_30.416961_h270.jpg,kyiv,50.504053,30.416961,270,2021-04,streetview
data/images/kyiv/50.228092_30.749566_h0.jpg,kyiv,50.228092,30.749566,0,2019-11,streetview
data/images/kyiv/50.228092_30.749566_h90.jpg,kyiv,50.228092,30.749566,90,2019-11,streetview
data/images/kyiv/50.228092_30.749566_h180.jpg,kyiv,50.228092,30.749566,180,2019-11,streetview
data/images/kyiv/50.228092_30.749566_h270.jpg,kyiv,50.228092,30.749566,270,2019-11,streetview
data/images/kyiv/50.216234_30.757862_h0.jpg,kyiv,50.216234,30.757862,0,2019-11,streetview
data/images/kyiv/50.216234_30.757862_h90.jpg,kyiv,50.216234,30.757862,90,2019-11,streetview
data/images/kyiv/50.216234_30.757862_h180.jpg,kyiv,50.216234,30.757862,180,2019-11,streetview
data/images/kyiv/50.216234_30.757862_h270.jpg,kyiv,50.216234,30.757862,270,2019-11,streetview
data/images/kyiv/50.415659_30.634858_h0.jpg,kyiv,50.415659,30.634858,0,2018-05,streetview
data/images/kyiv/50.415659_30.634858_h90.jpg,kyiv,50.415659,30.634858,90,2018-05,streetview
data/images/kyiv/50.415659_30.634858_h180.jpg,kyiv,50.415659,30.634858,180,2018-05,streetview
data/images/kyiv/50.415659_30.634858_h270.jpg,kyiv,50.415659,30.634858,270,2018-05,streetview
data/images/kyiv/50.501897_30.516945_h0.jpg,kyiv,50.501897,30.516945,0,2024-06,streetview
data/images/kyiv/50.501897_30.516945_h90.jpg,kyiv,50.501897,30.516945,90,2024-06,streetview
data/images/kyiv/50.501897_30.516945_h180.jpg,kyiv,50.501897,30.516945,180,2024-06,streetview
data/images/kyiv/50.501897_30.516945_h270.jpg,kyiv,50.501897,30.516945,270,2024-06,streetview
data/images/kyiv/50.485727_30.527015_h0.jpg,kyiv,50.485727,30.527015,0,2025-01,streetview
data/images/kyiv/50.485727_30.527015_h90.jpg,kyiv,50.485727,30.527015,90,2025-01,streetview
data/images/kyiv/50.485727_30.527015_h180.jpg,kyiv,50.485727,30.527015,180,2025-01,streetview
data/images/kyiv/50.485727_30.527015_h270.jpg,kyiv,50.485727,30.527015,270,2025-01,streetview
data/images/kyiv/50.462012_30.520097_h0.jpg,kyiv,50.462012,30.520097,0,2018-05,streetview
data/images/kyiv/50.462012_30.520097_h90.jpg,kyiv,50.462012,30.520097,90,2018-05,streetview
data/images/kyiv/50.462012_30.520097_h180.jpg,kyiv,50.462012,30.520097,180,2018-05,streetview
data/images/kyiv/50.462012_30.520097_h270.jpg,kyiv,50.462012,30.520097,270,2018-05,streetview
data/images/kyiv/50.445842_30.60464_h0.jpg,kyiv,50.445842,30.60464,0,2023-08,streetview
data/images/kyiv/50.445842_30.60464_h90.jpg,kyiv,50.445842,30.60464,90,2023-08,streetview
data/images/kyiv/50.445842_30.60464_h180.jpg,kyiv,50.445842,30.60464,180,2023-08,streetview
data/images/kyiv/50.445842_30.60464_h270.jpg,kyiv,50.445842,30.60464,270,2023-08,streetview
data/images/kyiv/50.403801_30.682114_h0.jpg,kyiv,50.403801,30.682114,0,2018-03,streetview
data/images/kyiv/50.403801_30.682114_h90.jpg,kyiv,50.403801,30.682114,90,2018-03,streetview
data/images/kyiv/50.403801_30.682114_h180.jpg,kyiv,50.403801,30.682114,180,2018-03,streetview
data/images/kyiv/50.403801_30.682114_h270.jpg,kyiv,50.403801,30.682114,270,2018-03,streetview
data/images/kyiv/50.511599_30.781443_h0.jpg,kyiv,50.511599,30.781443,0,2019-03,streetview
data/images/kyiv/50.511599_30.781443_h90.jpg,kyiv,50.511599,30.781443,90,2019-03,streetview
data/images/kyiv/50.511599_30.781443_h180.jpg,kyiv,50.511599,30.781443,180,2019-03,streetview
data/images/kyiv/50.511599_30.781443_h270.jpg,kyiv,50.511599,30.781443,270,2019-03,streetview
data/images/kyiv/50.574121_30.561503_h0.jpg,kyiv,50.574121,30.561503,0,2019-06,streetview
data/images/kyiv/50.574121_30.561503_h90.jpg,kyiv,50.574121,30.561503,90,2019-06,streetview
data/images/kyiv/50.574121_30.561503_h180.jpg,kyiv,50.574121,30.561503,180,2019-06,streetview
data/images/kyiv/50.574121_30.561503_h270.jpg,kyiv,50.574121,30.561503,270,2019-06,streetview
data/images/kyiv/50.552562_30.264449_h0.jpg,kyiv,50.552562,30.264449,0,2019-07,streetview
data/images/kyiv/50.552562_30.264449_h90.jpg,kyiv,50.552562,30.264449,90,2019-07,streetview
data/images/kyiv/50.552562_30.264449_h180.jpg,kyiv,50.552562,30.264449,180,2019-07,streetview
data/images/kyiv/50.552562_30.264449_h270.jpg,kyiv,50.552562,30.264449,270,2019-07,streetview
data/images/kyiv/50.329421_30.639205_h0.jpg,kyiv,50.329421,30.639205,0,2019-11,streetview
data/images/kyiv/50.329421_30.639205_h90.jpg,kyiv,50.329421,30.639205,90,2019-11,streetview
data/images/kyiv/50.329421_30.639205_h180.jpg,kyiv,50.329421,30.639205,180,2019-11,streetview
data/images/kyiv/50.329421_30.639205_h270.jpg,kyiv,50.329421,30.639205,270,2019-11,streetview
data/images/kyiv/50.417815_30.634876_h0.jpg,kyiv,50.417815,30.634876,0,2018-11,streetview
data/images/kyiv/50.417815_30.634876_h90.jpg,kyiv,50.417815,30.634876,90,2018-11,streetview
data/images/kyiv/50.417815_30.634876_h180.jpg,kyiv,50.417815,30.634876,180,2018-11,streetview
data/images/kyiv/50.417815_30.634876_h270.jpg,kyiv,50.417815,30.634876,270,2018-11,streetview
data/images/kyiv/50.421049_30.475865_h0.jpg,kyiv,50.421049,30.475865,0,2019-03,streetview
data/images/kyiv/50.421049_30.475865_h90.jpg,kyiv,50.421049,30.475865,90,2019-03,streetview
data/images/kyiv/50.421049_30.475865_h180.jpg,kyiv,50.421049,30.475865,180,2019-03,streetview
data/images/kyiv/50.421049_30.475865_h270.jpg,kyiv,50.421049,30.475865,270,2019-03,streetview
data/images/kyiv/50.450154_30.501405_h0.jpg,kyiv,50.450154,30.501405,0,2020-05,streetview
data/images/kyiv/50.450154_30.501405_h90.jpg,kyiv,50.450154,30.501405,90,2020-05,streetview
data/images/kyiv/50.450154_30.501405_h180.jpg,kyiv,50.450154,30.501405,180,2020-05,streetview
data/images/kyiv/50.450154_30.501405_h270.jpg,kyiv,50.450154,30.501405,270,2020-05,streetview
data/images/kyiv/50.435063_30.442087_h0.jpg,kyiv,50.435063,30.442087,0,2019-07,streetview
data/images/kyiv/50.435063_30.442087_h90.jpg,kyiv,50.435063,30.442087,90,2019-07,streetview
data/images/kyiv/50.435063_30.442087_h180.jpg,kyiv,50.435063,30.442087,180,2019-07,streetview
data/images/kyiv/50.435063_30.442087_h270.jpg,kyiv,50.435063,30.442087,270,2019-07,streetview
data/images/kyiv/50.44692_30.470916_h0.jpg,kyiv,50.44692,30.470916,0,2019-03,streetview
data/images/kyiv/50.44692_30.470916_h90.jpg,kyiv,50.44692,30.470916,90,2019-03,streetview
data/images/kyiv/50.44692_30.470916_h180.jpg,kyiv,50.44692,30.470916,180,2019-03,streetview
data/images/kyiv/50.44692_30.470916_h270.jpg,kyiv,50.44692,30.470916,270,2019-03,streetview
data/images/kyiv/50.579511_30.714322_h0.jpg,kyiv,50.579511,30.714322,0,2019-03,streetview
data/images/kyiv/50.579511_30.714322_h90.jpg,kyiv,50.579511,30.714322,90,2019-03,streetview
data/images/kyiv/50.579511_30.714322_h180.jpg,kyiv,50.579511,30.714322,180,2019-03,streetview
data/images/kyiv/50.579511_30.714322_h270.jpg,kyiv,50.579511,30.714322,270,2019-03,streetview
data/images/kyiv/50.484649_30.399946_h0.jpg,kyiv,50.484649,30.399946,0,2019-04,streetview
data/images/kyiv/50.484649_30.399946_h90.jpg,kyiv,50.484649,30.399946,90,2019-04,streetview
data/images/kyiv/50.484649_30.399946_h180.jpg,kyiv,50.484649,30.399946,180,2019-04,streetview
data/images/kyiv/50.484649_30.399946_h270.jpg,kyiv,50.484649,30.399946,270,2019-04,streetview
data/images/kyiv/50.575199_30.486824_h0.jpg,kyiv,50.575199,30.486824,0,2020-08,streetview
data/images/kyiv/50.575199_30.486824_h90.jpg,kyiv,50.575199,30.486824,90,2020-08,streetview
data/images/kyiv/50.575199_30.486824_h180.jpg,kyiv,50.575199,30.486824,180,2020-08,streetview
data/images/kyiv/50.575199_30.486824_h270.jpg,kyiv,50.575199,30.486824,270,2020-08,streetview
data/images/kyiv/50.423205_30.403121_h0.jpg,kyiv,50.423205,30.403121,0,2020-02,streetview
data/images/kyiv/50.423205_30.403121_h90.jpg,kyiv,50.423205,30.403121,90,2020-02,streetview
data/images/kyiv/50.423205_30.403121_h180.jpg,kyiv,50.423205,30.403121,180,2020-02,streetview
data/images/kyiv/50.423205_30.403121_h270.jpg,kyiv,50.423205,30.403121,270,2020-02,streetview
data/images/kyiv/50.234559_30.365395_h0.jpg,kyiv,50.234559,30.365395,0,2021-12,streetview
data/images/kyiv/50.234559_30.365395_h90.jpg,kyiv,50.234559,30.365395,90,2021-12,streetview
data/images/kyiv/50.234559_30.365395_h180.jpg,kyiv,50.234559,30.365395,180,2021-12,streetview
data/images/kyiv/50.234559_30.365395_h270.jpg,kyiv,50.234559,30.365395,270,2021-12,streetview
data/images/kyiv/50.495429_30.437263_h0.jpg,kyiv,50.495429,30.437263,0,2018-10,streetview
data/images/kyiv/50.495429_30.437263_h90.jpg,kyiv,50.495429,30.437263,90,2018-10,streetview
data/images/kyiv/50.495429_30.437263_h180.jpg,kyiv,50.495429,30.437263,180,2018-10,streetview
data/images/kyiv/50.495429_30.437263_h270.jpg,kyiv,50.495429,30.437263,270,2018-10,streetview
data/images/kyiv/50.263665_30.333433_h0.jpg,kyiv,50.263665,30.333433,0,2021-09,streetview
data/images/kyiv/50.263665_30.333433_h90.jpg,kyiv,50.263665,30.333433,90,2021-09,streetview
data/images/kyiv/50.263665_30.333433_h180.jpg,kyiv,50.263665,30.333433,180,2021-09,streetview
data/images/kyiv/50.263665_30.333433_h270.jpg,kyiv,50.263665,30.333433,270,2021-09,streetview
data/images/kyiv/50.447998_30.528478_h0.jpg,kyiv,50.447998,30.528478,0,2019-05,streetview
data/images/kyiv/50.447998_30.528478_h90.jpg,kyiv,50.447998,30.528478,90,2019-05,streetview
data/images/kyiv/50.447998_30.528478_h180.jpg,kyiv,50.447998,30.528478,180,2019-05,streetview
data/images/kyiv/50.447998_30.528478_h270.jpg,kyiv,50.447998,30.528478,270,2019-05,streetview
data/images/kyiv/50.4577_30.404934_h0.jpg,kyiv,50.4577,30.404934,0,2018-08,streetview
data/images/kyiv/50.4577_30.404934_h90.jpg,kyiv,50.4577,30.404934,90,2018-08,streetview
data/images/kyiv/50.4577_30.404934_h180.jpg,kyiv,50.4577,30.404934,180,2018-08,streetview
data/images/kyiv/50.4577_30.404934_h270.jpg,kyiv,50.4577,30.404934,270,2018-08,streetview
data/images/kyiv/50.490039_30.449101_h0.jpg,kyiv,50.490039,30.449101,0,2019-03,streetview
data/images/kyiv/50.490039_30.449101_h90.jpg,kyiv,50.490039,30.449101,90,2019-03,streetview
data/images/kyiv/50.490039_30.449101_h180.jpg,kyiv,50.490039,30.449101,180,2019-03,streetview
data/images/kyiv/50.490039_30.449101_h270.jpg,kyiv,50.490039,30.449101,270,2019-03,streetview
data/images/kyiv/50.462012_30.493004_h0.jpg,kyiv,50.462012,30.493004,0,2025-03,streetview
data/images/kyiv/50.462012_30.493004_h90.jpg,kyiv,50.462012,30.493004,90,2025-03,streetview
data/images/kyiv/50.462012_30.493004_h180.jpg,kyiv,50.462012,30.493004,180,2025-03,streetview
data/images/kyiv/50.462012_30.493004_h270.jpg,kyiv,50.462012,30.493004,270,2025-03,streetview
data/images/kyiv/50.437218_30.631653_h0.jpg,kyiv,50.437218,30.631653,0,2019-10,streetview
data/images/kyiv/50.437218_30.631653_h90.jpg,kyiv,50.437218,30.631653,90,2019-10,streetview
data/images/kyiv/50.437218_30.631653_h180.jpg,kyiv,50.437218,30.631653,180,2019-10,streetview
data/images/kyiv/50.437218_30.631653_h270.jpg,kyiv,50.437218,30.631653,270,2019-10,streetview
data/images/kyiv/50.431829_30.494534_h0.jpg,kyiv,50.431829,30.494534,0,2021-08,streetview
data/images/kyiv/50.431829_30.494534_h90.jpg,kyiv,50.431829,30.494534,90,2021-08,streetview
data/images/kyiv/50.431829_30.494534_h180.jpg,kyiv,50.431829,30.494534,180,2021-08,streetview
data/images/kyiv/50.431829_30.494534_h270.jpg,kyiv,50.431829,30.494534,270,2021-08,streetview
data/images/kyiv/50.385476_30.485831_h0.jpg,kyiv,50.385476,30.485831,0,2019-02,streetview
data/images/kyiv/50.385476_30.485831_h90.jpg,kyiv,50.385476,30.485831,90,2019-02,streetview
data/images/kyiv/50.385476_30.485831_h180.jpg,kyiv,50.385476,30.485831,180,2019-02,streetview
data/images/kyiv/50.385476_30.485831_h270.jpg,kyiv,50.385476,30.485831,270,2019-02,streetview
data/images/kyiv/50.44153_30.629996_h0.jpg,kyiv,50.44153,30.629996,0,2020-03,streetview
data/images/kyiv/50.44153_30.629996_h90.jpg,kyiv,50.44153,30.629996,90,2020-03,streetview
data/images/kyiv/50.44153_30.629996_h180.jpg,kyiv,50.44153,30.629996,180,2020-03,streetview
data/images/kyiv/50.44153_30.629996_h270.jpg,kyiv,50.44153,30.629996,270,2020-03,streetview
data/images/kyiv/50.511599_30.505136_h0.jpg,kyiv,50.511599,30.505136,0,2021-06,streetview
data/images/kyiv/50.511599_30.505136_h90.jpg,kyiv,50.511599,30.505136,90,2021-06,streetview
data/images/kyiv/50.511599_30.505136_h180.jpg,kyiv,50.511599,30.505136,180,2021-06,streetview
data/images/kyiv/50.511599_30.505136_h270.jpg,kyiv,50.511599,30.505136,270,2021-06,streetview
data/images/kyiv/50.424283_30.475881_h0.jpg,kyiv,50.424283,30.475881,0,2019-03,streetview
data/images/kyiv/50.424283_30.475881_h90.jpg,kyiv,50.424283,30.475881,90,2019-03,streetview
data/images/kyiv/50.424283_30.475881_h180.jpg,kyiv,50.424283,30.475881,180,2019-03,streetview
data/images/kyiv/50.424283_30.475881_h270.jpg,kyiv,50.424283,30.475881,270,2019-03,streetview
data/images/kyiv/50.403801_30.67704_h0.jpg,kyiv,50.403801,30.67704,0,2019-10,streetview
data/images/kyiv/50.403801_30.67704_h90.jpg,kyiv,50.403801,30.67704,90,2019-10,streetview
data/images/kyiv/50.403801_30.67704_h180.jpg,kyiv,50.403801,30.67704,180,2019-10,streetview
data/images/kyiv/50.403801_30.67704_h270.jpg,kyiv,50.403801,30.67704,270,2019-10,streetview
data/images/kyiv/50.54825_30.4782_h0.jpg,kyiv,50.54825,30.4782,0,2018-10,streetview
data/images/kyiv/50.54825_30.4782_h90.jpg,kyiv,50.54825,30.4782,90,2018-10,streetview
data/images/kyiv/50.54825_30.4782_h180.jpg,kyiv,50.54825,30.4782,180,2018-10,streetview
data/images/kyiv/50.54825_30.4782_h270.jpg,kyiv,50.54825,30.4782,270,2018-10,streetview
data/images/kyiv/50.389788_30.602517_h0.jpg,kyiv,50.389788,30.602517,0,2019-08,streetview
data/images/kyiv/50.389788_30.602517_h90.jpg,kyiv,50.389788,30.602517,90,2019-08,streetview
data/images/kyiv/50.389788_30.602517_h180.jpg,kyiv,50.389788,30.602517,180,2019-08,streetview
data/images/kyiv/50.389788_30.602517_h270.jpg,kyiv,50.389788,30.602517,270,2019-08,streetview
data/images/kyiv/50.398411_30.678682_h0.jpg,kyiv,50.398411,30.678682,0,2020-05,streetview
data/images/kyiv/50.398411_30.678682_h90.jpg,kyiv,50.398411,30.678682,90,2020-05,streetview
data/images/kyiv/50.398411_30.678682_h180.jpg,kyiv,50.398411,30.678682,180,2020-05,streetview
data/images/kyiv/50.398411_30.678682_h270.jpg,kyiv,50.398411,30.678682,270,2020-05,streetview
data/images/kyiv/50.450154_30.489554_h0.jpg,kyiv,50.450154,30.489554,0,2018-10,streetview
data/images/kyiv/50.450154_30.489554_h90.jpg,kyiv,50.450154,30.489554,90,2018-10,streetview
data/images/kyiv/50.450154_30.489554_h180.jpg,kyiv,50.450154,30.489554,180,2018-10,streetview
data/images/kyiv/50.450154_30.489554_h270.jpg,kyiv,50.450154,30.489554,270,2018-10,streetview
data/images/kyiv/50.390866_30.646486_h0.jpg,kyiv,50.390866,30.646486,0,2020-04,streetview
data/images/kyiv/50.390866_30.646486_h90.jpg,kyiv,50.390866,30.646486,90,2020-04,streetview
data/images/kyiv/50.390866_30.646486_h180.jpg,kyiv,50.390866,30.646486,180,2020-04,streetview
data/images/kyiv/50.390866_30.646486_h270.jpg,kyiv,50.390866,30.646486,270,2020-04,streetview
data/images/kyiv/50.422127_30.469103_h0.jpg,kyiv,50.422127,30.469103,0,2018-12,streetview
data/images/kyiv/50.422127_30.469103_h90.jpg,kyiv,50.422127,30.469103,90,2018-12,streetview
data/images/kyiv/50.422127_30.469103_h180.jpg,kyiv,50.422127,30.469103,180,2018-12,streetview
data/images/kyiv/50.422127_30.469103_h270.jpg,kyiv,50.422127,30.469103,270,2018-12,streetview
data/images/kyiv/50.403801_30.335403_h0.jpg,kyiv,50.403801,30.335403,0,2019-05,streetview
data/images/kyiv/50.403801_30.335403_h90.jpg,kyiv,50.403801,30.335403,90,2019-05,streetview
data/images/kyiv/50.403801_30.335403_h180.jpg,kyiv,50.403801,30.335403,180,2019-05,streetview
data/images/kyiv/50.403801_30.335403_h270.jpg,kyiv,50.403801,30.335403,270,2019-05,streetview
data/images/kyiv/50.414581_30.64669_h0.jpg,kyiv,50.414581,30.64669,0,2018-06,streetview
data/images/kyiv/50.414581_30.64669_h90.jpg,kyiv,50.414581,30.64669,90,2018-06,streetview
data/images/kyiv/50.414581_30.64669_h180.jpg,kyiv,50.414581,30.64669,180,2018-06,streetview
data/images/kyiv/50.414581_30.64669_h270.jpg,kyiv,50.414581,30.64669,270,2018-06,streetview
data/images/kyiv/50.55364_30.281416_h0.jpg,kyiv,50.55364,30.281416,0,2020-05,streetview
data/images/kyiv/50.55364_30.281416_h90.jpg,kyiv,50.55364,30.281416,90,2020-05,streetview
data/images/kyiv/50.55364_30.281416_h180.jpg,kyiv,50.55364,30.281416,180,2020-05,streetview
data/images/kyiv/50.55364_30.281416_h270.jpg,kyiv,50.55364,30.281416,270,2020-05,streetview
data/images/kyiv/50.419971_30.565528_h0.jpg,kyiv,50.419971,30.565528,0,2019-09,streetview
data/images/kyiv/50.419971_30.565528_h90.jpg,kyiv,50.419971,30.565528,90,2019-09,streetview
data/images/kyiv/50.419971_30.565528_h180.jpg,kyiv,50.419971,30.565528,180,2019-09,streetview
data/images/kyiv/50.419971_30.565528_h270.jpg,kyiv,50.419971,30.565528,270,2019-09,streetview
data/images/kyiv/50.442608_30.286395_h0.jpg,kyiv,50.442608,30.286395,0,2020-09,streetview
data/images/kyiv/50.442608_30.286395_h90.jpg,kyiv,50.442608,30.286395,90,2020-09,streetview
data/images/kyiv/50.442608_30.286395_h180.jpg,kyiv,50.442608,30.286395,180,2020-09,streetview
data/images/kyiv/50.442608_30.286395_h270.jpg,kyiv,50.442608,30.286395,270,2020-09,streetview
data/images/kyiv/50.438296_30.503031_h0.jpg,kyiv,50.438296,30.503031,0,2018-02,streetview
data/images/kyiv/50.438296_30.503031_h90.jpg,kyiv,50.438296,30.503031,90,2018-02,streetview
data/images/kyiv/50.438296_30.503031_h180.jpg,kyiv,50.438296,30.503031,180,2018-02,streetview
data/images/kyiv/50.438296_30.503031_h270.jpg,kyiv,50.438296,30.503031,270,2018-02,streetview
data/images/kyiv/50.328343_30.770905_h0.jpg,kyiv,50.328343,30.770905,0,2020-08,streetview
data/images/kyiv/50.328343_30.770905_h90.jpg,kyiv,50.328343,30.770905,90,2020-08,streetview
data/images/kyiv/50.328343_30.770905_h180.jpg,kyiv,50.328343,30.770905,180,2020-08,streetview
data/images/kyiv/50.328343_30.770905_h270.jpg,kyiv,50.328343,30.770905,270,2020-08,streetview
data/images/kyiv/50.437218_30.555492_h0.jpg,kyiv,50.437218,30.555492,0,2022-01,streetview
data/images/kyiv/50.437218_30.555492_h90.jpg,kyiv,50.437218,30.555492,90,2022-01,streetview
data/images/kyiv/50.437218_30.555492_h180.jpg,kyiv,50.437218,30.555492,180,2022-01,streetview
data/images/kyiv/50.437218_30.555492_h270.jpg,kyiv,50.437218,30.555492,270,2022-01,streetview
data/images/kyiv/50.419971_30.369273_h0.jpg,kyiv,50.419971,30.369273,0,2020-06,streetview
data/images/kyiv/50.419971_30.369273_h90.jpg,kyiv,50.419971,30.369273,90,2020-06,streetview
data/images/kyiv/50.419971_30.369273_h180.jpg,kyiv,50.419971,30.369273,180,2020-06,streetview
data/images/kyiv/50.419971_30.369273_h270.jpg,kyiv,50.419971,30.369273,270,2020-06,streetview
data/images/kyiv/50.385476_30.389465_h0.jpg,kyiv,50.385476,30.389465,0,2019-08,streetview
data/images/kyiv/50.385476_30.389465_h90.jpg,kyiv,50.385476,30.389465,90,2019-08,streetview
data/images/kyiv/50.385476_30.389465_h180.jpg,kyiv,50.385476,30.389465,180,2019-08,streetview
data/images/kyiv/50.385476_30.389465_h270.jpg,kyiv,50.385476,30.389465,270,2019-08,streetview
data/images/kyiv/50.453388_30.587768_h0.jpg,kyiv,50.453388,30.587768,0,2021-02,streetview
data/images/kyiv/50.453388_30.587768_h90.jpg,kyiv,50.453388,30.587768,90,2021-02,streetview
data/images/kyiv/50.453388_30.587768_h180.jpg,kyiv,50.453388,30.587768,180,2021-02,streetview
data/images/kyiv/50.453388_30.587768_h270.jpg,kyiv,50.453388,30.587768,270,2021-02,streetview
data/images/kyiv/50.555796_30.659787_h0.jpg,kyiv,50.555796,30.659787,0,2019-03,streetview
data/images/kyiv/50.555796_30.659787_h90.jpg,kyiv,50.555796,30.659787,90,2019-03,streetview
data/images/kyiv/50.555796_30.659787_h180.jpg,kyiv,50.555796,30.659787,180,2019-03,streetview
data/images/kyiv/50.555796_30.659787_h270.jpg,kyiv,50.555796,30.659787,270,2019-03,streetview
data/images/kyiv/50.444764_30.542_h0.jpg,kyiv,50.444764,30.542,0,2021-08,streetview
data/images/kyiv/50.444764_30.542_h90.jpg,kyiv,50.444764,30.542,90,2021-08,streetview
data/images/kyiv/50.444764_30.542_h180.jpg,kyiv,50.444764,30.542,180,2021-08,streetview
data/images/kyiv/50.444764_30.542_h270.jpg,kyiv,50.444764,30.542,270,2021-08,streetview
data/images/kyiv/50.38871_30.624488_h0.jpg,kyiv,50.38871,30.624488,0,2019-04,streetview
data/images/kyiv/50.38871_30.624488_h90.jpg,kyiv,50.38871,30.624488,90,2019-04,streetview
data/images/kyiv/50.38871_30.624488_h180.jpg,kyiv,50.38871,30.624488,180,2019-04,streetview
data/images/kyiv/50.38871_30.624488_h270.jpg,kyiv,50.38871,30.624488,270,2019-04,streetview
data/images/kyiv/50.456622_30.491281_h0.jpg,kyiv,50.456622,30.491281,0,2020-10,streetview
data/images/kyiv/50.456622_30.491281_h90.jpg,kyiv,50.456622,30.491281,90,2020-10,streetview
data/images/kyiv/50.456622_30.491281_h180.jpg,kyiv,50.456622,30.491281,180,2020-10,streetview
data/images/kyiv/50.456622_30.491281_h270.jpg,kyiv,50.456622,30.491281,270,2020-10,streetview
data/images/kyiv/50.251807_30.453106_h0.jpg,kyiv,50.251807,30.453106,0,2020-08,streetview
data/images/kyiv/50.251807_30.453106_h90.jpg,kyiv,50.251807,30.453106,90,2020-08,streetview
data/images/kyiv/50.251807_30.453106_h180.jpg,kyiv,50.251807,30.453106,180,2020-08,streetview
data/images/kyiv/50.251807_30.453106_h270.jpg,kyiv,50.251807,30.453106,270,2020-08,streetview
data/images/kyiv/50.376852_30.536495_h0.jpg,kyiv,50.376852,30.536495,0,2022-07,streetview
data/images/kyiv/50.376852_30.536495_h90.jpg,kyiv,50.376852,30.536495,90,2022-07,streetview
data/images/kyiv/50.376852_30.536495_h180.jpg,kyiv,50.376852,30.536495,180,2022-07,streetview
data/images/kyiv/50.376852_30.536495_h270.jpg,kyiv,50.376852,30.536495,270,2022-07,streetview
data/images/kyiv/50.491117_30.4508_h0.jpg,kyiv,50.491117,30.4508,0,2019-03,streetview
data/images/kyiv/50.491117_30.4508_h90.jpg,kyiv,50.491117,30.4508,90,2019-03,streetview
data/images/kyiv/50.491117_30.4508_h180.jpg,kyiv,50.491117,30.4508,180,2019-03,streetview
data/images/kyiv/50.491117_30.4508_h270.jpg,kyiv,50.491117,30.4508,270,2019-03,streetview
data/images/kyiv/50.397333_30.61103_h0.jpg,kyiv,50.397333,30.61103,0,2018-11,streetview
data/images/kyiv/50.397333_30.61103_h90.jpg,kyiv,50.397333,30.61103,90,2018-11,streetview
data/images/kyiv/50.397333_30.61103_h180.jpg,kyiv,50.397333,30.61103,180,2018-11,streetview
data/images/kyiv/50.397333_30.61103_h270.jpg,kyiv,50.397333,30.61103,270,2018-11,streetview
data/images/kyiv/50.246417_30.373855_h0.jpg,kyiv,50.246417,30.373855,0,2021-12,streetview
data/images/kyiv/50.246417_30.373855_h90.jpg,kyiv,50.246417,30.373855,90,2021-12,streetview
data/images/kyiv/50.246417_30.373855_h180.jpg,kyiv,50.246417,30.373855,180,2021-12,streetview
data/images/kyiv/50.246417_30.373855_h270.jpg,kyiv,50.246417,30.373855,270,2021-12,streetview
data/images/kyiv/50.419971_30.594289_h0.jpg,kyiv,50.419971,30.594289,0,2025-07,streetview
data/images/kyiv/50.419971_30.594289_h90.jpg,kyiv,50.419971,30.594289,90,2025-07,streetview
data/images/kyiv/50.419971_30.594289_h180.jpg,kyiv,50.419971,30.594289,180,2025-07,streetview
data/images/kyiv/50.419971_30.594289_h270.jpg,kyiv,50.419971,30.594289,270,2025-07,streetview
data/images/kyiv/50.411347_30.604374_h0.jpg,kyiv,50.411347,30.604374,0,2025-04,streetview
data/images/kyiv/50.411347_30.604374_h90.jpg,kyiv,50.411347,30.604374,90,2025-04,streetview
data/images/kyiv/50.411347_30.604374_h180.jpg,kyiv,50.411347,30.604374,180,2025-04,streetview
data/images/kyiv/50.411347_30.604374_h270.jpg,kyiv,50.411347,30.604374,270,2025-04,streetview
data/images/kyiv/50.428595_30.541897_h0.jpg,kyiv,50.428595,30.541897,0,2021-11,streetview
data/images/kyiv/50.428595_30.541897_h90.jpg,kyiv,50.428595,30.541897,90,2021-11,streetview
data/images/kyiv/50.428595_30.541897_h180.jpg,kyiv,50.428595,30.541897,180,2021-11,streetview
data/images/kyiv/50.428595_30.541897_h270.jpg,kyiv,50.428595,30.541897,270,2021-11,streetview
data/images/kyiv/50.399489_30.384437_h0.jpg,kyiv,50.399489,30.384437,0,2018-11,streetview
data/images/kyiv/50.399489_30.384437_h90.jpg,kyiv,50.399489,30.384437,90,2018-11,streetview
data/images/kyiv/50.399489_30.384437_h180.jpg,kyiv,50.399489,30.384437,180,2018-11,streetview
data/images/kyiv/50.399489_30.384437_h270.jpg,kyiv,50.399489,30.384437,270,2018-11,streetview
data/images/kyiv/50.301394_30.372323_h0.jpg,kyiv,50.301394,30.372323,0,2021-08,streetview
data/images/kyiv/50.301394_30.372323_h90.jpg,kyiv,50.301394,30.372323,90,2021-08,streetview
data/images/kyiv/50.301394_30.372323_h180.jpg,kyiv,50.301394,30.372323,180,2021-08,streetview
data/images/kyiv/50.301394_30.372323_h270.jpg,kyiv,50.301394,30.372323,270,2021-08,streetview
data/images/kyiv/50.506209_30.5407_h0.jpg,kyiv,50.506209,30.5407,0,2021-04,streetview
data/images/kyiv/50.506209_30.5407_h90.jpg,kyiv,50.506209,30.5407,90,2021-04,streetview
data/images/kyiv/50.506209_30.5407_h180.jpg,kyiv,50.506209,30.5407,180,2021-04,streetview
data/images/kyiv/50.506209_30.5407_h270.jpg,kyiv,50.506209,30.5407,270,2021-04,streetview
data/images/kyiv/50.395178_30.485881_h0.jpg,kyiv,50.395178,30.485881,0,2024-10,streetview
data/images/kyiv/50.395178_30.485881_h90.jpg,kyiv,50.395178,30.485881,90,2024-10,streetview
data/images/kyiv/50.395178_30.485881_h180.jpg,kyiv,50.395178,30.485881,180,2024-10,streetview
data/images/kyiv/50.395178_30.485881_h270.jpg,kyiv,50.395178,30.485881,270,2024-10,streetview
data/images/kyiv/50.43614_30.491172_h0.jpg,kyiv,50.43614,30.491172,0,2021-08,streetview
data/images/kyiv/50.43614_30.491172_h90.jpg,kyiv,50.43614,30.491172,90,2021-08,streetview
data/images/kyiv/50.43614_30.491172_h180.jpg,kyiv,50.43614,30.491172,180,2021-08,streetview
data/images/kyiv/50.43614_30.491172_h270.jpg,kyiv,50.43614,30.491172,270,2021-08,streetview
data/images/kyiv/50.520222_30.46619_h0.jpg,kyiv,50.520222,30.46619,0,2020-02,streetview
data/images/kyiv/50.520222_30.46619_h90.jpg,kyiv,50.520222,30.46619,90,2020-02,streetview
data/images/kyiv/50.520222_30.46619_h180.jpg,kyiv,50.520222,30.46619,180,2020-02,streetview
data/images/kyiv/50.520222_30.46619_h270.jpg,kyiv,50.520222,30.46619,270,2020-02,streetview
data/images/kyiv/50.569809_30.705738_h0.jpg,kyiv,50.569809,30.705738,0,2019-03,streetview
data/images/kyiv/50.569809_30.705738_h90.jpg,kyiv,50.569809,30.705738,90,2019-03,streetview
data/images/kyiv/50.569809_30.705738_h180.jpg,kyiv,50.569809,30.705738,180,2019-03,streetview
data/images/kyiv/50.569809_30.705738_h270.jpg,kyiv,50.569809,30.705738,270,2019-03,streetview
data/images/kyiv/50.486805_30.471112_h0.jpg,kyiv,50.486805,30.471112,0,2019-03,streetview
data/images/kyiv/50.486805_30.471112_h90.jpg,kyiv,50.486805,30.471112,90,2019-03,streetview
data/images/kyiv/50.486805_30.471112_h180.jpg,kyiv,50.486805,30.471112,180,2019-03,streetview
data/images/kyiv/50.486805_30.471112_h270.jpg,kyiv,50.486805,30.471112,270,2019-03,streetview
data/images/kyiv/50.487883_30.494837_h0.jpg,kyiv,50.487883,30.494837,0,2019-12,streetview
data/images/kyiv/50.487883_30.494837_h90.jpg,kyiv,50.487883,30.494837,90,2019-12,streetview
data/images/kyiv/50.487883_30.494837_h180.jpg,kyiv,50.487883,30.494837,180,2019-12,streetview
data/images/kyiv/50.487883_30.494837_h270.jpg,kyiv,50.487883,30.494837,270,2019-12,streetview
data/images/kyiv/50.568731_30.705727_h0.jpg,kyiv,50.568731,30.705727,0,2020-04,streetview
data/images/kyiv/50.568731_30.705727_h90.jpg,kyiv,50.568731,30.705727,90,2020-04,streetview
data/images/kyiv/50.568731_30.705727_h180.jpg,kyiv,50.568731,30.705727,180,2020-04,streetview
data/images/kyiv/50.568731_30.705727_h270.jpg,kyiv,50.568731,30.705727,270,2020-04,streetview
data/images/kyiv/50.484649_30.52362_h0.jpg,kyiv,50.484649,30.52362,0,2021-11,streetview
data/images/kyiv/50.484649_30.52362_h90.jpg,kyiv,50.484649,30.52362,90,2021-11,streetview
data/images/kyiv/50.484649_30.52362_h180.jpg,kyiv,50.484649,30.52362,180,2021-11,streetview
data/images/kyiv/50.484649_30.52362_h270.jpg,kyiv,50.484649,30.52362,270,2021-11,streetview
data/images/kyiv/50.46848_30.652236_h0.jpg,kyiv,50.46848,30.652236,0,2020-04,streetview
data/images/kyiv/50.46848_30.652236_h90.jpg,kyiv,50.46848,30.652236,90,2020-04,streetview
data/images/kyiv/50.46848_30.652236_h180.jpg,kyiv,50.46848,30.652236,180,2020-04,streetview
data/images/kyiv/50.46848_30.652236_h270.jpg,kyiv,50.46848,30.652236,270,2020-04,streetview
data/images/kyiv/50.444764_30.445514_h0.jpg,kyiv,50.444764,30.445514,0,2019-03,streetview
data/images/kyiv/50.444764_30.445514_h90.jpg,kyiv,50.444764,30.445514,90,2019-03,streetview
data/images/kyiv/50.444764_30.445514_h180.jpg,kyiv,50.444764,30.445514,180,2019-03,streetview
data/images/kyiv/50.444764_30.445514_h270.jpg,kyiv,50.444764,30.445514,270,2019-03,streetview
data/images/kyiv/50.518066_30.584855_h0.jpg,kyiv,50.518066,30.584855,0,2019-03,streetview
data/images/kyiv/50.518066_30.584855_h90.jpg,kyiv,50.518066,30.584855,90,2019-03,streetview
data/images/kyiv/50.518066_30.584855_h180.jpg,kyiv,50.518066,30.584855,180,2019-03,streetview
data/images/kyiv/50.518066_30.584855_h270.jpg,kyiv,50.518066,30.584855,270,2019-03,streetview
data/images/kyiv/50.2766_30.709604_h0.jpg,kyiv,50.2766,30.709604,0,2019-11,streetview
data/images/kyiv/50.2766_30.709604_h90.jpg,kyiv,50.2766,30.709604,90,2019-11,streetview
data/images/kyiv/50.2766_30.709604_h180.jpg,kyiv,50.2766,30.709604,180,2019-11,streetview
data/images/kyiv/50.2766_30.709604_h270.jpg,kyiv,50.2766,30.709604,270,2019-11,streetview
data/images/kyiv/50.283068_30.689424_h0.jpg,kyiv,50.283068,30.689424,0,2019-11,streetview
data/images/kyiv/50.283068_30.689424_h90.jpg,kyiv,50.283068,30.689424,90,2019-11,streetview
data/images/kyiv/50.283068_30.689424_h180.jpg,kyiv,50.283068,30.689424,180,2019-11,streetview
data/images/kyiv/50.283068_30.689424_h270.jpg,kyiv,50.283068,30.689424,270,2019-11,streetview
data/images/kyiv/50.487883_30.371154_h0.jpg,kyiv,50.487883,30.371154,0,2019-04,streetview
data/images/kyiv/50.487883_30.371154_h90.jpg,kyiv,50.487883,30.371154,90,2019-04,streetview
data/images/kyiv/50.487883_30.371154_h180.jpg,kyiv,50.487883,30.371154,180,2019-04,streetview
data/images/kyiv/50.487883_30.371154_h270.jpg,kyiv,50.487883,30.371154,270,2019-04,streetview
data/images/kyiv/50.398411_30.386124_h0.jpg,kyiv,50.398411,30.386124,0,2018-11,streetview
data/images/kyiv/50.398411_30.386124_h90.jpg,kyiv,50.398411,30.386124,90,2018-11,streetview
data/images/kyiv/50.398411_30.386124_h180.jpg,kyiv,50.398411,30.386124,180,2018-11,streetview
data/images/kyiv/50.398411_30.386124_h270.jpg,kyiv,50.398411,30.386124,270,2018-11,streetview
data/images/kyiv/50.53747_30.593477_h0.jpg,kyiv,50.53747,30.593477,0,2020-06,streetview
data/images/kyiv/50.53747_30.593477_h90.jpg,kyiv,50.53747,30.593477,90,2020-06,streetview
data/images/kyiv/50.53747_30.593477_h180.jpg,kyiv,50.53747,30.593477,180,2020-06,streetview
data/images/kyiv/50.53747_30.593477_h270.jpg,kyiv,50.53747,30.593477,270,2020-06,streetview
data/images/kyiv/50.555796_30.653001_h0.jpg,kyiv,50.555796,30.653001,0,2019-03,streetview
data/images/kyiv/50.555796_30.653001_h90.jpg,kyiv,50.555796,30.653001,90,2019-03,streetview
data/images/kyiv/50.555796_30.653001_h180.jpg,kyiv,50.555796,30.653001,180,2019-03,streetview
data/images/kyiv/50.555796_30.653001_h270.jpg,kyiv,50.555796,30.653001,270,2019-03,streetview
data/images/kyiv/50.481415_30.440592_h0.jpg,kyiv,50.481415,30.440592,0,2019-03,streetview
data/images/kyiv/50.481415_30.440592_h90.jpg,kyiv,50.481415,30.440592,90,2019-03,streetview
data/images/kyiv/50.481415_30.440592_h180.jpg,kyiv,50.481415,30.440592,180,2019-03,streetview
data/images/kyiv/50.481415_30.440592_h270.jpg,kyiv,50.481415,30.440592,270,2019-03,streetview
data/images/kyiv/50.484649_30.594775_h0.jpg,kyiv,50.484649,30.594775,0,2021-11,streetview
data/images/kyiv/50.484649_30.594775_h90.jpg,kyiv,50.484649,30.594775,90,2021-11,streetview
data/images/kyiv/50.484649_30.594775_h180.jpg,kyiv,50.484649,30.594775,180,2021-11,streetview
data/images/kyiv/50.484649_30.594775_h270.jpg,kyiv,50.484649,30.594775,270,2021-11,streetview
data/images/kyiv/50.38871_30.60589_h0.jpg,kyiv,50.38871,30.60589,0,2019-11,streetview
data/images/kyiv/50.38871_30.60589_h90.jpg,kyiv,50.38871,30.60589,90,2019-11,streetview
data/images/kyiv/50.38871_30.60589_h180.jpg,kyiv,50.38871,30.60589,180,2019-11,streetview
data/images/kyiv/50.38871_30.60589_h270.jpg,kyiv,50.38871,30.60589,270,2019-11,streetview
data/images/kyiv/50.404879_30.614472_h0.jpg,kyiv,50.404879,30.614472,0,2019-09,streetview
data/images/kyiv/50.404879_30.614472_h90.jpg,kyiv,50.404879,30.614472,90,2019-09,streetview
data/images/kyiv/50.404879_30.614472_h180.jpg,kyiv,50.404879,30.614472,180,2019-09,streetview
data/images/kyiv/50.404879_30.614472_h270.jpg,kyiv,50.404879,30.614472,270,2019-09,streetview
data/images/kyiv/50.539626_30.596886_h0.jpg,kyiv,50.539626,30.596886,0,2019-03,streetview
data/images/kyiv/50.539626_30.596886_h90.jpg,kyiv,50.539626,30.596886,90,2019-03,streetview
data/images/kyiv/50.539626_30.596886_h180.jpg,kyiv,50.539626,30.596886,180,2019-03,streetview
data/images/kyiv/50.539626_30.596886_h270.jpg,kyiv,50.539626,30.596886,270,2019-03,streetview
data/images/kyiv/50.44692_30.482766_h0.jpg,kyiv,50.44692,30.482766,0,2020-06,streetview
data/images/kyiv/50.44692_30.482766_h90.jpg,kyiv,50.44692,30.482766,90,2020-06,streetview
data/images/kyiv/50.44692_30.482766_h180.jpg,kyiv,50.44692,30.482766,180,2020-06,streetview
data/images/kyiv/50.44692_30.482766_h270.jpg,kyiv,50.44692,30.482766,270,2020-06,streetview
data/images/kyiv/50.528846_30.518799_h0.jpg,kyiv,50.528846,30.518799,0,2021-08,streetview
data/images/kyiv/50.528846_30.518799_h90.jpg,kyiv,50.528846,30.518799,90,2021-08,streetview
data/images/kyiv/50.528846_30.518799_h180.jpg,kyiv,50.528846,30.518799,180,2021-08,streetview
data/images/kyiv/50.528846_30.518799_h270.jpg,kyiv,50.528846,30.518799,270,2021-08,streetview
data/images/kyiv/50.419971_30.633202_h0.jpg,kyiv,50.419971,30.633202,0,2018-11,streetview
data/images/kyiv/50.419971_30.633202_h90.jpg,kyiv,50.419971,30.633202,90,2018-11,streetview
data/images/kyiv/50.419971_30.633202_h180.jpg,kyiv,50.419971,30.633202,180,2018-11,streetview
data/images/kyiv/50.419971_30.633202_h270.jpg,kyiv,50.419971,30.633202,270,2018-11,streetview
data/images/kyiv/50.458778_30.355834_h0.jpg,kyiv,50.458778,30.355834,0,2020-09,streetview
data/images/kyiv/50.458778_30.355834_h90.jpg,kyiv,50.458778,30.355834,90,2020-09,streetview
data/images/kyiv/50.458778_30.355834_h180.jpg,kyiv,50.458778,30.355834,180,2020-09,streetview
data/images/kyiv/50.458778_30.355834_h270.jpg,kyiv,50.458778,30.355834,270,2020-09,streetview
data/images/kyiv/50.428595_30.604507_h0.jpg,kyiv,50.428595,30.604507,0,2021-03,streetview
data/images/kyiv/50.428595_30.604507_h90.jpg,kyiv,50.428595,30.604507,90,2021-03,streetview
data/images/kyiv/50.428595_30.604507_h180.jpg,kyiv,50.428595,30.604507,180,2021-03,streetview
data/images/kyiv/50.428595_30.604507_h270.jpg,kyiv,50.428595,30.604507,270,2021-03,streetview
data/images/kyiv/50.482493_30.413491_h0.jpg,kyiv,50.482493,30.413491,0,2021-05,streetview
data/images/kyiv/50.482493_30.413491_h90.jpg,kyiv,50.482493,30.413491,90,2021-05,streetview
data/images/kyiv/50.482493_30.413491_h180.jpg,kyiv,50.482493,30.413491,180,2021-05,streetview
data/images/kyiv/50.482493_30.413491_h270.jpg,kyiv,50.482493,30.413491,270,2021-05,streetview
data/images/kyiv/50.481415_30.486332_h0.jpg,kyiv,50.481415,30.486332,0,2020-02,streetview
data/images/kyiv/50.481415_30.486332_h90.jpg,kyiv,50.481415,30.486332,90,2020-02,streetview
data/images/kyiv/50.481415_30.486332_h180.jpg,kyiv,50.481415,30.486332,180,2020-02,streetview
data/images/kyiv/50.481415_30.486332_h270.jpg,kyiv,50.481415,30.486332,270,2020-02,streetview
data/images/kyiv/50.433985_30.616395_h0.jpg,kyiv,50.433985,30.616395,0,2019-05,streetview
data/images/kyiv/50.433985_30.616395_h90.jpg,kyiv,50.433985,30.616395,90,2019-05,streetview
data/images/kyiv/50.433985_30.616395_h180.jpg,kyiv,50.433985,30.616395,180,2019-05,streetview
data/images/kyiv/50.433985_30.616395_h270.jpg,kyiv,50.433985,30.616395,270,2019-05,streetview
data/images/kyiv/50.4577_30.506526_h0.jpg,kyiv,50.4577,30.506526,0,2021-11,streetview
data/images/kyiv/50.4577_30.506526_h90.jpg,kyiv,50.4577,30.506526,90,2021-11,streetview
data/images/kyiv/50.4577_30.506526_h180.jpg,kyiv,50.4577,30.506526,180,2021-11,streetview
data/images/kyiv/50.4577_30.506526_h270.jpg,kyiv,50.4577,30.506526,270,2021-11,streetview
data/images/kyiv/50.415659_30.529972_h0.jpg,kyiv,50.415659,30.529972,0,2018-10,streetview
data/images/kyiv/50.415659_30.529972_h90.jpg,kyiv,50.415659,30.529972,90,2018-10,streetview
data/images/kyiv/50.415659_30.529972_h180.jpg,kyiv,50.415659,30.529972,180,2018-10,streetview
data/images/kyiv/50.415659_30.529972_h270.jpg,kyiv,50.415659,30.529972,270,2018-10,streetview
data/images/kyiv/50.433985_30.321925_h0.jpg,kyiv,50.433985,30.321925,0,2019-08,streetview
data/images/kyiv/50.433985_30.321925_h90.jpg,kyiv,50.433985,30.321925,90,2019-08,streetview
data/images/kyiv/50.433985_30.321925_h180.jpg,kyiv,50.433985,30.321925,180,2019-08,streetview
data/images/kyiv/50.433985_30.321925_h270.jpg,kyiv,50.433985,30.321925,270,2019-08,streetview
data/images/kyiv/50.52669_30.461134_h0.jpg,kyiv,50.52669,30.461134,0,2020-05,streetview
data/images/kyiv/50.52669_30.461134_h90.jpg,kyiv,50.52669,30.461134,90,2020-05,streetview
data/images/kyiv/50.52669_30.461134_h180.jpg,kyiv,50.52669,30.461134,180,2020-05,streetview
data/images/kyiv/50.52669_30.461134_h270.jpg,kyiv,50.52669,30.461134,270,2020-05,streetview
data/images/kyiv/50.551484_30.622424_h0.jpg,kyiv,50.551484,30.622424,0,2021-08,streetview
data/images/kyiv/50.551484_30.622424_h90.jpg,kyiv,50.551484,30.622424,90,2021-08,streetview
data/images/kyiv/50.551484_30.622424_h180.jpg,kyiv,50.551484,30.622424,180,2021-08,streetview
data/images/kyiv/50.551484_30.622424_h270.jpg,kyiv,50.551484,30.622424,270,2021-08,streetview
data/images/kyiv/50.455544_30.345667_h0.jpg,kyiv,50.455544,30.345667,0,2026-01,streetview
data/images/kyiv/50.455544_30.345667_h90.jpg,kyiv,50.455544,30.345667,90,2026-01,streetview
data/images/kyiv/50.455544_30.345667_h180.jpg,kyiv,50.455544,30.345667,180,2026-01,streetview
data/images/kyiv/50.455544_30.345667_h270.jpg,kyiv,50.455544,30.345667,270,2026-01,streetview
data/images/kyiv/50.514833_30.244086_h0.jpg,kyiv,50.514833,30.244086,0,2021-06,streetview
data/images/kyiv/50.514833_30.244086_h90.jpg,kyiv,50.514833,30.244086,90,2021-06,streetview
data/images/kyiv/50.514833_30.244086_h180.jpg,kyiv,50.514833,30.244086,180,2021-06,streetview
data/images/kyiv/50.514833_30.244086_h270.jpg,kyiv,50.514833,30.244086,270,2021-06,streetview
data/images/kyiv/50.497585_30.366097_h0.jpg,kyiv,50.497585,30.366097,0,2019-04,streetview
data/images/kyiv/50.497585_30.366097_h90.jpg,kyiv,50.497585,30.366097,90,2019-04,streetview
data/images/kyiv/50.497585_30.366097_h180.jpg,kyiv,50.497585,30.366097,180,2019-04,streetview
data/images/kyiv/50.497585_30.366097_h270.jpg,kyiv,50.497585,30.366097,270,2019-04,streetview
data/images/kyiv/50.248573_30.377232_h0.jpg,kyiv,50.248573,30.377232,0,2021-12,streetview
data/images/kyiv/50.248573_30.377232_h90.jpg,kyiv,50.248573,30.377232,90,2021-12,streetview
data/images/kyiv/50.248573_30.377232_h180.jpg,kyiv,50.248573,30.377232,180,2021-12,streetview
data/images/kyiv/50.248573_30.377232_h270.jpg,kyiv,50.248573,30.377232,270,2021-12,streetview
data/images/kyiv/50.329421_30.824954_h0.jpg,kyiv,50.329421,30.824954,0,2020-08,streetview
data/images/kyiv/50.329421_30.824954_h90.jpg,kyiv,50.329421,30.824954,90,2020-08,streetview
data/images/kyiv/50.329421_30.824954_h180.jpg,kyiv,50.329421,30.824954,180,2020-08,streetview
data/images/kyiv/50.329421_30.824954_h270.jpg,kyiv,50.329421,30.824954,270,2020-08,streetview
data/images/kyiv/50.393022_30.602542_h0.jpg,kyiv,50.393022,30.602542,0,2019-10,streetview
data/images/kyiv/50.393022_30.602542_h90.jpg,kyiv,50.393022,30.602542,90,2019-10,streetview
data/images/kyiv/50.393022_30.602542_h180.jpg,kyiv,50.393022,30.602542,180,2019-10,streetview
data/images/kyiv/50.393022_30.602542_h270.jpg,kyiv,50.393022,30.602542,270,2019-10,streetview
data/images/kyiv/50.396255_30.631314_h0.jpg,kyiv,50.396255,30.631314,0,2023-04,streetview
data/images/kyiv/50.396255_30.631314_h90.jpg,kyiv,50.396255,30.631314,90,2023-04,streetview
data/images/kyiv/50.396255_30.631314_h180.jpg,kyiv,50.396255,30.631314,180,2023-04,streetview
data/images/kyiv/50.396255_30.631314_h270.jpg,kyiv,50.396255,30.631314,270,2023-04,streetview
data/images/kyiv/50.47387_30.442254_h0.jpg,kyiv,50.47387,30.442254,0,2019-10,streetview
data/images/kyiv/50.47387_30.442254_h90.jpg,kyiv,50.47387,30.442254,90,2019-10,streetview
data/images/kyiv/50.47387_30.442254_h180.jpg,kyiv,50.47387,30.442254,180,2019-10,streetview
data/images/kyiv/50.47387_30.442254_h270.jpg,kyiv,50.47387,30.442254,270,2019-10,streetview
data/images/kyiv/50.454466_30.528518_h0.jpg,kyiv,50.454466,30.528518,0,2018-11,streetview
data/images/kyiv/50.454466_30.528518_h90.jpg,kyiv,50.454466,30.528518,90,2018-11,streetview
data/images/kyiv/50.454466_30.528518_h180.jpg,kyiv,50.454466,30.528518,180,2018-11,streetview
data/images/kyiv/50.454466_30.528518_h270.jpg,kyiv,50.454466,30.528518,270,2018-11,streetview
data/images/kyiv/50.472792_30.51508_h0.jpg,kyiv,50.472792,30.51508,0,2024-07,streetview
data/images/kyiv/50.472792_30.51508_h90.jpg,kyiv,50.472792,30.51508,90,2024-07,streetview
data/images/kyiv/50.472792_30.51508_h180.jpg,kyiv,50.472792,30.51508,180,2024-07,streetview
data/images/kyiv/50.472792_30.51508_h270.jpg,kyiv,50.472792,30.51508,270,2024-07,streetview
data/images/kyiv/50.379008_30.575388_h0.jpg,kyiv,50.379008,30.575388,0,2021-10,streetview
data/images/kyiv/50.379008_30.575388_h90.jpg,kyiv,50.379008,30.575388,90,2021-10,streetview
data/images/kyiv/50.379008_30.575388_h180.jpg,kyiv,50.379008,30.575388,180,2021-10,streetview
data/images/kyiv/50.379008_30.575388_h270.jpg,kyiv,50.379008,30.575388,270,2021-10,streetview
data/images/kyiv/50.502975_30.425431_h0.jpg,kyiv,50.502975,30.425431,0,2020-07,streetview
data/images/kyiv/50.502975_30.425431_h90.jpg,kyiv,50.502975,30.425431,90,2020-07,streetview
data/images/kyiv/50.502975_30.425431_h180.jpg,kyiv,50.502975,30.425431,180,2020-07,streetview
data/images/kyiv/50.502975_30.425431_h270.jpg,kyiv,50.502975,30.425431,270,2020-07,streetview
data/images/kyiv/50.408113_30.33372_h0.jpg,kyiv,50.408113,30.33372,0,2019-07,streetview
data/images/kyiv/50.408113_30.33372_h90.jpg,kyiv,50.408113,30.33372,90,2019-07,streetview
data/images/kyiv/50.408113_30.33372_h180.jpg,kyiv,50.408113,30.33372,180,2019-07,streetview
data/images/kyiv/50.408113_30.33372_h270.jpg,kyiv,50.408113,30.33372,270,2019-07,streetview
data/images/kyiv/50.438296_30.518264_h0.jpg,kyiv,50.438296,30.518264,0,2021-10,streetview
data/images/kyiv/50.438296_30.518264_h90.jpg,kyiv,50.438296,30.518264,90,2021-10,streetview
data/images/kyiv/50.438296_30.518264_h180.jpg,kyiv,50.438296,30.518264,180,2021-10,streetview
data/images/kyiv/50.438296_30.518264_h270.jpg,kyiv,50.438296,30.518264,270,2021-10,streetview
data/images/kyiv/50.435063_30.357467_h0.jpg,kyiv,50.435063,30.357467,0,2020-11,streetview
data/images/kyiv/50.435063_30.357467_h90.jpg,kyiv,50.435063,30.357467,90,2020-11,streetview
data/images/kyiv/50.435063_30.357467_h180.jpg,kyiv,50.435063,30.357467,180,2020-11,streetview
data/images/kyiv/50.435063_30.357467_h270.jpg,kyiv,50.435063,30.357467,270,2020-11,streetview
data/images/kyiv/50.230248_30.375494_h0.jpg,kyiv,50.230248,30.375494,0,2020-06,streetview
data/images/kyiv/50.230248_30.375494_h90.jpg,kyiv,50.230248,30.375494,90,2020-06,streetview
data/images/kyiv/50.230248_30.375494_h180.jpg,kyiv,50.230248,30.375494,180,2020-06,streetview
data/images/kyiv/50.230248_30.375494_h270.jpg,kyiv,50.230248,30.375494,270,2020-06,streetview
data/images/kyiv/50.589213_30.486897_h0.jpg,kyiv,50.589213,30.486897,0,2020-08,streetview
data/images/kyiv/50.589213_30.486897_h90.jpg,kyiv,50.589213,30.486897,90,2020-08,streetview
data/images/kyiv/50.589213_30.486897_h180.jpg,kyiv,50.589213,30.486897,180,2020-08,streetview
data/images/kyiv/50.589213_30.486897_h270.jpg,kyiv,50.589213,30.486897,270,2020-08,streetview
data/images/kyiv/50.580589_30.71603_h0.jpg,kyiv,50.580589,30.71603,0,2020-04,streetview
data/images/kyiv/50.580589_30.71603_h90.jpg,kyiv,50.580589,30.71603,90,2020-04,streetview
data/images/kyiv/50.580589_30.71603_h180.jpg,kyiv,50.580589,30.71603,180,2020-04,streetview
data/images/kyiv/50.580589_30.71603_h270.jpg,kyiv,50.580589,30.71603,270,2020-04,streetview
data/images/kyiv/50.46309_30.650495_h0.jpg,kyiv,50.46309,30.650495,0,2019-05,streetview
data/images/kyiv/50.46309_30.650495_h90.jpg,kyiv,50.46309,30.650495,90,2019-05,streetview
data/images/kyiv/50.46309_30.650495_h180.jpg,kyiv,50.46309,30.650495,180,2019-05,streetview
data/images/kyiv/50.46309_30.650495_h270.jpg,kyiv,50.46309,30.650495,270,2019-05,streetview
data/images/kyiv/50.551484_30.647873_h0.jpg,kyiv,50.551484,30.647873,0,2020-04,streetview
data/images/kyiv/50.551484_30.647873_h90.jpg,kyiv,50.551484,30.647873,90,2020-04,streetview
data/images/kyiv/50.551484_30.647873_h180.jpg,kyiv,50.551484,30.647873,180,2020-04,streetview
data/images/kyiv/50.551484_30.647873_h270.jpg,kyiv,50.551484,30.647873,270,2020-04,streetview
data/images/kyiv/50.546094_30.500242_h0.jpg,kyiv,50.546094,30.500242,0,2021-05,streetview
data/images/kyiv/50.546094_30.500242_h90.jpg,kyiv,50.546094,30.500242,90,2021-05,streetview
data/images/kyiv/50.546094_30.500242_h180.jpg,kyiv,50.546094,30.500242,180,2021-05,streetview
data/images/kyiv/50.546094_30.500242_h270.jpg,kyiv,50.546094,30.500242,270,2021-05,streetview
data/images/kyiv/50.417815_30.638259_h0.jpg,kyiv,50.417815,30.638259,0,2018-08,streetview
data/images/kyiv/50.417815_30.638259_h90.jpg,kyiv,50.417815,30.638259,90,2018-08,streetview
data/images/kyiv/50.417815_30.638259_h180.jpg,kyiv,50.417815,30.638259,180,2018-08,streetview
data/images/kyiv/50.417815_30.638259_h270.jpg,kyiv,50.417815,30.638259,270,2018-08,streetview
data/images/kyiv/50.514833_30.422087_h0.jpg,kyiv,50.514833,30.422087,0,2019-09,streetview
data/images/kyiv/50.514833_30.422087_h90.jpg,kyiv,50.514833,30.422087,90,2019-09,streetview
data/images/kyiv/50.514833_30.422087_h180.jpg,kyiv,50.514833,30.422087,180,2019-09,streetview
data/images/kyiv/50.514833_30.422087_h270.jpg,kyiv,50.514833,30.422087,270,2019-09,streetview
data/images/kyiv/50.408113_30.611115_h0.jpg,kyiv,50.408113,30.611115,0,2024-08,streetview
data/images/kyiv/50.408113_30.611115_h90.jpg,kyiv,50.408113,30.611115,90,2024-08,streetview
data/images/kyiv/50.408113_30.611115_h180.jpg,kyiv,50.408113,30.611115,180,2024-08,streetview
data/images/kyiv/50.408113_30.611115_h270.jpg,kyiv,50.408113,30.611115,270,2024-08,streetview
data/images/kyiv/50.358526_30.722243_h0.jpg,kyiv,50.358526,30.722243,0,2020-08,streetview
data/images/kyiv/50.358526_30.722243_h90.jpg,kyiv,50.358526,30.722243,90,2020-08,streetview
data/images/kyiv/50.358526_30.722243_h180.jpg,kyiv,50.358526,30.722243,180,2020-08,streetview
data/images/kyiv/50.358526_30.722243_h270.jpg,kyiv,50.358526,30.722243,270,2020-08,streetview
data/images/kyiv/50.269055_30.719648_h0.jpg,kyiv,50.269055,30.719648,0,2019-11,streetview
data/images/kyiv/50.269055_30.719648_h90.jpg,kyiv,50.269055,30.719648,90,2019-11,streetview
data/images/kyiv/50.269055_30.719648_h180.jpg,kyiv,50.269055,30.719648,180,2019-11,streetview
data/images/kyiv/50.269055_30.719648_h270.jpg,kyiv,50.269055,30.719648,270,2019-11,streetview
data/images/kyiv/50.469558_30.335537_h0.jpg,kyiv,50.469558,30.335537,0,2019-04,streetview
data/images/kyiv/50.469558_30.335537_h90.jpg,kyiv,50.469558,30.335537,90,2019-04,streetview
data/images/kyiv/50.469558_30.335537_h180.jpg,kyiv,50.469558,30.335537,180,2019-04,streetview
data/images/kyiv/50.469558_30.335537_h270.jpg,kyiv,50.469558,30.335537,270,2019-04,streetview
data/images/kyiv/50.456622_30.486202_h0.jpg,kyiv,50.456622,30.486202,0,2021-07,streetview
data/images/kyiv/50.456622_30.486202_h90.jpg,kyiv,50.456622,30.486202,90,2021-07,streetview
data/images/kyiv/50.456622_30.486202_h180.jpg,kyiv,50.456622,30.486202,180,2021-07,streetview
data/images/kyiv/50.456622_30.486202_h270.jpg,kyiv,50.456622,30.486202,270,2021-07,streetview
data/images/kyiv/50.549328_30.476509_h0.jpg,kyiv,50.549328,30.476509,0,2018-10,streetview
data/images/kyiv/50.549328_30.476509_h90.jpg,kyiv,50.549328,30.476509,90,2018-10,streetview
data/images/kyiv/50.549328_30.476509_h180.jpg,kyiv,50.549328,30.476509,180,2018-10,streetview
data/images/kyiv/50.549328_30.476509_h270.jpg,kyiv,50.549328,30.476509,270,2018-10,streetview
data/images/kyiv/50.417815_30.392952_h0.jpg,kyiv,50.417815,30.392952,0,2021-12,streetview
data/images/kyiv/50.417815_30.392952_h90.jpg,kyiv,50.417815,30.392952,90,2021-12,streetview
data/images/kyiv/50.417815_30.392952_h180.jpg,kyiv,50.417815,30.392952,180,2021-12,streetview
data/images/kyiv/50.417815_30.392952_h270.jpg,kyiv,50.417815,30.392952,270,2021-12,streetview
data/images/kyiv/50.495429_30.376259_h0.jpg,kyiv,50.495429,30.376259,0,2023-10,streetview
data/images/kyiv/50.495429_30.376259_h90.jpg,kyiv,50.495429,30.376259,90,2023-10,streetview
data/images/kyiv/50.495429_30.376259_h180.jpg,kyiv,50.495429,30.376259,180,2023-10,streetview
data/images/kyiv/50.495429_30.376259_h270.jpg,kyiv,50.495429,30.376259,270,2023-10,streetview
data/images/kyiv/50.402723_30.36246_h0.jpg,kyiv,50.402723,30.36246,0,2019-07,streetview
data/images/kyiv/50.402723_30.36246_h90.jpg,kyiv,50.402723,30.36246,90,2019-07,streetview
data/images/kyiv/50.402723_30.36246_h180.jpg,kyiv,50.402723,30.36246,180,2019-07,streetview
data/images/kyiv/50.402723_30.36246_h270.jpg,kyiv,50.402723,30.36246,270,2019-07,streetview
data/images/kyiv/50.403801_30.360772_h0.jpg,kyiv,50.403801,30.360772,0,2019-07,streetview
data/images/kyiv/50.403801_30.360772_h90.jpg,kyiv,50.403801,30.360772,90,2019-07,streetview
data/images/kyiv/50.403801_30.360772_h180.jpg,kyiv,50.403801,30.360772,180,2019-07,streetview
data/images/kyiv/50.403801_30.360772_h270.jpg,kyiv,50.403801,30.360772,270,2019-07,streetview
data/images/kyiv/50.393022_30.480797_h0.jpg,kyiv,50.393022,30.480797,0,2019-09,streetview
data/images/kyiv/50.393022_30.480797_h90.jpg,kyiv,50.393022,30.480797,90,2019-09,streetview
data/images/kyiv/50.393022_30.480797_h180.jpg,kyiv,50.393022,30.480797,180,2019-09,streetview
data/images/kyiv/50.393022_30.480797_h270.jpg,kyiv,50.393022,30.480797,270,2019-09,streetview
data/images/kyiv/50.391944_30.458811_h0.jpg,kyiv,50.391944,30.458811,0,2024-06,streetview
data/images/kyiv/50.391944_30.458811_h90.jpg,kyiv,50.391944,30.458811,90,2024-06,streetview
data/images/kyiv/50.391944_30.458811_h180.jpg,kyiv,50.391944,30.458811,180,2024-06,streetview
data/images/kyiv/50.391944_30.458811_h270.jpg,kyiv,50.391944,30.458811,270,2024-06,streetview
data/images/kyiv/50.368228_30.458701_h0.jpg,kyiv,50.368228,30.458701,0,2025-02,streetview
data/images/kyiv/50.368228_30.458701_h90.jpg,kyiv,50.368228,30.458701,90,2025-02,streetview
data/images/kyiv/50.368228_30.458701_h180.jpg,kyiv,50.368228,30.458701,180,2025-02,streetview
data/images/kyiv/50.368228_30.458701_h270.jpg,kyiv,50.368228,30.458701,270,2025-02,streetview
data/images/kyiv/50.45231_30.525119_h0.jpg,kyiv,50.45231,30.525119,0,2018-11,streetview
data/images/kyiv/50.45231_30.525119_h90.jpg,kyiv,50.45231,30.525119,90,2018-11,streetview
data/images/kyiv/50.45231_30.525119_h180.jpg,kyiv,50.45231,30.525119,180,2018-11,streetview
data/images/kyiv/50.45231_30.525119_h270.jpg,kyiv,50.45231,30.525119,270,2018-11,streetview
data/images/kyiv/50.2766_30.712978_h0.jpg,kyiv,50.2766,30.712978,0,2019-11,streetview
data/images/kyiv/50.2766_30.712978_h90.jpg,kyiv,50.2766,30.712978,90,2019-11,streetview
data/images/kyiv/50.2766_30.712978_h180.jpg,kyiv,50.2766,30.712978,180,2019-11,streetview
data/images/kyiv/50.2766_30.712978_h270.jpg,kyiv,50.2766,30.712978,270,2019-11,streetview
data/images/kyiv/50.410269_30.448747_h0.jpg,kyiv,50.410269,30.448747,0,2019-03,streetview
data/images/kyiv/50.410269_30.448747_h90.jpg,kyiv,50.410269,30.448747,90,2019-03,streetview
data/images/kyiv/50.410269_30.448747_h180.jpg,kyiv,50.410269,30.448747,180,2019-03,streetview
data/images/kyiv/50.410269_30.448747_h270.jpg,kyiv,50.410269,30.448747,270,2019-03,streetview
data/images/kyiv/50.527768_30.584926_h0.jpg,kyiv,50.527768,30.584926,0,2020-04,streetview
data/images/kyiv/50.527768_30.584926_h90.jpg,kyiv,50.527768,30.584926,90,2020-04,streetview
data/images/kyiv/50.527768_30.584926_h180.jpg,kyiv,50.527768,30.584926,180,2020-04,streetview
data/images/kyiv/50.527768_30.584926_h270.jpg,kyiv,50.527768,30.584926,270,2020-04,streetview
data/images/kyiv/50.45231_30.619927_h0.jpg,kyiv,50.45231,30.619927,0,2021-01,streetview
data/images/kyiv/50.45231_30.619927_h90.jpg,kyiv,50.45231,30.619927,90,2021-01,streetview
data/images/kyiv/50.45231_30.619927_h180.jpg,kyiv,50.45231,30.619927,180,2021-01,streetview
data/images/kyiv/50.45231_30.619927_h270.jpg,kyiv,50.45231,30.619927,270,2021-01,streetview
data/images/kyiv/50.416737_30.538438_h0.jpg,kyiv,50.416737,30.538438,0,2025-06,streetview
data/images/kyiv/50.416737_30.538438_h90.jpg,kyiv,50.416737,30.538438,90,2025-06,streetview
data/images/kyiv/50.416737_30.538438_h180.jpg,kyiv,50.416737,30.538438,180,2025-06,streetview
data/images/kyiv/50.416737_30.538438_h270.jpg,kyiv,50.416737,30.538438,270,2025-06,streetview
data/images/kyiv/50.490039_30.388104_h0.jpg,kyiv,50.490039,30.388104,0,2019-04,streetview
data/images/kyiv/50.490039_30.388104_h90.jpg,kyiv,50.490039,30.388104,90,2019-04,streetview
data/images/kyiv/50.490039_30.388104_h180.jpg,kyiv,50.490039,30.388104,180,2019-04,streetview
data/images/kyiv/50.490039_30.388104_h270.jpg,kyiv,50.490039,30.388104,270,2019-04,streetview
data/images/kyiv/50.432907_30.321923_h0.jpg,kyiv,50.432907,30.321923,0,2019-08,streetview
data/images/kyiv/50.432907_30.321923_h90.jpg,kyiv,50.432907,30.321923,90,2019-08,streetview
data/images/kyiv/50.432907_30.321923_h180.jpg,kyiv,50.432907,30.321923,180,2019-08,streetview
data/images/kyiv/50.432907_30.321923_h270.jpg,kyiv,50.432907,30.321923,270,2019-08,streetview
data/images/kyiv/50.459856_30.34229_h0.jpg,kyiv,50.459856,30.34229,0,2020-09,streetview
data/images/kyiv/50.459856_30.34229_h90.jpg,kyiv,50.459856,30.34229,90,2020-09,streetview
data/images/kyiv/50.459856_30.34229_h180.jpg,kyiv,50.459856,30.34229,180,2020-09,streetview
data/images/kyiv/50.459856_30.34229_h270.jpg,kyiv,50.459856,30.34229,270,2020-09,streetview
data/images/kyiv/50.500819_30.461012_h0.jpg,kyiv,50.500819,30.461012,0,2020-11,streetview
data/images/kyiv/50.500819_30.461012_h90.jpg,kyiv,50.500819,30.461012,90,2020-11,streetview
data/images/kyiv/50.500819_30.461012_h180.jpg,kyiv,50.500819,30.461012,180,2020-11,streetview
data/images/kyiv/50.500819_30.461012_h270.jpg,kyiv,50.500819,30.461012,270,2020-11,streetview
data/images/kyiv/50.471714_30.484587_h0.jpg,kyiv,50.471714,30.484587,0,2019-07,streetview
data/images/kyiv/50.471714_30.484587_h90.jpg,kyiv,50.471714,30.484587,90,2019-07,streetview
data/images/kyiv/50.471714_30.484587_h180.jpg,kyiv,50.471714,30.484587,180,2019-07,streetview
data/images/kyiv/50.471714_30.484587_h270.jpg,kyiv,50.471714,30.484587,270,2019-07,streetview
data/images/kyiv/50.432907_30.475924_h0.jpg,kyiv,50.432907,30.475924,0,2025-05,streetview
data/images/kyiv/50.432907_30.475924_h90.jpg,kyiv,50.432907,30.475924,90,2025-05,streetview
data/images/kyiv/50.432907_30.475924_h180.jpg,kyiv,50.432907,30.475924,180,2025-05,streetview
data/images/kyiv/50.432907_30.475924_h270.jpg,kyiv,50.432907,30.475924,270,2025-05,streetview
data/images/kyiv/50.524534_30.476384_h0.jpg,kyiv,50.524534,30.476384,0,2021-03,streetview
data/images/kyiv/50.524534_30.476384_h90.jpg,kyiv,50.524534,30.476384,90,2021-03,streetview
data/images/kyiv/50.524534_30.476384_h180.jpg,kyiv,50.524534,30.476384,180,2021-03,streetview
data/images/kyiv/50.524534_30.476384_h270.jpg,kyiv,50.524534,30.476384,270,2021-03,streetview
data/images/kyiv/50.45231_30.523426_h0.jpg,kyiv,50.45231,30.523426,0,2025-11,streetview
data/images/kyiv/50.45231_30.523426_h90.jpg,kyiv,50.45231,30.523426,90,2025-11,streetview
data/images/kyiv/50.45231_30.523426_h180.jpg,kyiv,50.45231,30.523426,180,2025-11,streetview
data/images/kyiv/50.45231_30.523426_h270.jpg,kyiv,50.45231,30.523426,270,2025-11,streetview
data/images/kyiv/50.430751_30.658675_h0.jpg,kyiv,50.430751,30.658675,0,2019-06,streetview
data/images/kyiv/50.430751_30.658675_h90.jpg,kyiv,50.430751,30.658675,90,2019-06,streetview
data/images/kyiv/50.430751_30.658675_h180.jpg,kyiv,50.430751,30.658675,180,2019-06,streetview
data/images/kyiv/50.430751_30.658675_h270.jpg,kyiv,50.430751,30.658675,270,2019-06,streetview
data/images/kyiv/50.429673_30.370992_h0.jpg,kyiv,50.429673,30.370992,0,2019-03,streetview
data/images/kyiv/50.429673_30.370992_h90.jpg,kyiv,50.429673,30.370992,90,2019-03,streetview
data/images/kyiv/50.429673_30.370992_h180.jpg,kyiv,50.429673,30.370992,180,2019-03,streetview
data/images/kyiv/50.429673_30.370992_h270.jpg,kyiv,50.429673,30.370992,270,2019-03,streetview
data/images/kyiv/50.435063_30.492859_h0.jpg,kyiv,50.435063,30.492859,0,2021-03,streetview
data/images/kyiv/50.435063_30.492859_h90.jpg,kyiv,50.435063,30.492859,90,2021-03,streetview
data/images/kyiv/50.435063_30.492859_h180.jpg,kyiv,50.435063,30.492859,180,2021-03,streetview
data/images/kyiv/50.435063_30.492859_h270.jpg,kyiv,50.435063,30.492859,270,2021-03,streetview
data/images/kyiv/50.525612_30.474694_h0.jpg,kyiv,50.525612,30.474694,0,2021-03,streetview
data/images/kyiv/50.525612_30.474694_h90.jpg,kyiv,50.525612,30.474694,90,2021-03,streetview
data/images/kyiv/50.525612_30.474694_h180.jpg,kyiv,50.525612,30.474694,180,2021-03,streetview
data/images/kyiv/50.525612_30.474694_h270.jpg,kyiv,50.525612,30.474694,270,2021-03,streetview
data/images/kyiv/50.243183_30.368789_h0.jpg,kyiv,50.243183,30.368789,0,2021-12,streetview
data/images/kyiv/50.243183_30.368789_h90.jpg,kyiv,50.243183,30.368789,90,2021-12,streetview
data/images/kyiv/50.243183_30.368789_h180.jpg,kyiv,50.243183,30.368789,180,2021-12,streetview
data/images/kyiv/50.243183_30.368789_h270.jpg,kyiv,50.243183,30.368789,270,2021-12,streetview
data/images/kyiv/50.400567_30.32694_h0.jpg,kyiv,50.400567,30.32694,0,2019-08,streetview
data/images/kyiv/50.400567_30.32694_h90.jpg,kyiv,50.400567,30.32694,90,2019-08,streetview
data/images/kyiv/50.400567_30.32694_h180.jpg,kyiv,50.400567,30.32694,180,2019-08,streetview
data/images/kyiv/50.400567_30.32694_h270.jpg,kyiv,50.400567,30.32694,270,2019-08,streetview
data/images/kyiv/50.497585_30.442356_h0.jpg,kyiv,50.497585,30.442356,0,2024-07,streetview
data/images/kyiv/50.497585_30.442356_h90.jpg,kyiv,50.497585,30.442356,90,2024-07,streetview
data/images/kyiv/50.497585_30.442356_h180.jpg,kyiv,50.497585,30.442356,180,2024-07,streetview
data/images/kyiv/50.497585_30.442356_h270.jpg,kyiv,50.497585,30.442356,270,2024-07,streetview
data/images/kyiv/50.507287_30.513587_h0.jpg,kyiv,50.507287,30.513587,0,2024-08,streetview
data/images/kyiv/50.507287_30.513587_h90.jpg,kyiv,50.507287,30.513587,90,2024-08,streetview
data/images/kyiv/50.507287_30.513587_h180.jpg,kyiv,50.507287,30.513587,180,2024-08,streetview
data/images/kyiv/50.507287_30.513587_h270.jpg,kyiv,50.507287,30.513587,270,2024-08,streetview
data/images/kyiv/50.431829_30.607916_h0.jpg,kyiv,50.431829,30.607916,0,2019-12,streetview
data/images/kyiv/50.431829_30.607916_h90.jpg,kyiv,50.431829,30.607916,90,2019-12,streetview
data/images/kyiv/50.431829_30.607916_h180.jpg,kyiv,50.431829,30.607916,180,2019-12,streetview
data/images/kyiv/50.431829_30.607916_h270.jpg,kyiv,50.431829,30.607916,270,2019-12,streetview
data/images/kyiv/50.408113_30.330337_h0.jpg,kyiv,50.408113,30.330337,0,2019-07,streetview
data/images/kyiv/50.408113_30.330337_h90.jpg,kyiv,50.408113,30.330337,90,2019-07,streetview
data/images/kyiv/50.408113_30.330337_h180.jpg,kyiv,50.408113,30.330337,180,2019-07,streetview
data/images/kyiv/50.408113_30.330337_h270.jpg,kyiv,50.408113,30.330337,270,2019-07,streetview
data/images/kyiv/50.431829_30.60284_h0.jpg,kyiv,50.431829,30.60284,0,2024-02,streetview
data/images/kyiv/50.431829_30.60284_h90.jpg,kyiv,50.431829,30.60284,90,2024-02,streetview
data/images/kyiv/50.431829_30.60284_h180.jpg,kyiv,50.431829,30.60284,180,2024-02,streetview
data/images/kyiv/50.431829_30.60284_h270.jpg,kyiv,50.431829,30.60284,270,2024-02,streetview
data/images/kyiv/50.341279_30.551474_h0.jpg,kyiv,50.341279,30.551474,0,2020-02,streetview
data/images/kyiv/50.341279_30.551474_h90.jpg,kyiv,50.341279,30.551474,90,2020-02,streetview
data/images/kyiv/50.341279_30.551474_h180.jpg,kyiv,50.341279,30.551474,180,2020-02,streetview
data/images/kyiv/50.341279_30.551474_h270.jpg,kyiv,50.341279,30.551474,270,2020-02,streetview
data/images/kyiv/50.435063_30.501321_h0.jpg,kyiv,50.435063,30.501321,0,2025-06,streetview
data/images/kyiv/50.435063_30.501321_h90.jpg,kyiv,50.435063,30.501321,90,2025-06,streetview
data/images/kyiv/50.435063_30.501321_h180.jpg,kyiv,50.435063,30.501321,180,2025-06,streetview
data/images/kyiv/50.435063_30.501321_h270.jpg,kyiv,50.435063,30.501321,270,2025-06,streetview
data/images/kyiv/50.459856_30.589509_h0.jpg,kyiv,50.459856,30.589509,0,2018-12,streetview
data/images/kyiv/50.459856_30.589509_h90.jpg,kyiv,50.459856,30.589509,90,2018-12,streetview
data/images/kyiv/50.459856_30.589509_h180.jpg,kyiv,50.459856,30.589509,180,2018-12,streetview
data/images/kyiv/50.459856_30.589509_h270.jpg,kyiv,50.459856,30.589509,270,2018-12,streetview
data/images/kyiv/50.520222_30.239_h0.jpg,kyiv,50.520222,30.239,0,2020-05,streetview
data/images/kyiv/50.520222_30.239_h90.jpg,kyiv,50.520222,30.239,90,2020-05,streetview
data/images/kyiv/50.520222_30.239_h180.jpg,kyiv,50.520222,30.239,180,2020-05,streetview
data/images/kyiv/50.520222_30.239_h270.jpg,kyiv,50.520222,30.239,270,2020-05,streetview
data/images/kyiv/50.415659_30.523205_h0.jpg,kyiv,50.415659,30.523205,0,2019-07,streetview
data/images/kyiv/50.415659_30.523205_h90.jpg,kyiv,50.415659,30.523205,90,2019-07,streetview
data/images/kyiv/50.415659_30.523205_h180.jpg,kyiv,50.415659,30.523205,180,2019-07,streetview
data/images/kyiv/50.415659_30.523205_h270.jpg,kyiv,50.415659,30.523205,270,2019-07,streetview
data/images/kyiv/50.528846_30.469623_h0.jpg,kyiv,50.528846,30.469623,0,2020-05,streetview
data/images/kyiv/50.528846_30.469623_h90.jpg,kyiv,50.528846,30.469623,90,2020-05,streetview
data/images/kyiv/50.528846_30.469623_h180.jpg,kyiv,50.528846,30.469623,180,2020-05,streetview
data/images/kyiv/50.528846_30.469623_h270.jpg,kyiv,50.528846,30.469623,270,2020-05,streetview
data/images/kyiv/50.485727_30.521932_h0.jpg,kyiv,50.485727,30.521932,0,2023-12,streetview
data/images/kyiv/50.485727_30.521932_h90.jpg,kyiv,50.485727,30.521932,90,2023-12,streetview
data/images/kyiv/50.485727_30.521932_h180.jpg,kyiv,50.485727,30.521932,180,2023-12,streetview
data/images/kyiv/50.485727_30.521932_h270.jpg,kyiv,50.485727,30.521932,270,2023-12,streetview
data/images/kyiv/50.232404_30.37213_h0.jpg,kyiv,50.232404,30.37213,0,2021-12,streetview
data/images/kyiv/50.232404_30.37213_h90.jpg,kyiv,50.232404,30.37213,90,2021-12,streetview
data/images/kyiv/50.232404_30.37213_h180.jpg,kyiv,50.232404,30.37213,180,2021-12,streetview
data/images/kyiv/50.232404_30.37213_h270.jpg,kyiv,50.232404,30.37213,270,2021-12,streetview
data/images/kyiv/50.318641_30.661061_h0.jpg,kyiv,50.318641,30.661061,0,2019-11,streetview
data/images/kyiv/50.318641_30.661061_h90.jpg,kyiv,50.318641,30.661061,90,2019-11,streetview
data/images/kyiv/50.318641_30.661061_h180.jpg,kyiv,50.318641,30.661061,180,2019-11,streetview
data/images/kyiv/50.318641_30.661061_h270.jpg,kyiv,50.318641,30.661061,270,2019-11,streetview
data/images/kyiv/50.546094_30.496849_h0.jpg,kyiv,50.546094,30.496849,0,2021-05,streetview
data/images/kyiv/50.546094_30.496849_h90.jpg,kyiv,50.546094,30.496849,90,2021-05,streetview
data/images/kyiv/50.546094_30.496849_h180.jpg,kyiv,50.546094,30.496849,180,2021-05,streetview
data/images/kyiv/50.546094_30.496849_h270.jpg,kyiv,50.546094,30.496849,270,2021-05,streetview
data/images/kyiv/50.431829_30.540225_h0.jpg,kyiv,50.431829,30.540225,0,2020-10,streetview
data/images/kyiv/50.431829_30.540225_h90.jpg,kyiv,50.431829,30.540225,90,2020-10,streetview
data/images/kyiv/50.431829_30.540225_h180.jpg,kyiv,50.431829,30.540225,180,2020-10,streetview
data/images/kyiv/50.431829_30.540225_h270.jpg,kyiv,50.431829,30.540225,270,2020-10,streetview
data/images/kyiv/50.424283_30.33206_h0.jpg,kyiv,50.424283,30.33206,0,2019-08,streetview
data/images/kyiv/50.424283_30.33206_h90.jpg,kyiv,50.424283,30.33206,90,2019-08,streetview
data/images/kyiv/50.424283_30.33206_h180.jpg,kyiv,50.424283,30.33206,180,2019-08,streetview
data/images/kyiv/50.424283_30.33206_h270.jpg,kyiv,50.424283,30.33206,270,2019-08,streetview
data/images/kyiv/50.415659_30.448771_h0.jpg,kyiv,50.415659,30.448771,0,2019-03,streetview
data/images/kyiv/50.415659_30.448771_h90.jpg,kyiv,50.415659,30.448771,90,2019-03,streetview
data/images/kyiv/50.415659_30.448771_h180.jpg,kyiv,50.415659,30.448771,180,2019-03,streetview
data/images/kyiv/50.415659_30.448771_h270.jpg,kyiv,50.415659,30.448771,270,2019-03,streetview
data/images/kyiv/50.391944_30.629587_h0.jpg,kyiv,50.391944,30.629587,0,2020-04,streetview
data/images/kyiv/50.391944_30.629587_h90.jpg,kyiv,50.391944,30.629587,90,2020-04,streetview
data/images/kyiv/50.391944_30.629587_h180.jpg,kyiv,50.391944,30.629587,180,2020-04,streetview
data/images/kyiv/50.391944_30.629587_h270.jpg,kyiv,50.391944,30.629587,270,2020-04,streetview
data/images/kyiv/50.424283_30.382821_h0.jpg,kyiv,50.424283,30.382821,0,2024-12,streetview
data/images/kyiv/50.424283_30.382821_h90.jpg,kyiv,50.424283,30.382821,90,2024-12,streetview
data/images/kyiv/50.424283_30.382821_h180.jpg,kyiv,50.424283,30.382821,180,2024-12,streetview
data/images/kyiv/50.424283_30.382821_h270.jpg,kyiv,50.424283,30.382821,270,2024-12,streetview
data/images/kyiv/50.44692_30.514929_h0.jpg,kyiv,50.44692,30.514929,0,2019-04,streetview
data/images/kyiv/50.44692_30.514929_h90.jpg,kyiv,50.44692,30.514929,90,2019-04,streetview
data/images/kyiv/50.44692_30.514929_h180.jpg,kyiv,50.44692,30.514929,180,2019-04,streetview
data/images/kyiv/50.44692_30.514929_h270.jpg,kyiv,50.44692,30.514929,270,2019-04,streetview
data/images/kyiv/50.418893_30.529992_h0.jpg,kyiv,50.418893,30.529992,0,2018-11,streetview
data/images/kyiv/50.418893_30.529992_h90.jpg,kyiv,50.418893,30.529992,90,2018-11,streetview
data/images/kyiv/50.418893_30.529992_h180.jpg,kyiv,50.418893,30.529992,180,2018-11,streetview
data/images/kyiv/50.418893_30.529992_h270.jpg,kyiv,50.418893,30.529992,270,2018-11,streetview
data/images/kyiv/50.213_30.759512_h0.jpg,kyiv,50.213,30.759512,0,2019-11,streetview
data/images/kyiv/50.213_30.759512_h90.jpg,kyiv,50.213,30.759512,90,2019-11,streetview
data/images/kyiv/50.213_30.759512_h180.jpg,kyiv,50.213,30.759512,180,2019-11,streetview
data/images/kyiv/50.213_30.759512_h270.jpg,kyiv,50.213,30.759512,270,2019-11,streetview
data/images/kyiv/50.440452_30.501351_h0.jpg,kyiv,50.440452,30.501351,0,2021-06,streetview
data/images/kyiv/50.440452_30.501351_h90.jpg,kyiv,50.440452,30.501351,90,2021-06,streetview
data/images/kyiv/50.440452_30.501351_h180.jpg,kyiv,50.440452,30.501351,180,2021-06,streetview
data/images/kyiv/50.440452_30.501351_h270.jpg,kyiv,50.440452,30.501351,270,2021-06,streetview
data/images/kyiv/50.445842_30.577556_h0.jpg,kyiv,50.445842,30.577556,0,2021-09,streetview
data/images/kyiv/50.445842_30.577556_h90.jpg,kyiv,50.445842,30.577556,90,2021-09,streetview
data/images/kyiv/50.445842_30.577556_h180.jpg,kyiv,50.445842,30.577556,180,2021-09,streetview
data/images/kyiv/50.445842_30.577556_h270.jpg,kyiv,50.445842,30.577556,270,2021-09,streetview
data/images/kyiv/50.269055_30.338503_h0.jpg,kyiv,50.269055,30.338503,0,2021-09,streetview
data/images/kyiv/50.269055_30.338503_h90.jpg,kyiv,50.269055,30.338503,90,2021-09,streetview
data/images/kyiv/50.269055_30.338503_h180.jpg,kyiv,50.269055,30.338503,180,2021-09,streetview
data/images/kyiv/50.269055_30.338503_h270.jpg,kyiv,50.269055,30.338503,270,2021-09,streetview
data/images/kyiv/50.437218_30.350703_h0.jpg,kyiv,50.437218,30.350703,0,2018-01,streetview
data/images/kyiv/50.437218_30.350703_h90.jpg,kyiv,50.437218,30.350703,90,2018-01,streetview
data/images/kyiv/50.437218_30.350703_h180.jpg,kyiv,50.437218,30.350703,180,2018-01,streetview
data/images/kyiv/50.437218_30.350703_h270.jpg,kyiv,50.437218,30.350703,270,2018-01,streetview
data/images/kyiv/50.456622_30.447259_h0.jpg,kyiv,50.456622,30.447259,0,2021-06,streetview
data/images/kyiv/50.456622_30.447259_h90.jpg,kyiv,50.456622,30.447259,90,2021-06,streetview
data/images/kyiv/50.456622_30.447259_h180.jpg,kyiv,50.456622,30.447259,180,2021-06,streetview
data/images/kyiv/50.456622_30.447259_h270.jpg,kyiv,50.456622,30.447259,270,2021-06,streetview
data/images/kyiv/50.386554_30.502743_h0.jpg,kyiv,50.386554,30.502743,0,2021-05,streetview
data/images/kyiv/50.386554_30.502743_h90.jpg,kyiv,50.386554,30.502743,90,2021-05,streetview
data/images/kyiv/50.386554_30.502743_h180.jpg,kyiv,50.386554,30.502743,180,2021-05,streetview
data/images/kyiv/50.386554_30.502743_h270.jpg,kyiv,50.386554,30.502743,270,2021-05,streetview
data/images/kyiv/50.522378_30.586582_h0.jpg,kyiv,50.522378,30.586582,0,2020-06,streetview
data/images/kyiv/50.522378_30.586582_h90.jpg,kyiv,50.522378,30.586582,90,2020-06,streetview
data/images/kyiv/50.522378_30.586582_h180.jpg,kyiv,50.522378,30.586582,180,2020-06,streetview
data/images/kyiv/50.522378_30.586582_h270.jpg,kyiv,50.522378,30.586582,270,2020-06,streetview
data/images/kyiv/50.379008_30.382683_h0.jpg,kyiv,50.379008,30.382683,0,2021-11,streetview
data/images/kyiv/50.379008_30.382683_h90.jpg,kyiv,50.379008,30.382683,90,2021-11,streetview
data/images/kyiv/50.379008_30.382683_h180.jpg,kyiv,50.379008,30.382683,180,2021-11,streetview
data/images/kyiv/50.379008_30.382683_h270.jpg,kyiv,50.379008,30.382683,270,2021-11,streetview
data/images/kyiv/50.443686_30.497983_h0.jpg,kyiv,50.443686,30.497983,0,2019-08,streetview
data/images/kyiv/50.443686_30.497983_h90.jpg,kyiv,50.443686,30.497983,90,2019-08,streetview
data/images/kyiv/50.443686_30.497983_h180.jpg,kyiv,50.443686,30.497983,180,2019-08,streetview
data/images/kyiv/50.443686_30.497983_h270.jpg,kyiv,50.443686,30.497983,270,2019-08,streetview
data/images/kyiv/50.495429_30.511823_h0.jpg,kyiv,50.495429,30.511823,0,2021-04,streetview
data/images/kyiv/50.495429_30.511823_h90.jpg,kyiv,50.495429,30.511823,90,2021-04,streetview
data/images/kyiv/50.495429_30.511823_h180.jpg,kyiv,50.495429,30.511823,180,2021-04,streetview
data/images/kyiv/50.495429_30.511823_h270.jpg,kyiv,50.495429,30.511823,270,2021-04,streetview
data/images/kyiv/50.456622_30.509906_h0.jpg,kyiv,50.456622,30.509906,0,2020-06,streetview
data/images/kyiv/50.456622_30.509906_h90.jpg,kyiv,50.456622,30.509906,90,2020-06,streetview
data/images/kyiv/50.456622_30.509906_h180.jpg,kyiv,50.456622,30.509906,180,2020-06,streetview
data/images/kyiv/50.456622_30.509906_h270.jpg,kyiv,50.456622,30.509906,270,2020-06,streetview
data/images/kyiv/50.400567_30.512968_h0.jpg,kyiv,50.400567,30.512968,0,2021-07,streetview
data/images/kyiv/50.400567_30.512968_h90.jpg,kyiv,50.400567,30.512968,90,2021-07,streetview
data/images/kyiv/50.400567_30.512968_h180.jpg,kyiv,50.400567,30.512968,180,2021-07,streetview
data/images/kyiv/50.400567_30.512968_h270.jpg,kyiv,50.400567,30.512968,270,2021-07,streetview
data/images/kyiv/50.545016_30.605408_h0.jpg,kyiv,50.545016,30.605408,0,2020-06,streetview
data/images/kyiv/50.545016_30.605408_h90.jpg,kyiv,50.545016,30.605408,90,2020-06,streetview
data/images/kyiv/50.545016_30.605408_h180.jpg,kyiv,50.545016,30.605408,180,2020-06,streetview
data/images/kyiv/50.545016_30.605408_h270.jpg,kyiv,50.545016,30.605408,270,2020-06,streetview
data/images/kyiv/50.442608_30.501363_h0.jpg,kyiv,50.442608,30.501363,0,2019-06,streetview
data/images/kyiv/50.442608_30.501363_h90.jpg,kyiv,50.442608,30.501363,90,2019-06,streetview
data/images/kyiv/50.442608_30.501363_h180.jpg,kyiv,50.442608,30.501363,180,2019-06,streetview
data/images/kyiv/50.442608_30.501363_h270.jpg,kyiv,50.442608,30.501363,270,2019-06,streetview
data/images/kyiv/50.332655_30.559861_h0.jpg,kyiv,50.332655,30.559861,0,2021-06,streetview
data/images/kyiv/50.332655_30.559861_h90.jpg,kyiv,50.332655,30.559861,90,2021-06,streetview
data/images/kyiv/50.332655_30.559861_h180.jpg,kyiv,50.332655,30.559861,180,2021-06,streetview
data/images/kyiv/50.332655_30.559861_h270.jpg,kyiv,50.332655,30.559861,270,2021-06,streetview
data/images/kyiv/50.369306_30.462086_h0.jpg,kyiv,50.369306,30.462086,0,2025-04,streetview
data/images/kyiv/50.369306_30.462086_h90.jpg,kyiv,50.369306,30.462086,90,2025-04,streetview
data/images/kyiv/50.369306_30.462086_h180.jpg,kyiv,50.369306,30.462086,180,2025-04,streetview
data/images/kyiv/50.369306_30.462086_h270.jpg,kyiv,50.369306,30.462086,270,2025-04,streetview
data/images/kyiv/50.426439_30.372675_h0.jpg,kyiv,50.426439,30.372675,0,2019-03,streetview
data/images/kyiv/50.426439_30.372675_h90.jpg,kyiv,50.426439,30.372675,90,2019-03,streetview
data/images/kyiv/50.426439_30.372675_h180.jpg,kyiv,50.426439,30.372675,180,2019-03,streetview
data/images/kyiv/50.426439_30.372675_h270.jpg,kyiv,50.426439,30.372675,270,2019-03,streetview
data/images/kyiv/50.508365_30.498338_h0.jpg,kyiv,50.508365,30.498338,0,2018-11,streetview
data/images/kyiv/50.508365_30.498338_h90.jpg,kyiv,50.508365,30.498338,90,2018-11,streetview
data/images/kyiv/50.508365_30.498338_h180.jpg,kyiv,50.508365,30.498338,180,2018-11,streetview
data/images/kyiv/50.508365_30.498338_h270.jpg,kyiv,50.508365,30.498338,270,2018-11,streetview
data/images/kyiv/50.486805_30.491443_h0.jpg,kyiv,50.486805,30.491443,0,2020-12,streetview
data/images/kyiv/50.486805_30.491443_h90.jpg,kyiv,50.486805,30.491443,90,2020-12,streetview
data/images/kyiv/50.486805_30.491443_h180.jpg,kyiv,50.486805,30.491443,180,2020-12,streetview
data/images/kyiv/50.486805_30.491443_h270.jpg,kyiv,50.486805,30.491443,270,2020-12,streetview
data/images/kyiv/50.460934_30.58613_h0.jpg,kyiv,50.460934,30.58613,0,2023-05,streetview
data/images/kyiv/50.460934_30.58613_h90.jpg,kyiv,50.460934,30.58613,90,2023-05,streetview
data/images/kyiv/50.460934_30.58613_h180.jpg,kyiv,50.460934,30.58613,180,2023-05,streetview
data/images/kyiv/50.460934_30.58613_h270.jpg,kyiv,50.460934,30.58613,270,2023-05,streetview
data/images/kyiv/50.417815_30.592581_h0.jpg,kyiv,50.417815,30.592581,0,2020-08,streetview
data/images/kyiv/50.417815_30.592581_h90.jpg,kyiv,50.417815,30.592581,90,2020-08,streetview
data/images/kyiv/50.417815_30.592581_h180.jpg,kyiv,50.417815,30.592581,180,2020-08,streetview
data/images/kyiv/50.417815_30.592581_h270.jpg,kyiv,50.417815,30.592581,270,2020-08,streetview
data/images/kyiv/50.439374_30.501345_h0.jpg,kyiv,50.439374,30.501345,0,2019-04,streetview
data/images/kyiv/50.439374_30.501345_h90.jpg,kyiv,50.439374,30.501345,90,2019-04,streetview
data/images/kyiv/50.439374_30.501345_h180.jpg,kyiv,50.439374,30.501345,180,2019-04,streetview
data/images/kyiv/50.439374_30.501345_h270.jpg,kyiv,50.439374,30.501345,270,2019-04,streetview
data/images/kyiv/50.515911_30.784883_h0.jpg,kyiv,50.515911,30.784883,0,2019-06,streetview
data/images/kyiv/50.515911_30.784883_h90.jpg,kyiv,50.515911,30.784883,90,2019-06,streetview
data/images/kyiv/50.515911_30.784883_h180.jpg,kyiv,50.515911,30.784883,180,2019-06,streetview
data/images/kyiv/50.515911_30.784883_h270.jpg,kyiv,50.515911,30.784883,270,2019-06,streetview
data/images/kyiv/50.397333_30.32017_h0.jpg,kyiv,50.397333,30.32017,0,2019-08,streetview
data/images/kyiv/50.397333_30.32017_h90.jpg,kyiv,50.397333,30.32017,90,2019-08,streetview
data/images/kyiv/50.397333_30.32017_h180.jpg,kyiv,50.397333,30.32017,180,2019-08,streetview
data/images/kyiv/50.397333_30.32017_h270.jpg,kyiv,50.397333,30.32017,270,2019-08,streetview
data/images/kyiv/50.440452_30.63168_h0.jpg,kyiv,50.440452,30.63168,0,2020-04,streetview
data/images/kyiv/50.440452_30.63168_h90.jpg,kyiv,50.440452,30.63168,90,2020-04,streetview
data/images/kyiv/50.440452_30.63168_h180.jpg,kyiv,50.440452,30.63168,180,2020-04,streetview
data/images/kyiv/50.440452_30.63168_h270.jpg,kyiv,50.440452,30.63168,270,2020-04,streetview
data/images/kyiv/50.428595_30.543589_h0.jpg,kyiv,50.428595,30.543589,0,2021-09,streetview
data/images/kyiv/50.428595_30.543589_h90.jpg,kyiv,50.428595,30.543589,90,2021-09,streetview
data/images/kyiv/50.428595_30.543589_h180.jpg,kyiv,50.428595,30.543589,180,2021-09,streetview
data/images/kyiv/50.428595_30.543589_h270.jpg,kyiv,50.428595,30.543589,270,2021-09,streetview
data/images/kyiv/50.561185_30.683592_h0.jpg,kyiv,50.561185,30.683592,0,2019-03,streetview
data/images/kyiv/50.561185_30.683592_h90.jpg,kyiv,50.561185,30.683592,90,2019-03,streetview
data/images/kyiv/50.561185_30.683592_h180.jpg,kyiv,50.561185,30.683592,180,2019-03,streetview
data/images/kyiv/50.561185_30.683592_h270.jpg,kyiv,50.561185,30.683592,270,2019-03,streetview
data/images/kyiv/50.408113_30.409834_h0.jpg,kyiv,50.408113,30.409834,0,2019-03,streetview
data/images/kyiv/50.408113_30.409834_h90.jpg,kyiv,50.408113,30.409834,90,2019-03,streetview
data/images/kyiv/50.408113_30.409834_h180.jpg,kyiv,50.408113,30.409834,180,2019-03,streetview
data/images/kyiv/50.408113_30.409834_h270.jpg,kyiv,50.408113,30.409834,270,2019-03,streetview
data/images/kyiv/50.527768_30.467922_h0.jpg,kyiv,50.527768,30.467922,0,2020-05,streetview
data/images/kyiv/50.527768_30.467922_h90.jpg,kyiv,50.527768,30.467922,90,2020-05,streetview
data/images/kyiv/50.527768_30.467922_h180.jpg,kyiv,50.527768,30.467922,180,2020-05,streetview
data/images/kyiv/50.527768_30.467922_h270.jpg,kyiv,50.527768,30.467922,270,2020-05,streetview
data/images/kyiv/50.499741_30.442365_h0.jpg,kyiv,50.499741,30.442365,0,2024-07,streetview
data/images/kyiv/50.499741_30.442365_h90.jpg,kyiv,50.499741,30.442365,90,2024-07,streetview
data/images/kyiv/50.499741_30.442365_h180.jpg,kyiv,50.499741,30.442365,180,2024-07,streetview
data/images/kyiv/50.499741_30.442365_h270.jpg,kyiv,50.499741,30.442365,270,2024-07,streetview
data/images/kyiv/50.412425_30.600999_h0.jpg,kyiv,50.412425,30.600999,0,2026-01,streetview
data/images/kyiv/50.412425_30.600999_h90.jpg,kyiv,50.412425,30.600999,90,2026-01,streetview
data/images/kyiv/50.412425_30.600999_h180.jpg,kyiv,50.412425,30.600999,180,2026-01,streetview
data/images/kyiv/50.412425_30.600999_h270.jpg,kyiv,50.412425,30.600999,270,2026-01,streetview
data/images/kyiv/50.462012_30.448976_h0.jpg,kyiv,50.462012,30.448976,0,2019-10,streetview
data/images/kyiv/50.462012_30.448976_h90.jpg,kyiv,50.462012,30.448976,90,2019-10,streetview
data/images/kyiv/50.462012_30.448976_h180.jpg,kyiv,50.462012,30.448976,180,2019-10,streetview
data/images/kyiv/50.462012_30.448976_h270.jpg,kyiv,50.462012,30.448976,270,2019-10,streetview
data/images/kyiv/50.552562_30.625826_h0.jpg,kyiv,50.552562,30.625826,0,2019-03,streetview
data/images/kyiv/50.552562_30.625826_h90.jpg,kyiv,50.552562,30.625826,90,2019-03,streetview
data/images/kyiv/50.552562_30.625826_h180.jpg,kyiv,50.552562,30.625826,180,2019-03,streetview
data/images/kyiv/50.552562_30.625826_h270.jpg,kyiv,50.552562,30.625826,270,2019-03,streetview
data/images/kyiv/50.55364_30.668251_h0.jpg,kyiv,50.55364,30.668251,0,2019-03,streetview
data/images/kyiv/50.55364_30.668251_h90.jpg,kyiv,50.55364,30.668251,90,2019-03,streetview
data/images/kyiv/50.55364_30.668251_h180.jpg,kyiv,50.55364,30.668251,180,2019-03,streetview
data/images/kyiv/50.55364_30.668251_h270.jpg,kyiv,50.55364,30.668251,270,2019-03,streetview
data/images/kyiv/50.438296_30.440408_h0.jpg,kyiv,50.438296,30.440408,0,2019-02,streetview
data/images/kyiv/50.438296_30.440408_h90.jpg,kyiv,50.438296,30.440408,90,2019-02,streetview
data/images/kyiv/50.438296_30.440408_h180.jpg,kyiv,50.438296,30.440408,180,2019-02,streetview
data/images/kyiv/50.438296_30.440408_h270.jpg,kyiv,50.438296,30.440408,270,2019-02,streetview
data/images/kyiv/50.404879_30.66352_h0.jpg,kyiv,50.404879,30.66352,0,2023-09,streetview
data/images/kyiv/50.404879_30.66352_h90.jpg,kyiv,50.404879,30.66352,90,2023-09,streetview
data/images/kyiv/50.404879_30.66352_h180.jpg,kyiv,50.404879,30.66352,180,2023-09,streetview
data/images/kyiv/50.404879_30.66352_h270.jpg,kyiv,50.404879,30.66352,270,2023-09,streetview
data/images/kyiv/50.418893_30.452169_h0.jpg,kyiv,50.418893,30.452169,0,2018-12,streetview
data/images/kyiv/50.418893_30.452169_h90.jpg,kyiv,50.418893,30.452169,90,2018-12,streetview
data/images/kyiv/50.418893_30.452169_h180.jpg,kyiv,50.418893,30.452169,180,2018-12,streetview
data/images/kyiv/50.418893_30.452169_h270.jpg,kyiv,50.418893,30.452169,270,2018-12,streetview
data/images/kyiv/50.409191_30.546847_h0.jpg,kyiv,50.409191,30.546847,0,2024-05,streetview
data/images/kyiv/50.409191_30.546847_h90.jpg,kyiv,50.409191,30.546847,90,2024-05,streetview
data/images/kyiv/50.409191_30.546847_h180.jpg,kyiv,50.409191,30.546847,180,2024-05,streetview
data/images/kyiv/50.409191_30.546847_h270.jpg,kyiv,50.409191,30.546847,270,2024-05,streetview
data/images/kyiv/50.435063_30.381161_h0.jpg,kyiv,50.435063,30.381161,0,2019-05,streetview
data/images/kyiv/50.435063_30.381161_h90.jpg,kyiv,50.435063,30.381161,90,2019-05,streetview
data/images/kyiv/50.435063_30.381161_h180.jpg,kyiv,50.435063,30.381161,180,2019-05,streetview
data/images/kyiv/50.435063_30.381161_h270.jpg,kyiv,50.435063,30.381161,270,2019-05,streetview
data/images/kyiv/50.431829_30.516533_h0.jpg,kyiv,50.431829,30.516533,0,2023-10,streetview
data/images/kyiv/50.431829_30.516533_h90.jpg,kyiv,50.431829,30.516533,90,2023-10,streetview
data/images/kyiv/50.431829_30.516533_h180.jpg,kyiv,50.431829,30.516533,180,2023-10,streetview
data/images/kyiv/50.431829_30.516533_h270.jpg,kyiv,50.431829,30.516533,270,2023-10,streetview
data/images/kyiv/50.546094_30.501938_h0.jpg,kyiv,50.546094,30.501938,0,2021-05,streetview
data/images/kyiv/50.546094_30.501938_h90.jpg,kyiv,50.546094,30.501938,90,2021-05,streetview
data/images/kyiv/50.546094_30.501938_h180.jpg,kyiv,50.546094,30.501938,180,2021-05,streetview
data/images/kyiv/50.546094_30.501938_h270.jpg,kyiv,50.546094,30.501938,270,2021-05,streetview
data/images/kyiv/50.516989_30.618754_h0.jpg,kyiv,50.516989,30.618754,0,2020-08,streetview
data/images/kyiv/50.516989_30.618754_h90.jpg,kyiv,50.516989,30.618754,90,2020-08,streetview
data/images/kyiv/50.516989_30.618754_h180.jpg,kyiv,50.516989,30.618754,180,2020-08,streetview
data/images/kyiv/50.516989_30.618754_h270.jpg,kyiv,50.516989,30.618754,270,2020-08,streetview
data/images/kyiv/50.415659_30.631474_h0.jpg,kyiv,50.415659,30.631474,0,2023-10,streetview
data/images/kyiv/50.415659_30.631474_h90.jpg,kyiv,50.415659,30.631474,90,2023-10,streetview
data/images/kyiv/50.415659_30.631474_h180.jpg,kyiv,50.415659,30.631474,180,2023-10,streetview
data/images/kyiv/50.415659_30.631474_h270.jpg,kyiv,50.415659,30.631474,270,2023-10,streetview
data/images/kyiv/50.512677_30.452592_h0.jpg,kyiv,50.512677,30.452592,0,2021-07,streetview
data/images/kyiv/50.512677_30.452592_h90.jpg,kyiv,50.512677,30.452592,90,2021-07,streetview
data/images/kyiv/50.512677_30.452592_h180.jpg,kyiv,50.512677,30.452592,180,2021-07,streetview
data/images/kyiv/50.512677_30.452592_h270.jpg,kyiv,50.512677,30.452592,270,2021-07,streetview
data/images/kyiv/50.460934_30.345679_h0.jpg,kyiv,50.460934,30.345679,0,2019-04,streetview
data/images/kyiv/50.460934_30.345679_h90.jpg,kyiv,50.460934,30.345679,90,2019-04,streetview
data/images/kyiv/50.460934_30.345679_h180.jpg,kyiv,50.460934,30.345679,180,2019-04,streetview
data/images/kyiv/50.460934_30.345679_h270.jpg,kyiv,50.460934,30.345679,270,2019-04,streetview
data/images/kyiv/50.458778_30.513305_h0.jpg,kyiv,50.458778,30.513305,0,2018-10,streetview
data/images/kyiv/50.458778_30.513305_h90.jpg,kyiv,50.458778,30.513305,90,2018-10,streetview
data/images/kyiv/50.458778_30.513305_h180.jpg,kyiv,50.458778,30.513305,180,2018-10,streetview
data/images/kyiv/50.458778_30.513305_h270.jpg,kyiv,50.458778,30.513305,270,2018-10,streetview
data/images/kyiv/50.508365_30.455962_h0.jpg,kyiv,50.508365,30.455962,0,2022-01,streetview
data/images/kyiv/50.508365_30.455962_h90.jpg,kyiv,50.508365,30.455962,90,2022-01,streetview
data/images/kyiv/50.508365_30.455962_h180.jpg,kyiv,50.508365,30.455962,180,2022-01,streetview
data/images/kyiv/50.508365_30.455962_h270.jpg,kyiv,50.508365,30.455962,270,2022-01,streetview
data/images/kyiv/50.393022_30.470652_h0.jpg,kyiv,50.393022,30.470652,0,2018-11,streetview
data/images/kyiv/50.393022_30.470652_h90.jpg,kyiv,50.393022,30.470652,90,2018-11,streetview
data/images/kyiv/50.393022_30.470652_h180.jpg,kyiv,50.393022,30.470652,180,2018-11,streetview
data/images/kyiv/50.393022_30.470652_h270.jpg,kyiv,50.393022,30.470652,270,2018-11,streetview
data/images/kyiv/50.496507_30.462686_h0.jpg,kyiv,50.496507,30.462686,0,2018-02,streetview
data/images/kyiv/50.496507_30.462686_h90.jpg,kyiv,50.496507,30.462686,90,2018-02,streetview
data/images/kyiv/50.496507_30.462686_h180.jpg,kyiv,50.496507,30.462686,180,2018-02,streetview
data/images/kyiv/50.496507_30.462686_h270.jpg,kyiv,50.496507,30.462686,270,2018-02,streetview
data/images/kyiv/50.445842_30.521694_h0.jpg,kyiv,50.445842,30.521694,0,2021-05,streetview
data/images/kyiv/50.445842_30.521694_h90.jpg,kyiv,50.445842,30.521694,90,2021-05,streetview
data/images/kyiv/50.445842_30.521694_h180.jpg,kyiv,50.445842,30.521694,180,2021-05,streetview
data/images/kyiv/50.445842_30.521694_h270.jpg,kyiv,50.445842,30.521694,270,2021-05,streetview
data/images/kyiv/50.429673_30.348993_h0.jpg,kyiv,50.429673,30.348993,0,2018-09,streetview
data/images/kyiv/50.429673_30.348993_h90.jpg,kyiv,50.429673,30.348993,90,2018-09,streetview
data/images/kyiv/50.429673_30.348993_h180.jpg,kyiv,50.429673,30.348993,180,2018-09,streetview
data/images/kyiv/50.429673_30.348993_h270.jpg,kyiv,50.429673,30.348993,270,2018-09,streetview
data/images/kyiv/50.395178_30.616086_h0.jpg,kyiv,50.395178,30.616086,0,2020-10,streetview
data/images/kyiv/50.395178_30.616086_h90.jpg,kyiv,50.395178,30.616086,90,2020-10,streetview
data/images/kyiv/50.395178_30.616086_h180.jpg,kyiv,50.395178,30.616086,180,2020-10,streetview
data/images/kyiv/50.395178_30.616086_h270.jpg,kyiv,50.395178,30.616086,270,2020-10,streetview
data/images/kyiv/50.402723_30.612763_h0.jpg,kyiv,50.402723,30.612763,0,2019-06,streetview
data/images/kyiv/50.402723_30.612763_h90.jpg,kyiv,50.402723,30.612763,90,2019-06,streetview
data/images/kyiv/50.402723_30.612763_h180.jpg,kyiv,50.402723,30.612763,180,2019-06,streetview
data/images/kyiv/50.402723_30.612763_h270.jpg,kyiv,50.402723,30.612763,270,2019-06,streetview
data/images/kyiv/50.399489_30.619502_h0.jpg,kyiv,50.399489,30.619502,0,2018-12,streetview
data/images/kyiv/50.399489_30.619502_h90.jpg,kyiv,50.399489,30.619502,90,2018-12,streetview
data/images/kyiv/50.399489_30.619502_h180.jpg,kyiv,50.399489,30.619502,180,2018-12,streetview
data/images/kyiv/50.399489_30.619502_h270.jpg,kyiv,50.399489,30.619502,270,2018-12,streetview
data/images/kyiv/50.454466_30.611479_h0.jpg,kyiv,50.454466,30.611479,0,2019-08,streetview
data/images/kyiv/50.454466_30.611479_h90.jpg,kyiv,50.454466,30.611479,90,2019-08,streetview
data/images/kyiv/50.454466_30.611479_h180.jpg,kyiv,50.454466,30.611479,180,2019-08,streetview
data/images/kyiv/50.454466_30.611479_h270.jpg,kyiv,50.454466,30.611479,270,2019-08,streetview
data/images/kyiv/50.426439_30.386211_h0.jpg,kyiv,50.426439,30.386211,0,2021-02,streetview
data/images/kyiv/50.426439_30.386211_h90.jpg,kyiv,50.426439,30.386211,90,2021-02,streetview
data/images/kyiv/50.426439_30.386211_h180.jpg,kyiv,50.426439,30.386211,180,2021-02,streetview
data/images/kyiv/50.426439_30.386211_h270.jpg,kyiv,50.426439,30.386211,270,2021-02,streetview
data/images/kyiv/50.456622_30.496361_h0.jpg,kyiv,50.456622,30.496361,0,2024-05,streetview
data/images/kyiv/50.456622_30.496361_h90.jpg,kyiv,50.456622,30.496361,90,2024-05,streetview
data/images/kyiv/50.456622_30.496361_h180.jpg,kyiv,50.456622,30.496361,180,2024-05,streetview
data/images/kyiv/50.456622_30.496361_h270.jpg,kyiv,50.456622,30.496361,270,2024-05,streetview
data/images/kyiv/50.435063_30.382853_h0.jpg,kyiv,50.435063,30.382853,0,2020-04,streetview
data/images/kyiv/50.435063_30.382853_h90.jpg,kyiv,50.435063,30.382853,90,2020-04,streetview
data/images/kyiv/50.435063_30.382853_h180.jpg,kyiv,50.435063,30.382853,180,2020-04,streetview
data/images/kyiv/50.435063_30.382853_h270.jpg,kyiv,50.435063,30.382853,270,2020-04,streetview
data/images/kyiv/50.450154_30.513255_h0.jpg,kyiv,50.450154,30.513255,0,2025-08,streetview
data/images/kyiv/50.450154_30.513255_h90.jpg,kyiv,50.450154,30.513255,90,2025-08,streetview
data/images/kyiv/50.450154_30.513255_h180.jpg,kyiv,50.450154,30.513255,180,2025-08,streetview
data/images/kyiv/50.450154_30.513255_h270.jpg,kyiv,50.450154,30.513255,270,2025-08,streetview
data/images/kyiv/50.256119_30.537427_h0.jpg,kyiv,50.256119,30.537427,0,2021-11,streetview
data/images/kyiv/50.256119_30.537427_h90.jpg,kyiv,50.256119,30.537427,90,2021-11,streetview
data/images/kyiv/50.256119_30.537427_h180.jpg,kyiv,50.256119,30.537427,180,2021-11,streetview
data/images/kyiv/50.256119_30.537427_h270.jpg,kyiv,50.256119,30.537427,270,2021-11,streetview
data/images/kyiv/50.409191_30.506252_h0.jpg,kyiv,50.409191,30.506252,0,2021-08,streetview
data/images/kyiv/50.409191_30.506252_h90.jpg,kyiv,50.409191,30.506252,90,2021-08,streetview
data/images/kyiv/50.409191_30.506252_h180.jpg,kyiv,50.409191,30.506252,180,2021-08,streetview
data/images/kyiv/50.409191_30.506252_h270.jpg,kyiv,50.409191,30.506252,270,2021-08,streetview
data/images/kyiv/50.414581_30.563799_h0.jpg,kyiv,50.414581,30.563799,0,2019-05,streetview
data/images/kyiv/50.414581_30.563799_h90.jpg,kyiv,50.414581,30.563799,90,2019-05,streetview
data/images/kyiv/50.414581_30.563799_h180.jpg,kyiv,50.414581,30.563799,180,2019-05,streetview
data/images/kyiv/50.414581_30.563799_h270.jpg,kyiv,50.414581,30.563799,270,2019-05,streetview
data/images/kyiv/50.408113_30.38108_h0.jpg,kyiv,50.408113,30.38108,0,2018-11,streetview
data/images/kyiv/50.408113_30.38108_h90.jpg,kyiv,50.408113,30.38108,90,2018-11,streetview
data/images/kyiv/50.408113_30.38108_h180.jpg,kyiv,50.408113,30.38108,180,2018-11,streetview
data/images/kyiv/50.408113_30.38108_h270.jpg,kyiv,50.408113,30.38108,270,2018-11,streetview
data/images/kyiv/50.37793_30.448604_h0.jpg,kyiv,50.37793,30.448604,0,2019-10,streetview
data/images/kyiv/50.37793_30.448604_h90.jpg,kyiv,50.37793,30.448604,90,2019-10,streetview
data/images/kyiv/50.37793_30.448604_h180.jpg,kyiv,50.37793,30.448604,180,2019-10,streetview
data/images/kyiv/50.37793_30.448604_h270.jpg,kyiv,50.37793,30.448604,270,2019-10,streetview
data/images/kyiv/50.408113_30.619572_h0.jpg,kyiv,50.408113,30.619572,0,2024-10,streetview
data/images/kyiv/50.408113_30.619572_h90.jpg,kyiv,50.408113,30.619572,90,2024-10,streetview
data/images/kyiv/50.408113_30.619572_h180.jpg,kyiv,50.408113,30.619572,180,2024-10,streetview
data/images/kyiv/50.408113_30.619572_h270.jpg,kyiv,50.408113,30.619572,270,2024-10,streetview
data/images/kyiv/50.331577_30.559854_h0.jpg,kyiv,50.331577,30.559854,0,2021-06,streetview
data/images/kyiv/50.331577_30.559854_h90.jpg,kyiv,50.331577,30.559854,90,2021-06,streetview
data/images/kyiv/50.331577_30.559854_h180.jpg,kyiv,50.331577,30.559854,180,2021-06,streetview
data/images/kyiv/50.331577_30.559854_h270.jpg,kyiv,50.331577,30.559854,270,2021-06,streetview
data/images/kyiv/50.443686_30.636785_h0.jpg,kyiv,50.443686,30.636785,0,2021-04,streetview
data/images/kyiv/50.443686_30.636785_h90.jpg,kyiv,50.443686,30.636785,90,2021-04,streetview
data/images/kyiv/50.443686_30.636785_h180.jpg,kyiv,50.443686,30.636785,180,2021-04,streetview
data/images/kyiv/50.443686_30.636785_h270.jpg,kyiv,50.443686,30.636785,270,2021-04,streetview
data/images/kyiv/50.409191_30.408147_h0.jpg,kyiv,50.409191,30.408147,0,2018-06,streetview
data/images/kyiv/50.409191_30.408147_h90.jpg,kyiv,50.409191,30.408147,90,2018-06,streetview
data/images/kyiv/50.409191_30.408147_h180.jpg,kyiv,50.409191,30.408147,180,2018-06,streetview
data/images/kyiv/50.409191_30.408147_h270.jpg,kyiv,50.409191,30.408147,270,2018-06,streetview
data/images/kyiv/50.418893_30.633193_h0.jpg,kyiv,50.418893,30.633193,0,2018-06,streetview
data/images/kyiv/50.418893_30.633193_h90.jpg,kyiv,50.418893,30.633193,90,2018-06,streetview
data/images/kyiv/50.418893_30.633193_h180.jpg,kyiv,50.418893,30.633193,180,2018-06,streetview
data/images/kyiv/50.418893_30.633193_h270.jpg,kyiv,50.418893,30.633193,270,2018-06,streetview
data/images/kyiv/50.5213_30.466195_h0.jpg,kyiv,50.5213,30.466195,0,2021-12,streetview
data/images/kyiv/50.5213_30.466195_h90.jpg,kyiv,50.5213,30.466195,90,2021-12,streetview
data/images/kyiv/50.5213_30.466195_h180.jpg,kyiv,50.5213,30.466195,180,2021-12,streetview
data/images/kyiv/50.5213_30.466195_h270.jpg,kyiv,50.5213,30.466195,270,2021-12,streetview
data/images/kyiv/50.46309_30.516717_h0.jpg,kyiv,50.46309,30.516717,0,2018-11,streetview
data/images/kyiv/50.46309_30.516717_h90.jpg,kyiv,50.46309,30.516717,90,2018-11,streetview
data/images/kyiv/50.46309_30.516717_h180.jpg,kyiv,50.46309,30.516717,180,2018-11,streetview
data/images/kyiv/50.46309_30.516717_h270.jpg,kyiv,50.46309,30.516717,270,2018-11,streetview
data/images/kyiv/50.45231_30.367669_h0.jpg,kyiv,50.45231,30.367669,0,2019-05,streetview
data/images/kyiv/50.45231_30.367669_h90.jpg,kyiv,50.45231,30.367669,90,2019-05,streetview
data/images/kyiv/50.45231_30.367669_h180.jpg,kyiv,50.45231,30.367669,180,2019-05,streetview
data/images/kyiv/50.45231_30.367669_h270.jpg,kyiv,50.45231,30.367669,270,2019-05,streetview
data/images/kyiv/50.470636_30.515067_h0.jpg,kyiv,50.470636,30.515067,0,2021-07,streetview
data/images/kyiv/50.470636_30.515067_h90.jpg,kyiv,50.470636,30.515067,90,2021-07,streetview
data/images/kyiv/50.470636_30.515067_h180.jpg,kyiv,50.470636,30.515067,180,2021-07,streetview
data/images/kyiv/50.470636_30.515067_h270.jpg,kyiv,50.470636,30.515067,270,2021-07,streetview
data/images/kyiv/50.413503_30.599316_h0.jpg,kyiv,50.413503,30.599316,0,2025-04,streetview
data/images/kyiv/50.413503_30.599316_h90.jpg,kyiv,50.413503,30.599316,90,2025-04,streetview
data/images/kyiv/50.413503_30.599316_h180.jpg,kyiv,50.413503,30.599316,180,2025-04,streetview
data/images/kyiv/50.413503_30.599316_h270.jpg,kyiv,50.413503,30.599316,270,2025-04,streetview
data/images/kyiv/50.38332_30.504416_h0.jpg,kyiv,50.38332,30.504416,0,2021-05,streetview
data/images/kyiv/50.38332_30.504416_h90.jpg,kyiv,50.38332,30.504416,90,2021-05,streetview
data/images/kyiv/50.38332_30.504416_h180.jpg,kyiv,50.38332,30.504416,180,2021-05,streetview
data/images/kyiv/50.38332_30.504416_h270.jpg,kyiv,50.38332,30.504416,270,2021-05,streetview
data/images/kyiv/50.405957_30.377691_h0.jpg,kyiv,50.405957,30.377691,0,2020-11,streetview
data/images/kyiv/50.405957_30.377691_h90.jpg,kyiv,50.405957,30.377691,90,2020-11,streetview
data/images/kyiv/50.405957_30.377691_h180.jpg,kyiv,50.405957,30.377691,180,2020-11,streetview
data/images/kyiv/50.405957_30.377691_h270.jpg,kyiv,50.405957,30.377691,270,2020-11,streetview
data/images/kyiv/50.432907_30.526694_h0.jpg,kyiv,50.432907,30.526694,0,2023-04,streetview
data/images/kyiv/50.432907_30.526694_h90.jpg,kyiv,50.432907,30.526694,90,2023-04,streetview
data/images/kyiv/50.432907_30.526694_h180.jpg,kyiv,50.432907,30.526694,180,2023-04,streetview
data/images/kyiv/50.432907_30.526694_h270.jpg,kyiv,50.432907,30.526694,270,2023-04,streetview
data/images/kyiv/50.464168_30.647118_h0.jpg,kyiv,50.464168,30.647118,0,2019-05,streetview
data/images/kyiv/50.464168_30.647118_h90.jpg,kyiv,50.464168,30.647118,90,2019-05,streetview
data/images/kyiv/50.464168_30.647118_h180.jpg,kyiv,50.464168,30.647118,180,2019-05,streetview
data/images/kyiv/50.464168_30.647118_h270.jpg,kyiv,50.464168,30.647118,270,2019-05,streetview
data/images/kyiv/50.346669_30.742394_h0.jpg,kyiv,50.346669,30.742394,0,2020-08,streetview
data/images/kyiv/50.346669_30.742394_h90.jpg,kyiv,50.346669,30.742394,90,2020-08,streetview
data/images/kyiv/50.346669_30.742394_h180.jpg,kyiv,50.346669,30.742394,180,2020-08,streetview
data/images/kyiv/50.346669_30.742394_h270.jpg,kyiv,50.346669,30.742394,270,2020-08,streetview
data/images/kyiv/50.454466_30.618251_h0.jpg,kyiv,50.454466,30.618251,0,2018-12,streetview
data/images/kyiv/50.454466_30.618251_h90.jpg,kyiv,50.454466,30.618251,90,2018-12,streetview
data/images/kyiv/50.454466_30.618251_h180.jpg,kyiv,50.454466,30.618251,180,2018-12,streetview
data/images/kyiv/50.454466_30.618251_h270.jpg,kyiv,50.454466,30.618251,270,2018-12,streetview
data/images/kyiv/50.431829_30.477611_h0.jpg,kyiv,50.431829,30.477611,0,2019-06,streetview
data/images/kyiv/50.431829_30.477611_h90.jpg,kyiv,50.431829,30.477611,90,2019-06,streetview
data/images/kyiv/50.431829_30.477611_h180.jpg,kyiv,50.431829,30.477611,180,2019-06,streetview
data/images/kyiv/50.431829_30.477611_h270.jpg,kyiv,50.431829,30.477611,270,2019-06,streetview
data/images/kyiv/50.445842_30.545393_h0.jpg,kyiv,50.445842,30.545393,0,2020-02,streetview
data/images/kyiv/50.445842_30.545393_h90.jpg,kyiv,50.445842,30.545393,90,2020-02,streetview
data/images/kyiv/50.445842_30.545393_h180.jpg,kyiv,50.445842,30.545393,180,2020-02,streetview
data/images/kyiv/50.445842_30.545393_h270.jpg,kyiv,50.445842,30.545393,270,2020-02,streetview
data/images/kyiv/50.46848_30.509974_h0.jpg,kyiv,50.46848,30.509974,0,2019-05,streetview
data/images/kyiv/50.46848_30.509974_h90.jpg,kyiv,50.46848,30.509974,90,2019-05,streetview
data/images/kyiv/50.46848_30.509974_h180.jpg,kyiv,50.46848,30.509974,180,2019-05,streetview
data/images/kyiv/50.46848_30.509974_h270.jpg,kyiv,50.46848,30.509974,270,2019-05,streetview
data/images/kyiv/50.407035_30.337101_h0.jpg,kyiv,50.407035,30.337101,0,2020-12,streetview
data/images/kyiv/50.407035_30.337101_h90.jpg,kyiv,50.407035,30.337101,90,2020-12,streetview
data/images/kyiv/50.407035_30.337101_h180.jpg,kyiv,50.407035,30.337101,180,2020-12,streetview
data/images/kyiv/50.407035_30.337101_h270.jpg,kyiv,50.407035,30.337101,270,2020-12,streetview
data/images/kyiv/50.391944_30.783455_h0.jpg,kyiv,50.391944,30.783455,0,2020-08,streetview
data/images/kyiv/50.391944_30.783455_h90.jpg,kyiv,50.391944,30.783455,90,2020-08,streetview
data/images/kyiv/50.391944_30.783455_h180.jpg,kyiv,50.391944,30.783455,180,2020-08,streetview
data/images/kyiv/50.391944_30.783455_h270.jpg,kyiv,50.391944,30.783455,270,2020-08,streetview
data/images/kyiv/50.454466_30.508201_h0.jpg,kyiv,50.454466,30.508201,0,2024-09,streetview
data/images/kyiv/50.454466_30.508201_h90.jpg,kyiv,50.454466,30.508201,90,2024-09,streetview
data/images/kyiv/50.454466_30.508201_h180.jpg,kyiv,50.454466,30.508201,180,2024-09,streetview
data/images/kyiv/50.454466_30.508201_h270.jpg,kyiv,50.454466,30.508201,270,2024-09,streetview
data/images/kyiv/50.380086_30.433399_h0.jpg,kyiv,50.380086,30.433399,0,2019-09,streetview
data/images/kyiv/50.380086_30.433399_h90.jpg,kyiv,50.380086,30.433399,90,2019-09,streetview
data/images/kyiv/50.380086_30.433399_h180.jpg,kyiv,50.380086,30.433399,180,2019-09,streetview
data/images/kyiv/50.380086_30.433399_h270.jpg,kyiv,50.380086,30.433399,270,2019-09,streetview
data/images/kyiv/50.395178_30.602558_h0.jpg,kyiv,50.395178,30.602558,0,2018-11,streetview
data/images/kyiv/50.395178_30.602558_h90.jpg,kyiv,50.395178,30.602558,90,2018-11,streetview
data/images/kyiv/50.395178_30.602558_h180.jpg,kyiv,50.395178,30.602558,180,2018-11,streetview
data/images/kyiv/50.395178_30.602558_h270.jpg,kyiv,50.395178,30.602558,270,2018-11,streetview
data/images/kyiv/50.437218_30.528412_h0.jpg,kyiv,50.437218,30.528412,0,2019-05,streetview
data/images/kyiv/50.437218_30.528412_h90.jpg,kyiv,50.437218,30.528412,90,2019-05,streetview
data/images/kyiv/50.437218_30.528412_h180.jpg,kyiv,50.437218,30.528412,180,2019-05,streetview
data/images/kyiv/50.437218_30.528412_h270.jpg,kyiv,50.437218,30.528412,270,2019-05,streetview
data/images/kyiv/50.449076_30.591122_h0.jpg,kyiv,50.449076,30.591122,0,2023-10,streetview
data/images/kyiv/50.449076_30.591122_h90.jpg,kyiv,50.449076,30.591122,90,2023-10,streetview
data/images/kyiv/50.449076_30.591122_h180.jpg,kyiv,50.449076,30.591122,180,2023-10,streetview
data/images/kyiv/50.449076_30.591122_h270.jpg,kyiv,50.449076,30.591122,270,2023-10,streetview
data/images/kyiv/50.545016_30.503628_h0.jpg,kyiv,50.545016,30.503628,0,2021-05,streetview
data/images/kyiv/50.545016_30.503628_h90.jpg,kyiv,50.545016,30.503628,90,2021-05,streetview
data/images/kyiv/50.545016_30.503628_h180.jpg,kyiv,50.545016,30.503628,180,2021-05,streetview
data/images/kyiv/50.545016_30.503628_h270.jpg,kyiv,50.545016,30.503628,270,2021-05,streetview
data/images/kyiv/50.549328_30.498563_h0.jpg,kyiv,50.549328,30.498563,0,2021-05,streetview
data/images/kyiv/50.549328_30.498563_h90.jpg,kyiv,50.549328,30.498563,90,2021-05,streetview
data/images/kyiv/50.549328_30.498563_h180.jpg,kyiv,50.549328,30.498563,180,2021-05,streetview
data/images/kyiv/50.549328_30.498563_h270.jpg,kyiv,50.549328,30.498563,270,2021-05,streetview
data/images/kyiv/50.432907_30.369308_h0.jpg,kyiv,50.432907,30.369308,0,2021-10,streetview
data/images/kyiv/50.432907_30.369308_h90.jpg,kyiv,50.432907,30.369308,90,2021-10,streetview
data/images/kyiv/50.432907_30.369308_h180.jpg,kyiv,50.432907,30.369308,180,2021-10,streetview
data/images/kyiv/50.432907_30.369308_h270.jpg,kyiv,50.432907,30.369308,270,2021-10,streetview
data/images/kyiv/50.371462_30.445195_h0.jpg,kyiv,50.371462,30.445195,0,2024-08,streetview
data/images/kyiv/50.371462_30.445195_h90.jpg,kyiv,50.371462,30.445195,90,2024-08,streetview
data/images/kyiv/50.371462_30.445195_h180.jpg,kyiv,50.371462,30.445195,180,2024-08,streetview
data/images/kyiv/50.371462_30.445195_h270.jpg,kyiv,50.371462,30.445195,270,2024-08,streetview
data/images/kyiv/50.438296_30.619814_h0.jpg,kyiv,50.438296,30.619814,0,2020-07,streetview
data/images/kyiv/50.438296_30.619814_h90.jpg,kyiv,50.438296,30.619814,90,2020-07,streetview
data/images/kyiv/50.438296_30.619814_h180.jpg,kyiv,50.438296,30.619814,180,2020-07,streetview
data/images/kyiv/50.438296_30.619814_h270.jpg,kyiv,50.438296,30.619814,270,2020-07,streetview
data/images/kyiv/50.401645_30.39459_h0.jpg,kyiv,50.401645,30.39459,0,2019-07,streetview
data/images/kyiv/50.401645_30.39459_h90.jpg,kyiv,50.401645,30.39459,90,2019-07,streetview
data/images/kyiv/50.401645_30.39459_h180.jpg,kyiv,50.401645,30.39459,180,2019-07,streetview
data/images/kyiv/50.401645_30.39459_h270.jpg,kyiv,50.401645,30.39459,270,2019-07,streetview
data/images/kyiv/50.46848_30.523523_h0.jpg,kyiv,50.46848,30.523523,0,2019-03,streetview
data/images/kyiv/50.46848_30.523523_h90.jpg,kyiv,50.46848,30.523523,90,2019-03,streetview
data/images/kyiv/50.46848_30.523523_h180.jpg,kyiv,50.46848,30.523523,180,2019-03,streetview
data/images/kyiv/50.46848_30.523523_h270.jpg,kyiv,50.46848,30.523523,270,2019-03,streetview
data/images/kyiv/50.401645_30.621211_h0.jpg,kyiv,50.401645,30.621211,0,2018-07,streetview
data/images/kyiv/50.401645_30.621211_h90.jpg,kyiv,50.401645,30.621211,90,2018-07,streetview
data/images/kyiv/50.401645_30.621211_h180.jpg,kyiv,50.401645,30.621211,180,2018-07,streetview
data/images/kyiv/50.401645_30.621211_h270.jpg,kyiv,50.401645,30.621211,270,2018-07,streetview
data/images/kyiv/50.259353_30.724609_h0.jpg,kyiv,50.259353,30.724609,0,2019-11,streetview
data/images/kyiv/50.259353_30.724609_h90.jpg,kyiv,50.259353,30.724609,90,2019-11,streetview
data/images/kyiv/50.259353_30.724609_h180.jpg,kyiv,50.259353,30.724609,180,2019-11,streetview
data/images/kyiv/50.259353_30.724609_h270.jpg,kyiv,50.259353,30.724609,270,2019-11,streetview
data/images/kyiv/50.349903_30.676543_h0.jpg,kyiv,50.349903,30.676543,0,2020-01,streetview
data/images/kyiv/50.349903_30.676543_h90.jpg,kyiv,50.349903,30.676543,90,2020-01,streetview
data/images/kyiv/50.349903_30.676543_h180.jpg,kyiv,50.349903,30.676543,180,2020-01,streetview
data/images/kyiv/50.349903_30.676543_h270.jpg,kyiv,50.349903,30.676543,270,2020-01,streetview
data/images/kyiv/50.502975_30.479665_h0.jpg,kyiv,50.502975,30.479665,0,2021-12,streetview
data/images/kyiv/50.502975_30.479665_h90.jpg,kyiv,50.502975,30.479665,90,2021-12,streetview
data/images/kyiv/50.502975_30.479665_h180.jpg,kyiv,50.502975,30.479665,180,2021-12,streetview
data/images/kyiv/50.502975_30.479665_h270.jpg,kyiv,50.502975,30.479665,270,2021-12,streetview
data/images/kyiv/50.413503_30.408162_h0.jpg,kyiv,50.413503,30.408162,0,2021-06,streetview
data/images/kyiv/50.413503_30.408162_h90.jpg,kyiv,50.413503,30.408162,90,2021-06,streetview
data/images/kyiv/50.413503_30.408162_h180.jpg,kyiv,50.413503,30.408162,180,2021-06,streetview
data/images/kyiv/50.413503_30.408162_h270.jpg,kyiv,50.413503,30.408162,270,2021-06,streetview
data/images/kyiv/50.513755_30.500063_h0.jpg,kyiv,50.513755,30.500063,0,2018-09,streetview
data/images/kyiv/50.513755_30.500063_h90.jpg,kyiv,50.513755,30.500063,90,2018-09,streetview
data/images/kyiv/50.513755_30.500063_h180.jpg,kyiv,50.513755,30.500063,180,2018-09,streetview
data/images/kyiv/50.513755_30.500063_h270.jpg,kyiv,50.513755,30.500063,270,2018-09,streetview
data/images/kyiv/50.459856_30.591202_h0.jpg,kyiv,50.459856,30.591202,0,2019-03,streetview
data/images/kyiv/50.459856_30.591202_h90.jpg,kyiv,50.459856,30.591202,90,2019-03,streetview
data/images/kyiv/50.459856_30.591202_h180.jpg,kyiv,50.459856,30.591202,180,2019-03,streetview
data/images/kyiv/50.459856_30.591202_h270.jpg,kyiv,50.459856,30.591202,270,2019-03,streetview
data/images/kyiv/50.402723_30.514672_h0.jpg,kyiv,50.402723,30.514672,0,2023-10,streetview
data/images/kyiv/50.402723_30.514672_h90.jpg,kyiv,50.402723,30.514672,90,2023-10,streetview
data/images/kyiv/50.402723_30.514672_h180.jpg,kyiv,50.402723,30.514672,180,2023-10,streetview
data/images/kyiv/50.402723_30.514672_h270.jpg,kyiv,50.402723,30.514672,270,2023-10,streetview
data/images/kyiv/50.438296_30.435331_h0.jpg,kyiv,50.438296,30.435331,0,2018-02,streetview
data/images/kyiv/50.438296_30.435331_h90.jpg,kyiv,50.438296,30.435331,90,2018-02,streetview
data/images/kyiv/50.438296_30.435331_h180.jpg,kyiv,50.438296,30.435331,180,2018-02,streetview
data/images/kyiv/50.438296_30.435331_h270.jpg,kyiv,50.438296,30.435331,270,2018-02,streetview
data/images/kyiv/50.43614_30.509789_h0.jpg,kyiv,50.43614,30.509789,0,2019-05,streetview
data/images/kyiv/50.43614_30.509789_h90.jpg,kyiv,50.43614,30.509789,90,2019-05,streetview
data/images/kyiv/50.43614_30.509789_h180.jpg,kyiv,50.43614,30.509789,180,2019-05,streetview
data/images/kyiv/50.43614_30.509789_h270.jpg,kyiv,50.43614,30.509789,270,2019-05,streetview
data/images/kyiv/50.46848_30.337228_h0.jpg,kyiv,50.46848,30.337228,0,2019-02,streetview
data/images/kyiv/50.46848_30.337228_h90.jpg,kyiv,50.46848,30.337228,90,2019-02,streetview
data/images/kyiv/50.46848_30.337228_h180.jpg,kyiv,50.46848,30.337228,180,2019-02,streetview
data/images/kyiv/50.46848_30.337228_h270.jpg,kyiv,50.46848,30.337228,270,2019-02,streetview
data/images/kyiv/50.493273_30.559256_h0.jpg,kyiv,50.493273,30.559256,0,2018-01,streetview
data/images/kyiv/50.493273_30.559256_h90.jpg,kyiv,50.493273,30.559256,90,2018-01,streetview
data/images/kyiv/50.493273_30.559256_h180.jpg,kyiv,50.493273,30.559256,180,2018-01,streetview
data/images/kyiv/50.493273_30.559256_h270.jpg,kyiv,50.493273,30.559256,270,2018-01,streetview
data/images/kyiv/50.454466_30.604707_h0.jpg,kyiv,50.454466,30.604707,0,2019-01,streetview
data/images/kyiv/50.454466_30.604707_h90.jpg,kyiv,50.454466,30.604707,90,2019-01,streetview
data/images/kyiv/50.454466_30.604707_h180.jpg,kyiv,50.454466,30.604707,180,2019-01,streetview
data/images/kyiv/50.454466_30.604707_h270.jpg,kyiv,50.454466,30.604707,270,2019-01,streetview
data/images/kyiv/50.330499_30.811458_h0.jpg,kyiv,50.330499,30.811458,0,2020-08,streetview
data/images/kyiv/50.330499_30.811458_h90.jpg,kyiv,50.330499,30.811458,90,2020-08,streetview
data/images/kyiv/50.330499_30.811458_h180.jpg,kyiv,50.330499,30.811458,180,2020-08,streetview
data/images/kyiv/50.330499_30.811458_h270.jpg,kyiv,50.330499,30.811458,270,2020-08,streetview
data/images/kyiv/50.418893_30.533376_h0.jpg,kyiv,50.418893,30.533376,0,2018-11,streetview
data/images/kyiv/50.418893_30.533376_h90.jpg,kyiv,50.418893,30.533376,90,2018-11,streetview
data/images/kyiv/50.418893_30.533376_h180.jpg,kyiv,50.418893,30.533376,180,2018-11,streetview
data/images/kyiv/50.418893_30.533376_h270.jpg,kyiv,50.418893,30.533376,270,2018-11,streetview
data/images/kyiv/50.466324_30.333837_h0.jpg,kyiv,50.466324,30.333837,0,2019-03,streetview
data/images/kyiv/50.466324_30.333837_h90.jpg,kyiv,50.466324,30.333837,90,2019-03,streetview
data/images/kyiv/50.466324_30.333837_h180.jpg,kyiv,50.466324,30.333837,180,2019-03,streetview
data/images/kyiv/50.466324_30.333837_h270.jpg,kyiv,50.466324,30.333837,270,2019-03,streetview
data/images/kyiv/50.397333_30.342154_h0.jpg,kyiv,50.397333,30.342154,0,2022-12,streetview
data/images/kyiv/50.397333_30.342154_h90.jpg,kyiv,50.397333,30.342154,90,2022-12,streetview
data/images/kyiv/50.397333_30.342154_h180.jpg,kyiv,50.397333,30.342154,180,2022-12,streetview
data/images/kyiv/50.397333_30.342154_h270.jpg,kyiv,50.397333,30.342154,270,2022-12,streetview
data/images/kyiv/50.447998_30.550485_h0.jpg,kyiv,50.447998,30.550485,0,2021-04,streetview
data/images/kyiv/50.447998_30.550485_h90.jpg,kyiv,50.447998,30.550485,90,2021-04,streetview
data/images/kyiv/50.447998_30.550485_h180.jpg,kyiv,50.447998,30.550485,180,2021-04,streetview
data/images/kyiv/50.447998_30.550485_h270.jpg,kyiv,50.447998,30.550485,270,2021-04,streetview
data/images/kyiv/50.412425_30.639905_h0.jpg,kyiv,50.412425,30.639905,0,2021-01,streetview
data/images/kyiv/50.412425_30.639905_h90.jpg,kyiv,50.412425,30.639905,90,2021-01,streetview
data/images/kyiv/50.412425_30.639905_h180.jpg,kyiv,50.412425,30.639905,180,2021-01,streetview
data/images/kyiv/50.412425_30.639905_h270.jpg,kyiv,50.412425,30.639905,270,2021-01,streetview
data/images/kyiv/50.492195_30.406749_h0.jpg,kyiv,50.492195,30.406749,0,2018-08,streetview
data/images/kyiv/50.492195_30.406749_h90.jpg,kyiv,50.492195,30.406749,90,2018-08,streetview
data/images/kyiv/50.492195_30.406749_h180.jpg,kyiv,50.492195,30.406749,180,2018-08,streetview
data/images/kyiv/50.492195_30.406749_h270.jpg,kyiv,50.492195,30.406749,270,2018-08,streetview
data/images/kyiv/50.458778_30.399858_h0.jpg,kyiv,50.458778,30.399858,0,2025-06,streetview
data/images/kyiv/50.458778_30.399858_h90.jpg,kyiv,50.458778,30.399858,90,2025-06,streetview
data/images/kyiv/50.458778_30.399858_h180.jpg,kyiv,50.458778,30.399858,180,2025-06,streetview
data/images/kyiv/50.458778_30.399858_h270.jpg,kyiv,50.458778,30.399858,270,2025-06,streetview
data/images/kyiv/50.421049_30.530005_h0.jpg,kyiv,50.421049,30.530005,0,2021-07,streetview
data/images/kyiv/50.421049_30.530005_h90.jpg,kyiv,50.421049,30.530005,90,2021-07,streetview
data/images/kyiv/50.421049_30.530005_h180.jpg,kyiv,50.421049,30.530005,180,2021-07,streetview
data/images/kyiv/50.421049_30.530005_h270.jpg,kyiv,50.421049,30.530005,270,2021-07,streetview
data/images/kyiv/50.391944_30.533208_h0.jpg,kyiv,50.391944,30.533208,0,2021-04,streetview
data/images/kyiv/50.391944_30.533208_h90.jpg,kyiv,50.391944,30.533208,90,2021-04,streetview
data/images/kyiv/50.391944_30.533208_h180.jpg,kyiv,50.391944,30.533208,180,2021-04,streetview
data/images/kyiv/50.391944_30.533208_h270.jpg,kyiv,50.391944,30.533208,270,2021-04,streetview
data/images/kyiv/50.453388_30.523432_h0.jpg,kyiv,50.453388,30.523432,0,2018-10,streetview
data/images/kyiv/50.453388_30.523432_h90.jpg,kyiv,50.453388,30.523432,90,2018-10,streetview
data/images/kyiv/50.453388_30.523432_h180.jpg,kyiv,50.453388,30.523432,180,2018-10,streetview
data/images/kyiv/50.453388_30.523432_h270.jpg,kyiv,50.453388,30.523432,270,2018-10,streetview
data/images/kyiv/50.230248_30.365383_h0.jpg,kyiv,50.230248,30.365383,0,2021-12,streetview
data/images/kyiv/50.230248_30.365383_h90.jpg,kyiv,50.230248,30.365383,90,2021-12,streetview
data/images/kyiv/50.230248_30.365383_h180.jpg,kyiv,50.230248,30.365383,180,2021-12,streetview
data/images/kyiv/50.230248_30.365383_h270.jpg,kyiv,50.230248,30.365383,270,2021-12,streetview
data/images/kyiv/50.346669_30.629215_h0.jpg,kyiv,50.346669,30.629215,0,2019-08,streetview
data/images/kyiv/50.346669_30.629215_h90.jpg,kyiv,50.346669,30.629215,90,2019-08,streetview
data/images/kyiv/50.346669_30.629215_h180.jpg,kyiv,50.346669,30.629215,180,2019-08,streetview
data/images/kyiv/50.346669_30.629215_h270.jpg,kyiv,50.346669,30.629215,270,2019-08,streetview
data/images/kyiv/50.247495_30.375544_h0.jpg,kyiv,50.247495,30.375544,0,2021-12,streetview
data/images/kyiv/50.247495_30.375544_h90.jpg,kyiv,50.247495,30.375544,90,2021-12,streetview
data/images/kyiv/50.247495_30.375544_h180.jpg,kyiv,50.247495,30.375544,180,2021-12,streetview
data/images/kyiv/50.247495_30.375544_h270.jpg,kyiv,50.247495,30.375544,270,2021-12,streetview
data/images/kyiv/50.454466_30.350744_h0.jpg,kyiv,50.454466,30.350744,0,2020-06,streetview
data/images/kyiv/50.454466_30.350744_h90.jpg,kyiv,50.454466,30.350744,90,2020-06,streetview
data/images/kyiv/50.454466_30.350744_h180.jpg,kyiv,50.454466,30.350744,180,2020-06,streetview
data/images/kyiv/50.454466_30.350744_h270.jpg,kyiv,50.454466,30.350744,270,2020-06,streetview
data/images/kyiv/50.552562_30.646186_h0.jpg,kyiv,50.552562,30.646186,0,2020-04,streetview
data/images/kyiv/50.552562_30.646186_h90.jpg,kyiv,50.552562,30.646186,90,2020-04,streetview
data/images/kyiv/50.552562_30.646186_h180.jpg,kyiv,50.552562,30.646186,180,2020-04,streetview
data/images/kyiv/50.552562_30.646186_h270.jpg,kyiv,50.552562,30.646186,270,2020-04,streetview
data/images/kyiv/50.485727_30.503296_h0.jpg,kyiv,50.485727,30.503296,0,2020-02,streetview
data/images/kyiv/50.485727_30.503296_h90.jpg,kyiv,50.485727,30.503296,90,2020-02,streetview
data/images/kyiv/50.485727_30.503296_h180.jpg,kyiv,50.485727,30.503296,180,2020-02,streetview
data/images/kyiv/50.485727_30.503296_h270.jpg,kyiv,50.485727,30.503296,270,2020-02,streetview
data/images/kyiv/50.435063_30.320235_h0.jpg,kyiv,50.435063,30.320235,0,2019-08,streetview
data/images/kyiv/50.435063_30.320235_h90.jpg,kyiv,50.435063,30.320235,90,2019-08,streetview
data/images/kyiv/50.435063_30.320235_h180.jpg,kyiv,50.435063,30.320235,180,2019-08,streetview
data/images/kyiv/50.435063_30.320235_h270.jpg,kyiv,50.435063,30.320235,270,2019-08,streetview
data/images/kyiv/50.415659_30.624707_h0.jpg,kyiv,50.415659,30.624707,0,2018-11,streetview
data/images/kyiv/50.415659_30.624707_h90.jpg,kyiv,50.415659,30.624707,90,2018-11,streetview
data/images/kyiv/50.415659_30.624707_h180.jpg,kyiv,50.415659,30.624707,180,2018-11,streetview
data/images/kyiv/50.415659_30.624707_h270.jpg,kyiv,50.415659,30.624707,270,2018-11,streetview
data/images/kyiv/50.414581_30.398016_h0.jpg,kyiv,50.414581,30.398016,0,2021-08,streetview
data/images/kyiv/50.414581_30.398016_h90.jpg,kyiv,50.414581,30.398016,90,2021-08,streetview
data/images/kyiv/50.414581_30.398016_h180.jpg,kyiv,50.414581,30.398016,180,2021-08,streetview
data/images/kyiv/50.414581_30.398016_h270.jpg,kyiv,50.414581,30.398016,270,2021-08,streetview
data/images/kyiv/50.417815_30.541828_h0.jpg,kyiv,50.417815,30.541828,0,2021-06,streetview
data/images/kyiv/50.417815_30.541828_h90.jpg,kyiv,50.417815,30.541828,90,2021-06,streetview
data/images/kyiv/50.417815_30.541828_h180.jpg,kyiv,50.417815,30.541828,180,2021-06,streetview
data/images/kyiv/50.417815_30.541828_h270.jpg,kyiv,50.417815,30.541828,270,2021-06,streetview
data/images/kyiv/50.430751_30.370995_h0.jpg,kyiv,50.430751,30.370995,0,2019-05,streetview
data/images/kyiv/50.430751_30.370995_h90.jpg,kyiv,50.430751,30.370995,90,2019-05,streetview
data/images/kyiv/50.430751_30.370995_h180.jpg,kyiv,50.430751,30.370995,180,2019-05,streetview
data/images/kyiv/50.430751_30.370995_h270.jpg,kyiv,50.430751,30.370995,270,2019-05,streetview
data/images/kyiv/50.393022_30.474034_h0.jpg,kyiv,50.393022,30.474034,0,2018-10,streetview
data/images/kyiv/50.393022_30.474034_h90.jpg,kyiv,50.393022,30.474034,90,2018-10,streetview
data/images/kyiv/50.393022_30.474034_h180.jpg,kyiv,50.393022,30.474034,180,2018-10,streetview
data/images/kyiv/50.393022_30.474034_h270.jpg,kyiv,50.393022,30.474034,270,2018-10,streetview
data/images/kyiv/50.289536_30.682737_h0.jpg,kyiv,50.289536,30.682737,0,2019-11,streetview
data/images/kyiv/50.289536_30.682737_h90.jpg,kyiv,50.289536,30.682737,90,2019-11,streetview
data/images/kyiv/50.289536_30.682737_h180.jpg,kyiv,50.289536,30.682737,180,2019-11,streetview
data/images/kyiv/50.289536_30.682737_h270.jpg,kyiv,50.289536,30.682737,270,2019-11,streetview
data/images/kyiv/50.480337_30.396543_h0.jpg,kyiv,50.480337,30.396543,0,2019-04,streetview
data/images/kyiv/50.480337_30.396543_h90.jpg,kyiv,50.480337,30.396543,90,2019-04,streetview
data/images/kyiv/50.480337_30.396543_h180.jpg,kyiv,50.480337,30.396543,180,2019-04,streetview
data/images/kyiv/50.480337_30.396543_h270.jpg,kyiv,50.480337,30.396543,270,2019-04,streetview
data/images/kyiv/50.233481_30.79681_h0.jpg,kyiv,50.233481,30.79681,0,2021-05,streetview
data/images/kyiv/50.233481_30.79681_h90.jpg,kyiv,50.233481,30.79681,90,2021-05,streetview
data/images/kyiv/50.233481_30.79681_h180.jpg,kyiv,50.233481,30.79681,180,2021-05,streetview
data/images/kyiv/50.233481_30.79681_h270.jpg,kyiv,50.233481,30.79681,270,2021-05,streetview
data/images/kyiv/50.241027_30.510365_h0.jpg,kyiv,50.241027,30.510365,0,2020-09,streetview
data/images/kyiv/50.241027_30.510365_h90.jpg,kyiv,50.241027,30.510365,90,2020-09,streetview
data/images/kyiv/50.241027_30.510365_h180.jpg,kyiv,50.241027,30.510365,180,2020-09,streetview
data/images/kyiv/50.241027_30.510365_h270.jpg,kyiv,50.241027,30.510365,270,2020-09,streetview
data/images/kyiv/50.391944_30.800363_h0.jpg,kyiv,50.391944,30.800363,0,2020-07,streetview
data/images/kyiv/50.391944_30.800363_h90.jpg,kyiv,50.391944,30.800363,90,2020-07,streetview
data/images/kyiv/50.391944_30.800363_h180.jpg,kyiv,50.391944,30.800363,180,2020-07,streetview
data/images/kyiv/50.391944_30.800363_h270.jpg,kyiv,50.391944,30.800363,270,2020-07,streetview
data/images/kyiv/50.321875_30.563165_h0.jpg,kyiv,50.321875,30.563165,0,2024-08,streetview
data/images/kyiv/50.321875_30.563165_h90.jpg,kyiv,50.321875,30.563165,90,2024-08,streetview
data/images/kyiv/50.321875_30.563165_h180.jpg,kyiv,50.321875,30.563165,180,2024-08,streetview
data/images/kyiv/50.321875_30.563165_h270.jpg,kyiv,50.321875,30.563165,270,2024-08,streetview
data/images/kyiv/50.547172_30.478194_h0.jpg,kyiv,50.547172,30.478194,0,2018-10,streetview
data/images/kyiv/50.547172_30.478194_h90.jpg,kyiv,50.547172,30.478194,90,2018-10,streetview
data/images/kyiv/50.547172_30.478194_h180.jpg,kyiv,50.547172,30.478194,180,2018-10,streetview
data/images/kyiv/50.547172_30.478194_h270.jpg,kyiv,50.547172,30.478194,270,2018-10,streetview
data/images/kyiv/50.215156_30.247423_h0.jpg,kyiv,50.215156,30.247423,0,2019-06,streetview
data/images/kyiv/50.215156_30.247423_h90.jpg,kyiv,50.215156,30.247423,90,2019-06,streetview
data/images/kyiv/50.215156_30.247423_h180.jpg,kyiv,50.215156,30.247423,180,2019-06,streetview
data/images/kyiv/50.215156_30.247423_h270.jpg,kyiv,50.215156,30.247423,270,2019-06,streetview
data/images/kyiv/50.480337_30.45414_h0.jpg,kyiv,50.480337,30.45414,0,2019-03,streetview
data/images/kyiv/50.480337_30.45414_h90.jpg,kyiv,50.480337,30.45414,90,2019-03,streetview
data/images/kyiv/50.480337_30.45414_h180.jpg,kyiv,50.480337,30.45414,180,2019-03,streetview
data/images/kyiv/50.480337_30.45414_h270.jpg,kyiv,50.480337,30.45414,270,2019-03,streetview
data/images/kyiv/50.331577_30.819914_h0.jpg,kyiv,50.331577,30.819914,0,2020-08,streetview
data/images/kyiv/50.331577_30.819914_h90.jpg,kyiv,50.331577,30.819914,90,2020-08,streetview
data/images/kyiv/50.331577_30.819914_h180.jpg,kyiv,50.331577,30.819914,180,2020-08,streetview
data/images/kyiv/50.331577_30.819914_h270.jpg,kyiv,50.331577,30.819914,270,2020-08,streetview
data/images/kyiv/50.215156_30.316491_h0.jpg,kyiv,50.215156,30.316491,0,2018-11,streetview
data/images/kyiv/50.215156_30.316491_h90.jpg,kyiv,50.215156,30.316491,90,2018-11,streetview
data/images/kyiv/50.215156_30.316491_h180.jpg,kyiv,50.215156,30.316491,180,2018-11,streetview
data/images/kyiv/50.215156_30.316491_h270.jpg,kyiv,50.215156,30.316491,270,2018-11,streetview
data/images/kyiv/50.4577_30.389695_h0.jpg,kyiv,50.4577,30.389695,0,2019-04,streetview
data/images/kyiv/50.4577_30.389695_h90.jpg,kyiv,50.4577,30.389695,90,2019-04,streetview
data/images/kyiv/50.4577_30.389695_h180.jpg,kyiv,50.4577,30.389695,180,2019-04,streetview
data/images/kyiv/50.4577_30.389695_h270.jpg,kyiv,50.4577,30.389695,270,2019-04,streetview
data/images/kyiv/50.45231_30.597918_h0.jpg,kyiv,50.45231,30.597918,0,2019-11,streetview
data/images/kyiv/50.45231_30.597918_h90.jpg,kyiv,50.45231,30.597918,90,2019-11,streetview
data/images/kyiv/50.45231_30.597918_h180.jpg,kyiv,50.45231,30.597918,180,2019-11,streetview
data/images/kyiv/50.45231_30.597918_h270.jpg,kyiv,50.45231,30.597918,270,2019-11,streetview
data/images/kyiv/50.46848_30.511668_h0.jpg,kyiv,50.46848,30.511668,0,2018-03,streetview
data/images/kyiv/50.46848_30.511668_h90.jpg,kyiv,50.46848,30.511668,90,2018-03,streetview
data/images/kyiv/50.46848_30.511668_h180.jpg,kyiv,50.46848,30.511668,180,2018-03,streetview
data/images/kyiv/50.46848_30.511668_h270.jpg,kyiv,50.46848,30.511668,270,2018-03,streetview
data/images/kyiv/50.502975_30.423736_h0.jpg,kyiv,50.502975,30.423736,0,2018-11,streetview
data/images/kyiv/50.502975_30.423736_h90.jpg,kyiv,50.502975,30.423736,90,2018-11,streetview
data/images/kyiv/50.502975_30.423736_h180.jpg,kyiv,50.502975,30.423736,180,2018-11,streetview
data/images/kyiv/50.502975_30.423736_h270.jpg,kyiv,50.502975,30.423736,270,2018-11,streetview
data/images/kyiv/50.510521_30.579714_h0.jpg,kyiv,50.510521,30.579714,0,2020-04,streetview
data/images/kyiv/50.510521_30.579714_h90.jpg,kyiv,50.510521,30.579714,90,2020-04,streetview
data/images/kyiv/50.510521_30.579714_h180.jpg,kyiv,50.510521,30.579714,180,2020-04,streetview
data/images/kyiv/50.510521_30.579714_h270.jpg,kyiv,50.510521,30.579714,270,2020-04,streetview
data/images/kyiv/50.423205_30.399737_h0.jpg,kyiv,50.423205,30.399737,0,2022-02,streetview
data/images/kyiv/50.423205_30.399737_h90.jpg,kyiv,50.423205,30.399737,90,2022-02,streetview
data/images/kyiv/50.423205_30.399737_h180.jpg,kyiv,50.423205,30.399737,180,2022-02,streetview
data/images/kyiv/50.423205_30.399737_h270.jpg,kyiv,50.423205,30.399737,270,2022-02,streetview
data/images/kyiv/50.467402_30.655613_h0.jpg,kyiv,50.467402,30.655613,0,2019-05,streetview
data/images/kyiv/50.467402_30.655613_h90.jpg,kyiv,50.467402,30.655613,90,2019-05,streetview
data/images/kyiv/50.467402_30.655613_h180.jpg,kyiv,50.467402,30.655613,180,2019-05,streetview
data/images/kyiv/50.467402_30.655613_h270.jpg,kyiv,50.467402,30.655613,270,2019-05,streetview
data/images/kyiv/50.438296_30.350706_h0.jpg,kyiv,50.438296,30.350706,0,2021-10,streetview
data/images/kyiv/50.438296_30.350706_h90.jpg,kyiv,50.438296,30.350706,90,2021-10,streetview
data/images/kyiv/50.438296_30.350706_h180.jpg,kyiv,50.438296,30.350706,180,2021-10,streetview
data/images/kyiv/50.438296_30.350706_h270.jpg,kyiv,50.438296,30.350706,270,2021-10,streetview
data/images/kyiv/50.408113_30.545149_h0.jpg,kyiv,50.408113,30.545149,0,2024-05,streetview
data/images/kyiv/50.408113_30.545149_h90.jpg,kyiv,50.408113,30.545149,90,2024-05,streetview
data/images/kyiv/50.408113_30.545149_h180.jpg,kyiv,50.408113,30.545149,180,2024-05,streetview
data/images/kyiv/50.408113_30.545149_h270.jpg,kyiv,50.408113,30.545149,270,2024-05,streetview
data/images/kyiv/50.410269_30.38447_h0.jpg,kyiv,50.410269,30.38447,0,2024-02,streetview
data/images/kyiv/50.410269_30.38447_h90.jpg,kyiv,50.410269,30.38447,90,2024-02,streetview
data/images/kyiv/50.410269_30.38447_h180.jpg,kyiv,50.410269,30.38447,180,2024-02,streetview
data/images/kyiv/50.410269_30.38447_h270.jpg,kyiv,50.410269,30.38447,270,2024-02,streetview
data/images/kyiv/50.566575_30.680249_h0.jpg,kyiv,50.566575,30.680249,0,2019-03,streetview
data/images/kyiv/50.566575_30.680249_h90.jpg,kyiv,50.566575,30.680249,90,2019-03,streetview
data/images/kyiv/50.566575_30.680249_h180.jpg,kyiv,50.566575,30.680249,180,2019-03,streetview
data/images/kyiv/50.566575_30.680249_h270.jpg,kyiv,50.566575,30.680249,270,2019-03,streetview
data/images/kyiv/50.5213_30.245782_h0.jpg,kyiv,50.5213,30.245782,0,2020-06,streetview
data/images/kyiv/50.5213_30.245782_h90.jpg,kyiv,50.5213,30.245782,90,2020-06,streetview
data/images/kyiv/50.5213_30.245782_h180.jpg,kyiv,50.5213,30.245782,180,2020-06,streetview
data/images/kyiv/50.5213_30.245782_h270.jpg,kyiv,50.5213,30.245782,270,2020-06,streetview
data/images/kyiv/50.431829_30.533456_h0.jpg,kyiv,50.431829,30.533456,0,2020-10,streetview
data/images/kyiv/50.431829_30.533456_h90.jpg,kyiv,50.431829,30.533456,90,2020-10,streetview
data/images/kyiv/50.431829_30.533456_h180.jpg,kyiv,50.431829,30.533456,180,2020-10,streetview
data/images/kyiv/50.431829_30.533456_h270.jpg,kyiv,50.431829,30.533456,270,2020-10,streetview
data/images/kyiv/50.459856_30.523471_h0.jpg,kyiv,50.459856,30.523471,0,2019-08,streetview
data/images/kyiv/50.459856_30.523471_h90.jpg,kyiv,50.459856,30.523471,90,2019-08,streetview
data/images/kyiv/50.459856_30.523471_h180.jpg,kyiv,50.459856,30.523471,180,2019-08,streetview
data/images/kyiv/50.459856_30.523471_h270.jpg,kyiv,50.459856,30.523471,270,2019-08,streetview
data/images/kyiv/50.491117_30.406746_h0.jpg,kyiv,50.491117,30.406746,0,2019-04,streetview
data/images/kyiv/50.491117_30.406746_h90.jpg,kyiv,50.491117,30.406746,90,2019-04,streetview
data/images/kyiv/50.491117_30.406746_h180.jpg,kyiv,50.491117,30.406746,180,2019-04,streetview
data/images/kyiv/50.491117_30.406746_h270.jpg,kyiv,50.491117,30.406746,270,2019-04,streetview
data/images/kyiv/50.469558_30.471027_h0.jpg,kyiv,50.469558,30.471027,0,2019-09,streetview
data/images/kyiv/50.469558_30.471027_h90.jpg,kyiv,50.469558,30.471027,90,2019-09,streetview
data/images/kyiv/50.469558_30.471027_h180.jpg,kyiv,50.469558,30.471027,180,2019-09,streetview
data/images/kyiv/50.469558_30.471027_h270.jpg,kyiv,50.469558,30.471027,270,2019-09,streetview
data/images/kyiv/50.400567_30.607673_h0.jpg,kyiv,50.400567,30.607673,0,2019-12,streetview
data/images/kyiv/50.400567_30.607673_h90.jpg,kyiv,50.400567,30.607673,90,2019-12,streetview
data/images/kyiv/50.400567_30.607673_h180.jpg,kyiv,50.400567,30.607673,180,2019-12,streetview
data/images/kyiv/50.400567_30.607673_h270.jpg,kyiv,50.400567,30.607673,270,2019-12,streetview
data/images/kyiv/50.466324_30.515042_h0.jpg,kyiv,50.466324,30.515042,0,2018-05,streetview
data/images/kyiv/50.466324_30.515042_h90.jpg,kyiv,50.466324,30.515042,90,2018-05,streetview
data/images/kyiv/50.466324_30.515042_h180.jpg,kyiv,50.466324,30.515042,180,2018-05,streetview
data/images/kyiv/50.466324_30.515042_h270.jpg,kyiv,50.466324,30.515042,270,2018-05,streetview
data/images/kyiv/50.375774_30.776508_h0.jpg,kyiv,50.375774,30.776508,0,2021-09,streetview
data/images/kyiv/50.375774_30.776508_h90.jpg,kyiv,50.375774,30.776508,90,2021-09,streetview
data/images/kyiv/50.375774_30.776508_h180.jpg,kyiv,50.375774,30.776508,180,2021-09,streetview
data/images/kyiv/50.375774_30.776508_h270.jpg,kyiv,50.375774,30.776508,270,2021-09,streetview
data/images/kyiv/50.46309_30.464222_h0.jpg,kyiv,50.46309,30.464222,0,2020-11,streetview
data/images/kyiv/50.46309_30.464222_h90.jpg,kyiv,50.46309,30.464222,90,2020-11,streetview
data/images/kyiv/50.46309_30.464222_h180.jpg,kyiv,50.46309,30.464222,180,2020-11,streetview
data/images/kyiv/50.46309_30.464222_h270.jpg,kyiv,50.46309,30.464222,270,2020-11,streetview
data/images/kyiv/50.428595_30.601123_h0.jpg,kyiv,50.428595,30.601123,0,2018-11,streetview
data/images/kyiv/50.428595_30.601123_h90.jpg,kyiv,50.428595,30.601123,90,2018-11,streetview
data/images/kyiv/50.428595_30.601123_h180.jpg,kyiv,50.428595,30.601123,180,2018-11,streetview
data/images/kyiv/50.428595_30.601123_h270.jpg,kyiv,50.428595,30.601123,270,2018-11,streetview
data/images/kyiv/50.492195_30.383027_h0.jpg,kyiv,50.492195,30.383027,0,2019-04,streetview
data/images/kyiv/50.492195_30.383027_h90.jpg,kyiv,50.492195,30.383027,90,2019-04,streetview
data/images/kyiv/50.492195_30.383027_h180.jpg,kyiv,50.492195,30.383027,180,2019-04,streetview
data/images/kyiv/50.492195_30.383027_h270.jpg,kyiv,50.492195,30.383027,270,2019-04,streetview
data/images/kyiv/50.455544_30.34736_h0.jpg,kyiv,50.455544,30.34736,0,2019-06,streetview
data/images/kyiv/50.455544_30.34736_h90.jpg,kyiv,50.455544,30.34736,90,2019-06,streetview
data/images/kyiv/50.455544_30.34736_h180.jpg,kyiv,50.455544,30.34736,180,2019-06,streetview
data/images/kyiv/50.455544_30.34736_h270.jpg,kyiv,50.455544,30.34736,270,2019-06,streetview
data/images/kyiv/50.410269_30.546854_h0.jpg,kyiv,50.410269,30.546854,0,2018-11,streetview
data/images/kyiv/50.410269_30.546854_h90.jpg,kyiv,50.410269,30.546854,90,2018-11,streetview
data/images/kyiv/50.410269_30.546854_h180.jpg,kyiv,50.410269,30.546854,180,2018-11,streetview
data/images/kyiv/50.410269_30.546854_h270.jpg,kyiv,50.410269,30.546854,270,2018-11,streetview
data/images/kyiv/50.515911_30.791664_h0.jpg,kyiv,50.515911,30.791664,0,2019-02,streetview
data/images/kyiv/50.515911_30.791664_h90.jpg,kyiv,50.515911,30.791664,90,2019-02,streetview
data/images/kyiv/50.515911_30.791664_h180.jpg,kyiv,50.515911,30.791664,180,2019-02,streetview
data/images/kyiv/50.515911_30.791664_h270.jpg,kyiv,50.515911,30.791664,270,2019-02,streetview
data/images/kyiv/50.487883_30.420288_h0.jpg,kyiv,50.487883,30.420288,0,2021-04,streetview
data/images/kyiv/50.487883_30.420288_h90.jpg,kyiv,50.487883,30.420288,90,2021-04,streetview
data/images/kyiv/50.487883_30.420288_h180.jpg,kyiv,50.487883,30.420288,180,2021-04,streetview
data/images/kyiv/50.487883_30.420288_h270.jpg,kyiv,50.487883,30.420288,270,2021-04,streetview
data/images/kyiv/50.447998_30.514935_h0.jpg,kyiv,50.447998,30.514935,0,2020-02,streetview
data/images/kyiv/50.447998_30.514935_h90.jpg,kyiv,50.447998,30.514935,90,2020-02,streetview
data/images/kyiv/50.447998_30.514935_h180.jpg,kyiv,50.447998,30.514935,180,2020-02,streetview
data/images/kyiv/50.447998_30.514935_h270.jpg,kyiv,50.447998,30.514935,270,2020-02,streetview
data/images/kyiv/50.43614_30.555485_h0.jpg,kyiv,50.43614,30.555485,0,2021-05,streetview
data/images/kyiv/50.43614_30.555485_h90.jpg,kyiv,50.43614,30.555485,90,2021-05,streetview
data/images/kyiv/50.43614_30.555485_h180.jpg,kyiv,50.43614,30.555485,180,2021-05,streetview
data/images/kyiv/50.43614_30.555485_h270.jpg,kyiv,50.43614,30.555485,270,2021-05,streetview
data/images/kyiv/50.44153_30.420111_h0.jpg,kyiv,50.44153,30.420111,0,2020-02,streetview
data/images/kyiv/50.44153_30.420111_h90.jpg,kyiv,50.44153,30.420111,90,2020-02,streetview
data/images/kyiv/50.44153_30.420111_h180.jpg,kyiv,50.44153,30.420111,180,2020-02,streetview
data/images/kyiv/50.44153_30.420111_h270.jpg,kyiv,50.44153,30.420111,270,2020-02,streetview
data/images/kyiv/50.497585_30.362708_h0.jpg,kyiv,50.497585,30.362708,0,2019-05,streetview
data/images/kyiv/50.497585_30.362708_h90.jpg,kyiv,50.497585,30.362708,90,2019-05,streetview
data/images/kyiv/50.497585_30.362708_h180.jpg,kyiv,50.497585,30.362708,180,2019-05,streetview
data/images/kyiv/50.497585_30.362708_h270.jpg,kyiv,50.497585,30.362708,270,2019-05,streetview
data/images/kyiv/50.411347_30.472433_h0.jpg,kyiv,50.411347,30.472433,0,2022-02,streetview
data/images/kyiv/50.411347_30.472433_h90.jpg,kyiv,50.411347,30.472433,90,2022-02,streetview
data/images/kyiv/50.411347_30.472433_h180.jpg,kyiv,50.411347,30.472433,180,2022-02,streetview
data/images/kyiv/50.411347_30.472433_h270.jpg,kyiv,50.411347,30.472433,270,2022-02,streetview
data/images/kyiv/50.402723_30.653353_h0.jpg,kyiv,50.402723,30.653353,0,2026-01,streetview
data/images/kyiv/50.402723_30.653353_h90.jpg,kyiv,50.402723,30.653353,90,2026-01,streetview
data/images/kyiv/50.402723_30.653353_h180.jpg,kyiv,50.402723,30.653353,180,2026-01,streetview
data/images/kyiv/50.402723_30.653353_h270.jpg,kyiv,50.402723,30.653353,270,2026-01,streetview
data/images/kyiv/50.289536_30.679362_h0.jpg,kyiv,50.289536,30.679362,0,2019-11,streetview
data/images/kyiv/50.289536_30.679362_h90.jpg,kyiv,50.289536,30.679362,90,2019-11,streetview
data/images/kyiv/50.289536_30.679362_h180.jpg,kyiv,50.289536,30.679362,180,2019-11,streetview
data/images/kyiv/50.289536_30.679362_h270.jpg,kyiv,50.289536,30.679362,270,2019-11,streetview
data/images/kyiv/50.412425_30.560401_h0.jpg,kyiv,50.412425,30.560401,0,2019-09,streetview
data/images/kyiv/50.412425_30.560401_h90.jpg,kyiv,50.412425,30.560401,90,2019-09,streetview
data/images/kyiv/50.412425_30.560401_h180.jpg,kyiv,50.412425,30.560401,180,2019-09,streetview
data/images/kyiv/50.412425_30.560401_h270.jpg,kyiv,50.412425,30.560401,270,2019-09,streetview
data/images/kyiv/50.396255_30.638078_h0.jpg,kyiv,50.396255,30.638078,0,2018-04,streetview
data/images/kyiv/50.396255_30.638078_h90.jpg,kyiv,50.396255,30.638078,90,2018-04,streetview
data/images/kyiv/50.396255_30.638078_h180.jpg,kyiv,50.396255,30.638078,180,2018-04,streetview
data/images/kyiv/50.396255_30.638078_h270.jpg,kyiv,50.396255,30.638078,270,2018-04,streetview
data/images/kyiv/50.330499_30.804703_h0.jpg,kyiv,50.330499,30.804703,0,2020-08,streetview
data/images/kyiv/50.330499_30.804703_h90.jpg,kyiv,50.330499,30.804703,90,2020-08,streetview
data/images/kyiv/50.330499_30.804703_h180.jpg,kyiv,50.330499,30.804703,180,2020-08,streetview
data/images/kyiv/50.330499_30.804703_h270.jpg,kyiv,50.330499,30.804703,270,2020-08,streetview
data/images/kyiv/50.453388_30.445552_h0.jpg,kyiv,50.453388,30.445552,0,2021-06,streetview
data/images/kyiv/50.453388_30.445552_h90.jpg,kyiv,50.453388,30.445552,90,2021-06,streetview
data/images/kyiv/50.453388_30.445552_h180.jpg,kyiv,50.453388,30.445552,180,2021-06,streetview
data/images/kyiv/50.453388_30.445552_h270.jpg,kyiv,50.453388,30.445552,270,2021-06,streetview
data/images/kyiv/50.510521_30.461058_h0.jpg,kyiv,50.510521,30.461058,0,2019-12,streetview
data/images/kyiv/50.510521_30.461058_h90.jpg,kyiv,50.510521,30.461058,90,2019-12,streetview
data/images/kyiv/50.510521_30.461058_h180.jpg,kyiv,50.510521,30.461058,180,2019-12,streetview
data/images/kyiv/50.510521_30.461058_h270.jpg,kyiv,50.510521,30.461058,270,2019-12,streetview
data/images/kyiv/50.566575_30.457927_h0.jpg,kyiv,50.566575,30.457927,0,2020-05,streetview
data/images/kyiv/50.566575_30.457927_h90.jpg,kyiv,50.566575,30.457927,90,2020-05,streetview
data/images/kyiv/50.566575_30.457927_h180.jpg,kyiv,50.566575,30.457927,180,2020-05,streetview
data/images/kyiv/50.566575_30.457927_h270.jpg,kyiv,50.566575,30.457927,270,2020-05,streetview
data/images/kyiv/50.344513_30.392714_h0.jpg,kyiv,50.344513,30.392714,0,2019-11,streetview
data/images/kyiv/50.344513_30.392714_h90.jpg,kyiv,50.344513,30.392714,90,2019-11,streetview
data/images/kyiv/50.344513_30.392714_h180.jpg,kyiv,50.344513,30.392714,180,2019-11,streetview
data/images/kyiv/50.344513_30.392714_h270.jpg,kyiv,50.344513,30.392714,270,2019-11,streetview
data/images/kyiv/50.518066_30.488219_h0.jpg,kyiv,50.518066,30.488219,0,2022-02,streetview
data/images/kyiv/50.518066_30.488219_h90.jpg,kyiv,50.518066,30.488219,90,2022-02,streetview
data/images/kyiv/50.518066_30.488219_h180.jpg,kyiv,50.518066,30.488219,180,2022-02,streetview
data/images/kyiv/50.518066_30.488219_h270.jpg,kyiv,50.518066,30.488219,270,2022-02,streetview
data/images/kyiv/50.409191_30.672016_h0.jpg,kyiv,50.409191,30.672016,0,2021-04,streetview
data/images/kyiv/50.409191_30.672016_h90.jpg,kyiv,50.409191,30.672016,90,2021-04,streetview
data/images/kyiv/50.409191_30.672016_h180.jpg,kyiv,50.409191,30.672016,180,2021-04,streetview
data/images/kyiv/50.409191_30.672016_h270.jpg,kyiv,50.409191,30.672016,270,2021-04,streetview
data/images/kyiv/50.535314_30.257656_h0.jpg,kyiv,50.535314,30.257656,0,2019-10,streetview
data/images/kyiv/50.535314_30.257656_h90.jpg,kyiv,50.535314,30.257656,90,2019-10,streetview
data/images/kyiv/50.535314_30.257656_h180.jpg,kyiv,50.535314,30.257656,180,2019-10,streetview
data/images/kyiv/50.535314_30.257656_h270.jpg,kyiv,50.535314,30.257656,270,2019-10,streetview
data/images/kyiv/50.384398_30.460466_h0.jpg,kyiv,50.384398,30.460466,0,2021-04,streetview
data/images/kyiv/50.384398_30.460466_h90.jpg,kyiv,50.384398,30.460466,90,2021-04,streetview
data/images/kyiv/50.384398_30.460466_h180.jpg,kyiv,50.384398,30.460466,180,2021-04,streetview
data/images/kyiv/50.384398_30.460466_h270.jpg,kyiv,50.384398,30.460466,270,2021-04,streetview
data/images/kyiv/50.419971_30.545225_h0.jpg,kyiv,50.419971,30.545225,0,2026-02,streetview
data/images/kyiv/50.419971_30.545225_h90.jpg,kyiv,50.419971,30.545225,90,2026-02,streetview
data/images/kyiv/50.419971_30.545225_h180.jpg,kyiv,50.419971,30.545225,180,2026-02,streetview
data/images/kyiv/50.419971_30.545225_h270.jpg,kyiv,50.419971,30.545225,270,2026-02,streetview
data/images/kyiv/50.495429_30.432179_h0.jpg,kyiv,50.495429,30.432179,0,2018-11,streetview
data/images/kyiv/50.495429_30.432179_h90.jpg,kyiv,50.495429,30.432179,90,2018-11,streetview
data/images/kyiv/50.495429_30.432179_h180.jpg,kyiv,50.495429,30.432179,180,2018-11,streetview
data/images/kyiv/50.495429_30.432179_h270.jpg,kyiv,50.495429,30.432179,270,2018-11,streetview
data/images/kyiv/50.297082_30.532621_h0.jpg,kyiv,50.297082,30.532621,0,2022-02,streetview
data/images/kyiv/50.297082_30.532621_h90.jpg,kyiv,50.297082,30.532621,90,2022-02,streetview
data/images/kyiv/50.297082_30.532621_h180.jpg,kyiv,50.297082,30.532621,180,2022-02,streetview
data/images/kyiv/50.297082_30.532621_h270.jpg,kyiv,50.297082,30.532621,270,2022-02,streetview
data/images/kyiv/50.336967_30.696691_h0.jpg,kyiv,50.336967,30.696691,0,2020-08,streetview
data/images/kyiv/50.336967_30.696691_h90.jpg,kyiv,50.336967,30.696691,90,2020-08,streetview
data/images/kyiv/50.336967_30.696691_h180.jpg,kyiv,50.336967,30.696691,180,2020-08,streetview
data/images/kyiv/50.336967_30.696691_h270.jpg,kyiv,50.336967,30.696691,270,2020-08,streetview
data/images/kyiv/50.424283_30.401433_h0.jpg,kyiv,50.424283,30.401433,0,2021-10,streetview
data/images/kyiv/50.424283_30.401433_h90.jpg,kyiv,50.424283,30.401433,90,2021-10,streetview
data/images/kyiv/50.424283_30.401433_h180.jpg,kyiv,50.424283,30.401433,180,2021-10,streetview
data/images/kyiv/50.424283_30.401433_h270.jpg,kyiv,50.424283,30.401433,270,2021-10,streetview
data/images/kyiv/50.419971_30.381116_h0.jpg,kyiv,50.419971,30.381116,0,2021-12,streetview
data/images/kyiv/50.419971_30.381116_h90.jpg,kyiv,50.419971,30.381116,90,2021-12,streetview
data/images/kyiv/50.419971_30.381116_h180.jpg,kyiv,50.419971,30.381116,180,2021-12,streetview
data/images/kyiv/50.419971_30.381116_h270.jpg,kyiv,50.419971,30.381116,270,2021-12,streetview
data/images/kyiv/50.516989_30.247477_h0.jpg,kyiv,50.516989,30.247477,0,2021-06,streetview
data/images/kyiv/50.516989_30.247477_h90.jpg,kyiv,50.516989,30.247477,90,2021-06,streetview
data/images/kyiv/50.516989_30.247477_h180.jpg,kyiv,50.516989,30.247477,180,2021-06,streetview
data/images/kyiv/50.516989_30.247477_h270.jpg,kyiv,50.516989,30.247477,270,2021-06,streetview
data/images/kyiv/50.442608_30.359179_h0.jpg,kyiv,50.442608,30.359179,0,2020-04,streetview
data/images/kyiv/50.442608_30.359179_h90.jpg,kyiv,50.442608,30.359179,90,2020-04,streetview
data/images/kyiv/50.442608_30.359179_h180.jpg,kyiv,50.442608,30.359179,180,2020-04,streetview
data/images/kyiv/50.442608_30.359179_h270.jpg,kyiv,50.442608,30.359179,270,2020-04,streetview
data/images/kyiv/50.47387_30.332158_h0.jpg,kyiv,50.47387,30.332158,0,2019-03,streetview
data/images/kyiv/50.47387_30.332158_h90.jpg,kyiv,50.47387,30.332158,90,2019-03,streetview
data/images/kyiv/50.47387_30.332158_h180.jpg,kyiv,50.47387,30.332158,180,2019-03,streetview
data/images/kyiv/50.47387_30.332158_h270.jpg,kyiv,50.47387,30.332158,270,2019-03,streetview
data/images/kyiv/50.239949_30.360353_h0.jpg,kyiv,50.239949,30.360353,0,2021-12,streetview
data/images/kyiv/50.239949_30.360353_h90.jpg,kyiv,50.239949,30.360353,90,2021-12,streetview
data/images/kyiv/50.239949_30.360353_h180.jpg,kyiv,50.239949,30.360353,180,2021-12,streetview
data/images/kyiv/50.239949_30.360353_h270.jpg,kyiv,50.239949,30.360353,270,2021-12,streetview
data/images/kyiv/50.381164_30.379309_h0.jpg,kyiv,50.381164,30.379309,0,2025-11,streetview
data/images/kyiv/50.381164_30.379309_h90.jpg,kyiv,50.381164,30.379309,90,2025-11,streetview
data/images/kyiv/50.381164_30.379309_h180.jpg,kyiv,50.381164,30.379309,180,2025-11,streetview
data/images/kyiv/50.381164_30.379309_h270.jpg,kyiv,50.381164,30.379309,270,2025-11,streetview
data/images/kyiv/50.307862_30.733543_h0.jpg,kyiv,50.307862,30.733543,0,2021-08,streetview
data/images/kyiv/50.307862_30.733543_h90.jpg,kyiv,50.307862,30.733543,90,2021-08,streetview
data/images/kyiv/50.307862_30.733543_h180.jpg,kyiv,50.307862,30.733543,180,2021-08,streetview
data/images/kyiv/50.307862_30.733543_h270.jpg,kyiv,50.307862,30.733543,270,2021-08,streetview
data/images/kyiv/50.486805_30.323712_h0.jpg,kyiv,50.486805,30.323712,0,2019-03,streetview
data/images/kyiv/50.486805_30.323712_h90.jpg,kyiv,50.486805,30.323712,90,2019-03,streetview
data/images/kyiv/50.486805_30.323712_h180.jpg,kyiv,50.486805,30.323712,180,2019-03,streetview
data/images/kyiv/50.486805_30.323712_h270.jpg,kyiv,50.486805,30.323712,270,2019-03,streetview
data/images/kyiv/50.554718_30.644508_h0.jpg,kyiv,50.554718,30.644508,0,2020-10,streetview
data/images/kyiv/50.554718_30.644508_h90.jpg,kyiv,50.554718,30.644508,90,2020-10,streetview
data/images/kyiv/50.554718_30.644508_h180.jpg,kyiv,50.554718,30.644508,180,2020-10,streetview
data/images/kyiv/50.554718_30.644508_h270.jpg,kyiv,50.554718,30.644508,270,2020-10,streetview
data/images/kyiv/50.552562_30.62922_h0.jpg,kyiv,50.552562,30.62922,0,2020-06,streetview
data/images/kyiv/50.552562_30.62922_h90.jpg,kyiv,50.552562,30.62922,90,2020-06,streetview
data/images/kyiv/50.552562_30.62922_h180.jpg,kyiv,50.552562,30.62922,180,2020-06,streetview
data/images/kyiv/50.552562_30.62922_h270.jpg,kyiv,50.552562,30.62922,270,2020-06,streetview
data/images/kyiv/50.233481_30.79344_h0.jpg,kyiv,50.233481,30.79344,0,2021-05,streetview
data/images/kyiv/50.233481_30.79344_h90.jpg,kyiv,50.233481,30.79344,90,2021-05,streetview
data/images/kyiv/50.233481_30.79344_h180.jpg,kyiv,50.233481,30.79344,180,2021-05,streetview
data/images/kyiv/50.233481_30.79344_h270.jpg,kyiv,50.233481,30.79344,270,2021-05,streetview
data/images/kyiv/50.460934_30.582744_h0.jpg,kyiv,50.460934,30.582744,0,2020-11,streetview
data/images/kyiv/50.460934_30.582744_h90.jpg,kyiv,50.460934,30.582744,90,2020-11,streetview
data/images/kyiv/50.460934_30.582744_h180.jpg,kyiv,50.460934,30.582744,180,2020-11,streetview
data/images/kyiv/50.460934_30.582744_h270.jpg,kyiv,50.460934,30.582744,270,2020-11,streetview
data/images/kyiv/50.410269_30.543471_h0.jpg,kyiv,50.410269,30.543471,0,2021-09,streetview
data/images/kyiv/50.410269_30.543471_h90.jpg,kyiv,50.410269,30.543471,90,2021-09,streetview
data/images/kyiv/50.410269_30.543471_h180.jpg,kyiv,50.410269,30.543471,180,2021-09,streetview
data/images/kyiv/50.410269_30.543471_h270.jpg,kyiv,50.410269,30.543471,270,2021-09,streetview
data/images/kyiv/50.347747_30.617398_h0.jpg,kyiv,50.347747,30.617398,0,2019-08,streetview
data/images/kyiv/50.347747_30.617398_h90.jpg,kyiv,50.347747,30.617398,90,2019-08,streetview
data/images/kyiv/50.347747_30.617398_h180.jpg,kyiv,50.347747,30.617398,180,2019-08,streetview
data/images/kyiv/50.347747_30.617398_h270.jpg,kyiv,50.347747,30.617398,270,2019-08,streetview
data/images/kyiv/50.375774_30.531418_h0.jpg,kyiv,50.375774,30.531418,0,2019-10,streetview
data/images/kyiv/50.375774_30.531418_h90.jpg,kyiv,50.375774,30.531418,90,2019-10,streetview
data/images/kyiv/50.375774_30.531418_h180.jpg,kyiv,50.375774,30.531418,180,2019-10,streetview
data/images/kyiv/50.375774_30.531418_h270.jpg,kyiv,50.375774,30.531418,270,2019-10,streetview
data/images/kyiv/50.451232_30.333806_h0.jpg,kyiv,50.451232,30.333806,0,2020-05,streetview
data/images/kyiv/50.451232_30.333806_h90.jpg,kyiv,50.451232,30.333806,90,2020-05,streetview
data/images/kyiv/50.451232_30.333806_h180.jpg,kyiv,50.451232,30.333806,180,2020-05,streetview
data/images/kyiv/50.451232_30.333806_h270.jpg,kyiv,50.451232,30.333806,270,2020-05,streetview
data/images/kyiv/50.451232_30.367666_h0.jpg,kyiv,50.451232,30.367666,0,2019-05,streetview
data/images/kyiv/50.451232_30.367666_h90.jpg,kyiv,50.451232,30.367666,90,2019-05,streetview
data/images/kyiv/50.451232_30.367666_h180.jpg,kyiv,50.451232,30.367666,180,2019-05,streetview
data/images/kyiv/50.451232_30.367666_h270.jpg,kyiv,50.451232,30.367666,270,2019-05,streetview
data/images/kyiv/50.496507_30.46777_h0.jpg,kyiv,50.496507,30.46777,0,2021-07,streetview
data/images/kyiv/50.496507_30.46777_h90.jpg,kyiv,50.496507,30.46777,90,2021-07,streetview
data/images/kyiv/50.496507_30.46777_h180.jpg,kyiv,50.496507,30.46777,180,2021-07,streetview
data/images/kyiv/50.496507_30.46777_h270.jpg,kyiv,50.496507,30.46777,270,2021-07,streetview
data/images/kyiv/50.555796_30.676755_h0.jpg,kyiv,50.555796,30.676755,0,2020-04,streetview
data/images/kyiv/50.555796_30.676755_h90.jpg,kyiv,50.555796,30.676755,90,2020-04,streetview
data/images/kyiv/50.555796_30.676755_h180.jpg,kyiv,50.555796,30.676755,180,2020-04,streetview
data/images/kyiv/50.555796_30.676755_h270.jpg,kyiv,50.555796,30.676755,270,2020-04,streetview
data/images/kyiv/50.403801_30.404745_h0.jpg,kyiv,50.403801,30.404745,0,2019-12,streetview
data/images/kyiv/50.403801_30.404745_h90.jpg,kyiv,50.403801,30.404745,90,2019-12,streetview
data/images/kyiv/50.403801_30.404745_h180.jpg,kyiv,50.403801,30.404745,180,2019-12,streetview
data/images/kyiv/50.403801_30.404745_h270.jpg,kyiv,50.403801,30.404745,270,2019-12,streetview
data/images/kyiv/50.291692_30.696255_h0.jpg,kyiv,50.291692,30.696255,0,2019-06,streetview
data/images/kyiv/50.291692_30.696255_h90.jpg,kyiv,50.291692,30.696255,90,2019-06,streetview
data/images/kyiv/50.291692_30.696255_h180.jpg,kyiv,50.291692,30.696255,180,2019-06,streetview
data/images/kyiv/50.291692_30.696255_h270.jpg,kyiv,50.291692,30.696255,270,2019-06,streetview
data/images/kyiv/50.584901_30.481781_h0.jpg,kyiv,50.584901,30.481781,0,2021-01,streetview
data/images/kyiv/50.584901_30.481781_h90.jpg,kyiv,50.584901,30.481781,90,2021-01,streetview
data/images/kyiv/50.584901_30.481781_h180.jpg,kyiv,50.584901,30.481781,180,2021-01,streetview
data/images/kyiv/50.584901_30.481781_h270.jpg,kyiv,50.584901,30.481781,270,2021-01,streetview
data/images/kyiv/50.416737_30.568889_h0.jpg,kyiv,50.416737,30.568889,0,2019-08,streetview
data/images/kyiv/50.416737_30.568889_h90.jpg,kyiv,50.416737,30.568889,90,2019-08,streetview
data/images/kyiv/50.416737_30.568889_h180.jpg,kyiv,50.416737,30.568889,180,2019-08,streetview
data/images/kyiv/50.416737_30.568889_h270.jpg,kyiv,50.416737,30.568889,270,2019-08,streetview
data/images/kyiv/50.579511_30.658302_h0.jpg,kyiv,50.579511,30.658302,0,2019-03,streetview
data/images/kyiv/50.579511_30.658302_h90.jpg,kyiv,50.579511,30.658302,90,2019-03,streetview
data/images/kyiv/50.579511_30.658302_h180.jpg,kyiv,50.579511,30.658302,180,2019-03,streetview
data/images/kyiv/50.579511_30.658302_h270.jpg,kyiv,50.579511,30.658302,270,2019-03,streetview
data/images/kyiv/50.438296_30.516571_h0.jpg,kyiv,50.438296,30.516571,0,2019-06,streetview
data/images/kyiv/50.438296_30.516571_h90.jpg,kyiv,50.438296,30.516571,90,2019-06,streetview
data/images/kyiv/50.438296_30.516571_h180.jpg,kyiv,50.438296,30.516571,180,2019-06,streetview
data/images/kyiv/50.438296_30.516571_h270.jpg,kyiv,50.438296,30.516571,270,2019-06,streetview
data/images/kyiv/50.417815_30.52491_h0.jpg,kyiv,50.417815,30.52491,0,2025-05,streetview
data/images/kyiv/50.417815_30.52491_h90.jpg,kyiv,50.417815,30.52491,90,2025-05,streetview
data/images/kyiv/50.417815_30.52491_h180.jpg,kyiv,50.417815,30.52491,180,2025-05,streetview
data/images/kyiv/50.417815_30.52491_h270.jpg,kyiv,50.417815,30.52491,270,2025-05,streetview
data/images/kyiv/50.462012_30.438816_h0.jpg,kyiv,50.462012,30.438816,0,2025-05,streetview
data/images/kyiv/50.462012_30.438816_h90.jpg,kyiv,50.462012,30.438816,90,2025-05,streetview
data/images/kyiv/50.462012_30.438816_h180.jpg,kyiv,50.462012,30.438816,180,2025-05,streetview
data/images/kyiv/50.462012_30.438816_h270.jpg,kyiv,50.462012,30.438816,270,2025-05,streetview
data/images/kyiv/50.362838_30.465435_h0.jpg,kyiv,50.362838,30.465435,0,2021-07,streetview
data/images/kyiv/50.362838_30.465435_h90.jpg,kyiv,50.362838,30.465435,90,2021-07,streetview
data/images/kyiv/50.362838_30.465435_h180.jpg,kyiv,50.362838,30.465435,180,2021-07,streetview
data/images/kyiv/50.362838_30.465435_h270.jpg,kyiv,50.362838,30.465435,270,2021-07,streetview
data/images/kyiv/50.38871_30.372568_h0.jpg,kyiv,50.38871,30.372568,0,2021-06,streetview
data/images/kyiv/50.38871_30.372568_h90.jpg,kyiv,50.38871,30.372568,90,2021-06,streetview
data/images/kyiv/50.38871_30.372568_h180.jpg,kyiv,50.38871,30.372568,180,2021-06,streetview
data/images/kyiv/50.38871_30.372568_h270.jpg,kyiv,50.38871,30.372568,270,2021-06,streetview
data/images/kyiv/50.22917_30.747893_h0.jpg,kyiv,50.22917,30.747893,0,2019-11,streetview
data/images/kyiv/50.22917_30.747893_h90.jpg,kyiv,50.22917,30.747893,90,2019-11,streetview
data/images/kyiv/50.22917_30.747893_h180.jpg,kyiv,50.22917,30.747893,180,2019-11,streetview
data/images/kyiv/50.22917_30.747893_h270.jpg,kyiv,50.22917,30.747893,270,2019-11,streetview
data/images/kyiv/50.499741_30.427113_h0.jpg,kyiv,50.499741,30.427113,0,2024-08,streetview
data/images/kyiv/50.499741_30.427113_h90.jpg,kyiv,50.499741,30.427113,90,2024-08,streetview
data/images/kyiv/50.499741_30.427113_h180.jpg,kyiv,50.499741,30.427113,180,2024-08,streetview
data/images/kyiv/50.499741_30.427113_h270.jpg,kyiv,50.499741,30.427113,270,2024-08,streetview
data/images/kyiv/50.382242_30.450313_h0.jpg,kyiv,50.382242,30.450313,0,2018-06,streetview
data/images/kyiv/50.382242_30.450313_h90.jpg,kyiv,50.382242,30.450313,90,2018-06,streetview
data/images/kyiv/50.382242_30.450313_h180.jpg,kyiv,50.382242,30.450313,180,2018-06,streetview
data/images/kyiv/50.382242_30.450313_h270.jpg,kyiv,50.382242,30.450313,270,2018-06,streetview
data/images/kyiv/50.370384_30.462091_h0.jpg,kyiv,50.370384,30.462091,0,2018-06,streetview
data/images/kyiv/50.370384_30.462091_h90.jpg,kyiv,50.370384,30.462091,90,2018-06,streetview
data/images/kyiv/50.370384_30.462091_h180.jpg,kyiv,50.370384,30.462091,180,2018-06,streetview
data/images/kyiv/50.370384_30.462091_h270.jpg,kyiv,50.370384,30.462091,270,2018-06,streetview
data/images/kyiv/50.396255_30.419938_h0.jpg,kyiv,50.396255,30.419938,0,2019-03,streetview
data/images/kyiv/50.396255_30.419938_h90.jpg,kyiv,50.396255,30.419938,90,2019-03,streetview
data/images/kyiv/50.396255_30.419938_h180.jpg,kyiv,50.396255,30.419938,180,2019-03,streetview
data/images/kyiv/50.396255_30.419938_h270.jpg,kyiv,50.396255,30.419938,270,2019-03,streetview
data/images/kyiv/50.512677_30.788236_h0.jpg,kyiv,50.512677,30.788236,0,2020-07,streetview
data/images/kyiv/50.512677_30.788236_h90.jpg,kyiv,50.512677,30.788236,90,2020-07,streetview
data/images/kyiv/50.512677_30.788236_h180.jpg,kyiv,50.512677,30.788236,180,2020-07,streetview
data/images/kyiv/50.512677_30.788236_h270.jpg,kyiv,50.512677,30.788236,270,2020-07,streetview
data/images/kyiv/50.402723_30.347239_h0.jpg,kyiv,50.402723,30.347239,0,2018-11,streetview
data/images/kyiv/50.402723_30.347239_h90.jpg,kyiv,50.402723,30.347239,90,2018-11,streetview
data/images/kyiv/50.402723_30.347239_h180.jpg,kyiv,50.402723,30.347239,180,2018-11,streetview
data/images/kyiv/50.402723_30.347239_h270.jpg,kyiv,50.402723,30.347239,270,2018-11,streetview
data/images/kyiv/50.514833_30.245781_h0.jpg,kyiv,50.514833,30.245781,0,2020-02,streetview
data/images/kyiv/50.514833_30.245781_h90.jpg,kyiv,50.514833,30.245781,90,2020-02,streetview
data/images/kyiv/50.514833_30.245781_h180.jpg,kyiv,50.514833,30.245781,180,2020-02,streetview
data/images/kyiv/50.514833_30.245781_h270.jpg,kyiv,50.514833,30.245781,270,2020-02,streetview
data/images/kyiv/50.581667_30.488555_h0.jpg,kyiv,50.581667,30.488555,0,2021-07,streetview
data/images/kyiv/50.581667_30.488555_h90.jpg,kyiv,50.581667,30.488555,90,2021-07,streetview
data/images/kyiv/50.581667_30.488555_h180.jpg,kyiv,50.581667,30.488555,180,2021-07,streetview
data/images/kyiv/50.581667_30.488555_h270.jpg,kyiv,50.581667,30.488555,270,2021-07,streetview
data/images/kyiv/50.541782_30.493433_h0.jpg,kyiv,50.541782,30.493433,0,2021-01,streetview
data/images/kyiv/50.541782_30.493433_h90.jpg,kyiv,50.541782,30.493433,90,2021-01,streetview
data/images/kyiv/50.541782_30.493433_h180.jpg,kyiv,50.541782,30.493433,180,2021-01,streetview
data/images/kyiv/50.541782_30.493433_h270.jpg,kyiv,50.541782,30.493433,270,2021-01,streetview
data/images/kyiv/50.451232_30.469244_h0.jpg,kyiv,50.451232,30.469244,0,2019-07,streetview
data/images/kyiv/50.451232_30.469244_h90.jpg,kyiv,50.451232,30.469244,90,2019-07,streetview
data/images/kyiv/50.451232_30.469244_h180.jpg,kyiv,50.451232,30.469244,180,2019-07,streetview
data/images/kyiv/50.451232_30.469244_h270.jpg,kyiv,50.451232,30.469244,270,2019-07,streetview
data/images/kyiv/50.561185_30.692077_h0.jpg,kyiv,50.561185,30.692077,0,2019-07,streetview
data/images/kyiv/50.561185_30.692077_h90.jpg,kyiv,50.561185,30.692077,90,2019-07,streetview
data/images/kyiv/50.561185_30.692077_h180.jpg,kyiv,50.561185,30.692077,180,2019-07,streetview
data/images/kyiv/50.561185_30.692077_h270.jpg,kyiv,50.561185,30.692077,270,2019-07,streetview
data/images/kyiv/50.502975_30.603387_h0.jpg,kyiv,50.502975,30.603387,0,2019-07,streetview
data/images/kyiv/50.502975_30.603387_h90.jpg,kyiv,50.502975,30.603387,90,2019-07,streetview
data/images/kyiv/50.502975_30.603387_h180.jpg,kyiv,50.502975,30.603387,180,2019-07,streetview
data/images/kyiv/50.502975_30.603387_h270.jpg,kyiv,50.502975,30.603387,270,2019-07,streetview
data/images/kyiv/50.384398_30.387771_h0.jpg,kyiv,50.384398,30.387771,0,2019-08,streetview
data/images/kyiv/50.384398_30.387771_h90.jpg,kyiv,50.384398,30.387771,90,2019-08,streetview
data/images/kyiv/50.384398_30.387771_h180.jpg,kyiv,50.384398,30.387771,180,2019-08,streetview
data/images/kyiv/50.384398_30.387771_h270.jpg,kyiv,50.384398,30.387771,270,2019-08,streetview
data/images/kyiv/50.549328_30.630889_h0.jpg,kyiv,50.549328,30.630889,0,2020-06,streetview
data/images/kyiv/50.549328_30.630889_h90.jpg,kyiv,50.549328,30.630889,90,2020-06,streetview
data/images/kyiv/50.549328_30.630889_h180.jpg,kyiv,50.549328,30.630889,180,2020-06,streetview
data/images/kyiv/50.549328_30.630889_h270.jpg,kyiv,50.549328,30.630889,270,2020-06,streetview
data/images/kyiv/50.46309_30.459141_h0.jpg,kyiv,50.46309,30.459141,0,2019-04,streetview
data/images/kyiv/50.46309_30.459141_h90.jpg,kyiv,50.46309,30.459141,90,2019-04,streetview
data/images/kyiv/50.46309_30.459141_h180.jpg,kyiv,50.46309,30.459141,180,2019-04,streetview
data/images/kyiv/50.46309_30.459141_h270.jpg,kyiv,50.46309,30.459141,270,2019-04,streetview
data/images/kyiv/50.465246_30.523503_h0.jpg,kyiv,50.465246,30.523503,0,2025-05,streetview
data/images/kyiv/50.465246_30.523503_h90.jpg,kyiv,50.465246,30.523503,90,2025-05,streetview
data/images/kyiv/50.465246_30.523503_h180.jpg,kyiv,50.465246,30.523503,180,2025-05,streetview
data/images/kyiv/50.465246_30.523503_h270.jpg,kyiv,50.465246,30.523503,270,2025-05,streetview
data/images/kyiv/50.405957_30.376_h0.jpg,kyiv,50.405957,30.376,0,2021-02,streetview
data/images/kyiv/50.405957_30.376_h90.jpg,kyiv,50.405957,30.376,90,2021-02,streetview
data/images/kyiv/50.405957_30.376_h180.jpg,kyiv,50.405957,30.376,180,2021-02,streetview
data/images/kyiv/50.405957_30.376_h270.jpg,kyiv,50.405957,30.376,270,2021-02,streetview
data/images/kyiv/50.362838_30.718908_h0.jpg,kyiv,50.362838,30.718908,0,2020-08,streetview
data/images/kyiv/50.362838_30.718908_h90.jpg,kyiv,50.362838,30.718908,90,2020-08,streetview
data/images/kyiv/50.362838_30.718908_h180.jpg,kyiv,50.362838,30.718908,180,2020-08,streetview
data/images/kyiv/50.362838_30.718908_h270.jpg,kyiv,50.362838,30.718908,270,2020-08,streetview
data/images/kyiv/50.214078_30.345126_h0.jpg,kyiv,50.214078,30.345126,0,2021-12,streetview
data/images/kyiv/50.214078_30.345126_h90.jpg,kyiv,50.214078,30.345126,90,2021-12,streetview
data/images/kyiv/50.214078_30.345126_h180.jpg,kyiv,50.214078,30.345126,180,2021-12,streetview
data/images/kyiv/50.214078_30.345126_h270.jpg,kyiv,50.214078,30.345126,270,2021-12,streetview
data/images/kyiv/50.46848_30.332147_h0.jpg,kyiv,50.46848,30.332147,0,2018-04,streetview
data/images/kyiv/50.46848_30.332147_h90.jpg,kyiv,50.46848,30.332147,90,2018-04,streetview
data/images/kyiv/50.46848_30.332147_h180.jpg,kyiv,50.46848,30.332147,180,2018-04,streetview
data/images/kyiv/50.46848_30.332147_h270.jpg,kyiv,50.46848,30.332147,270,2018-04,streetview
data/images/kyiv/50.433985_30.494545_h0.jpg,kyiv,50.433985,30.494545,0,2021-03,streetview
data/images/kyiv/50.433985_30.494545_h90.jpg,kyiv,50.433985,30.494545,90,2021-03,streetview
data/images/kyiv/50.433985_30.494545_h180.jpg,kyiv,50.433985,30.494545,180,2021-03,streetview
data/images/kyiv/50.433985_30.494545_h270.jpg,kyiv,50.433985,30.494545,270,2021-03,streetview
data/images/kyiv/50.339123_30.352161_h0.jpg,kyiv,50.339123,30.352161,0,2018-07,streetview
data/images/kyiv/50.339123_30.352161_h90.jpg,kyiv,50.339123,30.352161,90,2018-07,streetview
data/images/kyiv/50.339123_30.352161_h180.jpg,kyiv,50.339123,30.352161,180,2018-07,streetview
data/images/kyiv/50.339123_30.352161_h270.jpg,kyiv,50.339123,30.352161,270,2018-07,streetview
data/images/kyiv/50.552562_30.666545_h0.jpg,kyiv,50.552562,30.666545,0,2020-04,streetview
data/images/kyiv/50.552562_30.666545_h90.jpg,kyiv,50.552562,30.666545,90,2020-04,streetview
data/images/kyiv/50.552562_30.666545_h180.jpg,kyiv,50.552562,30.666545,180,2020-04,streetview
data/images/kyiv/50.552562_30.666545_h270.jpg,kyiv,50.552562,30.666545,270,2020-04,streetview
data/images/kyiv/50.439374_30.516578_h0.jpg,kyiv,50.439374,30.516578,0,2019-04,streetview
data/images/kyiv/50.439374_30.516578_h90.jpg,kyiv,50.439374,30.516578,90,2019-04,streetview
data/images/kyiv/50.439374_30.516578_h180.jpg,kyiv,50.439374,30.516578,180,2019-04,streetview
data/images/kyiv/50.439374_30.516578_h270.jpg,kyiv,50.439374,30.516578,270,2019-04,streetview
data/images/kyiv/50.395178_30.384423_h0.jpg,kyiv,50.395178,30.384423,0,2019-02,streetview
data/images/kyiv/50.395178_30.384423_h90.jpg,kyiv,50.395178,30.384423,90,2019-02,streetview
data/images/kyiv/50.395178_30.384423_h180.jpg,kyiv,50.395178,30.384423,180,2019-02,streetview
data/images/kyiv/50.395178_30.384423_h270.jpg,kyiv,50.395178,30.384423,270,2019-02,streetview
data/images/kyiv/50.545016_30.505325_h0.jpg,kyiv,50.545016,30.505325,0,2021-05,streetview
data/images/kyiv/50.545016_30.505325_h90.jpg,kyiv,50.545016,30.505325,90,2021-05,streetview
data/images/kyiv/50.545016_30.505325_h180.jpg,kyiv,50.545016,30.505325,180,2021-05,streetview
data/images/kyiv/50.545016_30.505325_h270.jpg,kyiv,50.545016,30.505325,270,2021-05,streetview
data/images/kyiv/50.541782_30.652878_h0.jpg,kyiv,50.541782,30.652878,0,2020-04,streetview
data/images/kyiv/50.541782_30.652878_h90.jpg,kyiv,50.541782,30.652878,90,2020-04,streetview
data/images/kyiv/50.541782_30.652878_h180.jpg,kyiv,50.541782,30.652878,180,2020-04,streetview
data/images/kyiv/50.541782_30.652878_h270.jpg,kyiv,50.541782,30.652878,270,2020-04,streetview
data/images/kyiv/50.450154_30.494633_h0.jpg,kyiv,50.450154,30.494633,0,2021-06,streetview
data/images/kyiv/50.450154_30.494633_h90.jpg,kyiv,50.450154,30.494633,90,2021-06,streetview
data/images/kyiv/50.450154_30.494633_h180.jpg,kyiv,50.450154,30.494633,180,2021-06,streetview
data/images/kyiv/50.450154_30.494633_h270.jpg,kyiv,50.450154,30.494633,270,2021-06,streetview
data/images/kyiv/50.428595_30.467442_h0.jpg,kyiv,50.428595,30.467442,0,2019-03,streetview
data/images/kyiv/50.428595_30.467442_h90.jpg,kyiv,50.428595,30.467442,90,2019-03,streetview
data/images/kyiv/50.428595_30.467442_h180.jpg,kyiv,50.428595,30.467442,180,2019-03,streetview
data/images/kyiv/50.428595_30.467442_h270.jpg,kyiv,50.428595,30.467442,270,2019-03,streetview
data/images/kyiv/50.509443_30.454272_h0.jpg,kyiv,50.509443,30.454272,0,2018-11,streetview
data/images/kyiv/50.509443_30.454272_h90.jpg,kyiv,50.509443,30.454272,90,2018-11,streetview
data/images/kyiv/50.509443_30.454272_h180.jpg,kyiv,50.509443,30.454272,180,2018-11,streetview
data/images/kyiv/50.509443_30.454272_h270.jpg,kyiv,50.509443,30.454272,270,2018-11,streetview
data/images/kyiv/50.459856_30.340597_h0.jpg,kyiv,50.459856,30.340597,0,2020-09,streetview
data/images/kyiv/50.459856_30.340597_h90.jpg,kyiv,50.459856,30.340597,90,2020-09,streetview
data/images/kyiv/50.459856_30.340597_h180.jpg,kyiv,50.459856,30.340597,180,2020-09,streetview
data/images/kyiv/50.459856_30.340597_h270.jpg,kyiv,50.459856,30.340597,270,2020-09,streetview
data/images/kyiv/50.560107_30.685279_h0.jpg,kyiv,50.560107,30.685279,0,2019-03,streetview
data/images/kyiv/50.560107_30.685279_h90.jpg,kyiv,50.560107,30.685279,90,2019-03,streetview
data/images/kyiv/50.560107_30.685279_h180.jpg,kyiv,50.560107,30.685279,180,2019-03,streetview
data/images/kyiv/50.560107_30.685279_h270.jpg,kyiv,50.560107,30.685279,270,2019-03,streetview
data/images/kyiv/50.396255_30.375972_h0.jpg,kyiv,50.396255,30.375972,0,2020-09,streetview
data/images/kyiv/50.396255_30.375972_h90.jpg,kyiv,50.396255,30.375972,90,2020-09,streetview
data/images/kyiv/50.396255_30.375972_h180.jpg,kyiv,50.396255,30.375972,180,2020-09,streetview
data/images/kyiv/50.396255_30.375972_h270.jpg,kyiv,50.396255,30.375972,270,2020-09,streetview
data/images/kyiv/50.397333_30.391194_h0.jpg,kyiv,50.397333,30.391194,0,2025-10,streetview
data/images/kyiv/50.397333_30.391194_h90.jpg,kyiv,50.397333,30.391194,90,2025-10,streetview
data/images/kyiv/50.397333_30.391194_h180.jpg,kyiv,50.397333,30.391194,180,2025-10,streetview
data/images/kyiv/50.397333_30.391194_h270.jpg,kyiv,50.397333,30.391194,270,2025-10,streetview
data/images/kyiv/50.412425_30.606074_h0.jpg,kyiv,50.412425,30.606074,0,2018-11,streetview
data/images/kyiv/50.412425_30.606074_h90.jpg,kyiv,50.412425,30.606074,90,2018-11,streetview
data/images/kyiv/50.412425_30.606074_h180.jpg,kyiv,50.412425,30.606074,180,2018-11,streetview
data/images/kyiv/50.412425_30.606074_h270.jpg,kyiv,50.412425,30.606074,270,2018-11,streetview
data/images/kyiv/50.393022_30.612687_h0.jpg,kyiv,50.393022,30.612687,0,2018-04,streetview
data/images/kyiv/50.393022_30.612687_h90.jpg,kyiv,50.393022,30.612687,90,2018-04,streetview
data/images/kyiv/50.393022_30.612687_h180.jpg,kyiv,50.393022,30.612687,180,2018-04,streetview
data/images/kyiv/50.393022_30.612687_h270.jpg,kyiv,50.393022,30.612687,270,2018-04,streetview
data/images/kyiv/50.423205_30.47926_h0.jpg,kyiv,50.423205,30.47926,0,2020-02,streetview
data/images/kyiv/50.423205_30.47926_h90.jpg,kyiv,50.423205,30.47926,90,2020-02,streetview
data/images/kyiv/50.423205_30.47926_h180.jpg,kyiv,50.423205,30.47926,180,2020-02,streetview
data/images/kyiv/50.423205_30.47926_h270.jpg,kyiv,50.423205,30.47926,270,2020-02,streetview
data/images/kyiv/50.46848_30.360938_h0.jpg,kyiv,50.46848,30.360938,0,2021-02,streetview
data/images/kyiv/50.46848_30.360938_h90.jpg,kyiv,50.46848,30.360938,90,2021-02,streetview
data/images/kyiv/50.46848_30.360938_h180.jpg,kyiv,50.46848,30.360938,180,2021-02,streetview
data/images/kyiv/50.46848_30.360938_h270.jpg,kyiv,50.46848,30.360938,270,2021-02,streetview
data/images/kyiv/50.579511_30.481754_h0.jpg,kyiv,50.579511,30.481754,0,2021-08,streetview
data/images/kyiv/50.579511_30.481754_h90.jpg,kyiv,50.579511,30.481754,90,2021-08,streetview
data/images/kyiv/50.579511_30.481754_h180.jpg,kyiv,50.579511,30.481754,180,2021-08,streetview
data/images/kyiv/50.579511_30.481754_h270.jpg,kyiv,50.579511,30.481754,270,2021-08,streetview
data/images/kyiv/50.44692_30.528472_h0.jpg,kyiv,50.44692,30.528472,0,2020-08,streetview
data/images/kyiv/50.44692_30.528472_h90.jpg,kyiv,50.44692,30.528472,90,2020-08,streetview
data/images/kyiv/50.44692_30.528472_h180.jpg,kyiv,50.44692,30.528472,180,2020-08,streetview
data/images/kyiv/50.44692_30.528472_h270.jpg,kyiv,50.44692,30.528472,270,2020-08,streetview
data/images/kyiv/50.401645_30.330325_h0.jpg,kyiv,50.401645,30.330325,0,2019-08,streetview
data/images/kyiv/50.401645_30.330325_h90.jpg,kyiv,50.401645,30.330325,90,2019-08,streetview
data/images/kyiv/50.401645_30.330325_h180.jpg,kyiv,50.401645,30.330325,180,2019-08,streetview
data/images/kyiv/50.401645_30.330325_h270.jpg,kyiv,50.401645,30.330325,270,2019-08,streetview
data/images/kyiv/50.533158_30.255959_h0.jpg,kyiv,50.533158,30.255959,0,2020-08,streetview
data/images/kyiv/50.533158_30.255959_h90.jpg,kyiv,50.533158,30.255959,90,2020-08,streetview
data/images/kyiv/50.533158_30.255959_h180.jpg,kyiv,50.533158,30.255959,180,2020-08,streetview
data/images/kyiv/50.533158_30.255959_h270.jpg,kyiv,50.533158,30.255959,270,2020-08,streetview
data/images/kyiv/50.410269_30.602674_h0.jpg,kyiv,50.410269,30.602674,0,2020-11,streetview
data/images/kyiv/50.410269_30.602674_h90.jpg,kyiv,50.410269,30.602674,90,2020-11,streetview
data/images/kyiv/50.410269_30.602674_h180.jpg,kyiv,50.410269,30.602674,180,2020-11,streetview
data/images/kyiv/50.410269_30.602674_h270.jpg,kyiv,50.410269,30.602674,270,2020-11,streetview
data/images/kyiv/50.45231_30.528505_h0.jpg,kyiv,50.45231,30.528505,0,2021-05,streetview
data/images/kyiv/50.45231_30.528505_h90.jpg,kyiv,50.45231,30.528505,90,2021-05,streetview
data/images/kyiv/50.45231_30.528505_h180.jpg,kyiv,50.45231,30.528505,180,2021-05,streetview
data/images/kyiv/50.45231_30.528505_h270.jpg,kyiv,50.45231,30.528505,270,2021-05,streetview
data/images/kyiv/50.328343_30.767528_h0.jpg,kyiv,50.328343,30.767528,0,2020-08,streetview
data/images/kyiv/50.328343_30.767528_h90.jpg,kyiv,50.328343,30.767528,90,2020-08,streetview
data/images/kyiv/50.328343_30.767528_h180.jpg,kyiv,50.328343,30.767528,180,2020-08,streetview
data/images/kyiv/50.328343_30.767528_h270.jpg,kyiv,50.328343,30.767528,270,2020-08,streetview
data/images/kyiv/50.410269_30.600982_h0.jpg,kyiv,50.410269,30.600982,0,2019-07,streetview
data/images/kyiv/50.410269_30.600982_h90.jpg,kyiv,50.410269,30.600982,90,2019-07,streetview
data/images/kyiv/50.410269_30.600982_h180.jpg,kyiv,50.410269,30.600982,180,2019-07,streetview
data/images/kyiv/50.410269_30.600982_h270.jpg,kyiv,50.410269,30.600982,270,2019-07,streetview
data/images/kyiv/50.405957_30.665221_h0.jpg,kyiv,50.405957,30.665221,0,2020-10,streetview
data/images/kyiv/50.405957_30.665221_h90.jpg,kyiv,50.405957,30.665221,90,2020-10,streetview
data/images/kyiv/50.405957_30.665221_h180.jpg,kyiv,50.405957,30.665221,180,2020-10,streetview
data/images/kyiv/50.405957_30.665221_h270.jpg,kyiv,50.405957,30.665221,270,2020-10,streetview
data/images/kyiv/50.412425_30.462289_h0.jpg,kyiv,50.412425,30.462289,0,2020-07,streetview
data/images/kyiv/50.412425_30.462289_h90.jpg,kyiv,50.412425,30.462289,90,2020-07,streetview
data/images/kyiv/50.412425_30.462289_h180.jpg,kyiv,50.412425,30.462289,180,2020-07,streetview
data/images/kyiv/50.412425_30.462289_h270.jpg,kyiv,50.412425,30.462289,270,2020-07,streetview
data/images/kyiv/50.563341_30.680219_h0.jpg,kyiv,50.563341,30.680219,0,2019-03,streetview
data/images/kyiv/50.563341_30.680219_h90.jpg,kyiv,50.563341,30.680219,90,2019-03,streetview
data/images/kyiv/50.563341_30.680219_h180.jpg,kyiv,50.563341,30.680219,180,2019-03,streetview
data/images/kyiv/50.563341_30.680219_h270.jpg,kyiv,50.563341,30.680219,270,2019-03,streetview
data/images/kyiv/50.470636_30.6133_h0.jpg,kyiv,50.470636,30.6133,0,2024-11,streetview
data/images/kyiv/50.470636_30.6133_h90.jpg,kyiv,50.470636,30.6133,90,2024-11,streetview
data/images/kyiv/50.470636_30.6133_h180.jpg,kyiv,50.470636,30.6133,180,2024-11,streetview
data/images/kyiv/50.470636_30.6133_h270.jpg,kyiv,50.470636,30.6133,270,2024-11,streetview
data/images/kyiv/50.467402_30.484565_h0.jpg,kyiv,50.467402,30.484565,0,2021-11,streetview
data/images/kyiv/50.467402_30.484565_h90.jpg,kyiv,50.467402,30.484565,90,2021-11,streetview
data/images/kyiv/50.467402_30.484565_h180.jpg,kyiv,50.467402,30.484565,180,2021-11,streetview
data/images/kyiv/50.467402_30.484565_h270.jpg,kyiv,50.467402,30.484565,270,2021-11,streetview
data/images/kyiv/50.373618_30.372526_h0.jpg,kyiv,50.373618,30.372526,0,2024-09,streetview
data/images/kyiv/50.373618_30.372526_h90.jpg,kyiv,50.373618,30.372526,90,2024-09,streetview
data/images/kyiv/50.373618_30.372526_h180.jpg,kyiv,50.373618,30.372526,180,2024-09,streetview
data/images/kyiv/50.373618_30.372526_h270.jpg,kyiv,50.373618,30.372526,270,2024-09,streetview
data/images/kyiv/50.438296_30.521649_h0.jpg,kyiv,50.438296,30.521649,0,2021-05,streetview
data/images/kyiv/50.438296_30.521649_h90.jpg,kyiv,50.438296,30.521649,90,2021-05,streetview
data/images/kyiv/50.438296_30.521649_h180.jpg,kyiv,50.438296,30.521649,180,2021-05,streetview
data/images/kyiv/50.438296_30.521649_h270.jpg,kyiv,50.438296,30.521649,270,2021-05,streetview
data/images/kyiv/50.478181_30.49309_h0.jpg,kyiv,50.478181,30.49309,0,2020-09,streetview
data/images/kyiv/50.478181_30.49309_h90.jpg,kyiv,50.478181,30.49309,90,2020-09,streetview
data/images/kyiv/50.478181_30.49309_h180.jpg,kyiv,50.478181,30.49309,180,2020-09,streetview
data/images/kyiv/50.478181_30.49309_h270.jpg,kyiv,50.478181,30.49309,270,2020-09,streetview
data/images/kyiv/50.428595_30.533436_h0.jpg,kyiv,50.428595,30.533436,0,2019-04,streetview
data/images/kyiv/50.428595_30.533436_h90.jpg,kyiv,50.428595,30.533436,90,2019-04,streetview
data/images/kyiv/50.428595_30.533436_h180.jpg,kyiv,50.428595,30.533436,180,2019-04,streetview
data/images/kyiv/50.428595_30.533436_h270.jpg,kyiv,50.428595,30.533436,270,2019-04,streetview
data/images/kyiv/50.386554_30.457095_h0.jpg,kyiv,50.386554,30.457095,0,2019-09,streetview
data/images/kyiv/50.386554_30.457095_h90.jpg,kyiv,50.386554,30.457095,90,2019-09,streetview
data/images/kyiv/50.386554_30.457095_h180.jpg,kyiv,50.386554,30.457095,180,2019-09,streetview
data/images/kyiv/50.386554_30.457095_h270.jpg,kyiv,50.386554,30.457095,270,2019-09,streetview
data/images/kyiv/50.459856_30.338903_h0.jpg,kyiv,50.459856,30.338903,0,2019-03,streetview
data/images/kyiv/50.459856_30.338903_h90.jpg,kyiv,50.459856,30.338903,90,2019-03,streetview
data/images/kyiv/50.459856_30.338903_h180.jpg,kyiv,50.459856,30.338903,180,2019-03,streetview
data/images/kyiv/50.459856_30.338903_h270.jpg,kyiv,50.459856,30.338903,270,2019-03,streetview
data/images/kyiv/50.416737_30.631483_h0.jpg,kyiv,50.416737,30.631483,0,2020-07,streetview
data/images/kyiv/50.416737_30.631483_h90.jpg,kyiv,50.416737,30.631483,90,2020-07,streetview
data/images/kyiv/50.416737_30.631483_h180.jpg,kyiv,50.416737,30.631483,180,2020-07,streetview
data/images/kyiv/50.416737_30.631483_h270.jpg,kyiv,50.416737,30.631483,270,2020-07,streetview
data/images/kyiv/50.536392_30.35433_h0.jpg,kyiv,50.536392,30.35433,0,2024-03,streetview
data/images/kyiv/50.536392_30.35433_h90.jpg,kyiv,50.536392,30.35433,90,2024-03,streetview
data/images/kyiv/50.536392_30.35433_h180.jpg,kyiv,50.536392,30.35433,180,2024-03,streetview
data/images/kyiv/50.536392_30.35433_h270.jpg,kyiv,50.536392,30.35433,270,2024-03,streetview
data/images/kyiv/50.488961_30.396572_h0.jpg,kyiv,50.488961,30.396572,0,2019-03,streetview
data/images/kyiv/50.488961_30.396572_h90.jpg,kyiv,50.488961,30.396572,90,2019-03,streetview
data/images/kyiv/50.488961_30.396572_h180.jpg,kyiv,50.488961,30.396572,180,2019-03,streetview
data/images/kyiv/50.488961_30.396572_h270.jpg,kyiv,50.488961,30.396572,270,2019-03,streetview
data/images/kyiv/50.379008_30.430014_h0.jpg,kyiv,50.379008,30.430014,0,2019-09,streetview
data/images/kyiv/50.379008_30.430014_h90.jpg,kyiv,50.379008,30.430014,90,2019-09,streetview
data/images/kyiv/50.379008_30.430014_h180.jpg,kyiv,50.379008,30.430014,180,2019-09,streetview
data/images/kyiv/50.379008_30.430014_h270.jpg,kyiv,50.379008,30.430014,270,2019-09,streetview
data/images/kyiv/50.462012_30.343988_h0.jpg,kyiv,50.462012,30.343988,0,2019-04,streetview
data/images/kyiv/50.462012_30.343988_h90.jpg,kyiv,50.462012,30.343988,90,2019-04,streetview
data/images/kyiv/50.462012_30.343988_h180.jpg,kyiv,50.462012,30.343988,180,2019-04,streetview
data/images/kyiv/50.462012_30.343988_h270.jpg,kyiv,50.462012,30.343988,270,2019-04,streetview
data/images/kyiv/50.398411_30.607656_h0.jpg,kyiv,50.398411,30.607656,0,2018-11,streetview
data/images/kyiv/50.398411_30.607656_h90.jpg,kyiv,50.398411,30.607656,90,2018-11,streetview
data/images/kyiv/50.398411_30.607656_h180.jpg,kyiv,50.398411,30.607656,180,2018-11,streetview
data/images/kyiv/50.398411_30.607656_h270.jpg,kyiv,50.398411,30.607656,270,2018-11,streetview
data/images/kyiv/50.450154_30.592823_h0.jpg,kyiv,50.450154,30.592823,0,2021-10,streetview
data/images/kyiv/50.450154_30.592823_h90.jpg,kyiv,50.450154,30.592823,90,2021-10,streetview
data/images/kyiv/50.450154_30.592823_h180.jpg,kyiv,50.450154,30.592823,180,2021-10,streetview
data/images/kyiv/50.450154_30.592823_h270.jpg,kyiv,50.450154,30.592823,270,2021-10,streetview
data/images/kyiv/50.462012_30.477763_h0.jpg,kyiv,50.462012,30.477763,0,2021-11,streetview
data/images/kyiv/50.462012_30.477763_h90.jpg,kyiv,50.462012,30.477763,90,2021-11,streetview
data/images/kyiv/50.462012_30.477763_h180.jpg,kyiv,50.462012,30.477763,180,2021-11,streetview
data/images/kyiv/50.462012_30.477763_h270.jpg,kyiv,50.462012,30.477763,270,2021-11,streetview
data/images/kyiv/50.442608_30.548757_h0.jpg,kyiv,50.442608,30.548757,0,2020-09,streetview
data/images/kyiv/50.442608_30.548757_h90.jpg,kyiv,50.442608,30.548757,90,2020-09,streetview
data/images/kyiv/50.442608_30.548757_h180.jpg,kyiv,50.442608,30.548757,180,2020-09,streetview
data/images/kyiv/50.442608_30.548757_h270.jpg,kyiv,50.442608,30.548757,270,2020-09,streetview
data/images/kyiv/50.402723_30.360769_h0.jpg,kyiv,50.402723,30.360769,0,2019-07,streetview
data/images/kyiv/50.402723_30.360769_h90.jpg,kyiv,50.402723,30.360769,90,2019-07,streetview
data/images/kyiv/50.402723_30.360769_h180.jpg,kyiv,50.402723,30.360769,180,2019-07,streetview
data/images/kyiv/50.402723_30.360769_h270.jpg,kyiv,50.402723,30.360769,270,2019-07,streetview
data/images/kyiv/50.442608_30.613078_h0.jpg,kyiv,50.442608,30.613078,0,2019-01,streetview
data/images/kyiv/50.442608_30.613078_h90.jpg,kyiv,50.442608,30.613078,90,2019-01,streetview
data/images/kyiv/50.442608_30.613078_h180.jpg,kyiv,50.442608,30.613078,180,2019-01,streetview
data/images/kyiv/50.442608_30.613078_h270.jpg,kyiv,50.442608,30.613078,270,2019-01,streetview
data/images/kyiv/50.438296_30.609659_h0.jpg,kyiv,50.438296,30.609659,0,2018-10,streetview
data/images/kyiv/50.438296_30.609659_h90.jpg,kyiv,50.438296,30.609659,90,2018-10,streetview
data/images/kyiv/50.438296_30.609659_h180.jpg,kyiv,50.438296,30.609659,180,2018-10,streetview
data/images/kyiv/50.438296_30.609659_h270.jpg,kyiv,50.438296,30.609659,270,2018-10,streetview
data/images/kyiv/50.440452_30.283007_h0.jpg,kyiv,50.440452,30.283007,0,2020-06,streetview
data/images/kyiv/50.440452_30.283007_h90.jpg,kyiv,50.440452,30.283007,90,2020-06,streetview
data/images/kyiv/50.440452_30.283007_h180.jpg,kyiv,50.440452,30.283007,180,2020-06,streetview
data/images/kyiv/50.440452_30.283007_h270.jpg,kyiv,50.440452,30.283007,270,2020-06,streetview
data/images/kyiv/50.443686_30.541993_h0.jpg,kyiv,50.443686,30.541993,0,2023-11,streetview
data/images/kyiv/50.443686_30.541993_h90.jpg,kyiv,50.443686,30.541993,90,2023-11,streetview
data/images/kyiv/50.443686_30.541993_h180.jpg,kyiv,50.443686,30.541993,180,2023-11,streetview
data/images/kyiv/50.443686_30.541993_h270.jpg,kyiv,50.443686,30.541993,270,2023-11,streetview
data/images/kyiv/50.507287_30.244085_h0.jpg,kyiv,50.507287,30.244085,0,2020-05,streetview
data/images/kyiv/50.507287_30.244085_h90.jpg,kyiv,50.507287,30.244085,90,2020-05,streetview
data/images/kyiv/50.507287_30.244085_h180.jpg,kyiv,50.507287,30.244085,180,2020-05,streetview
data/images/kyiv/50.507287_30.244085_h270.jpg,kyiv,50.507287,30.244085,270,2020-05,streetview
data/images/kyiv/50.44692_30.552171_h0.jpg,kyiv,50.44692,30.552171,0,2021-04,streetview
data/images/kyiv/50.44692_30.552171_h90.jpg,kyiv,50.44692,30.552171,90,2021-04,streetview
data/images/kyiv/50.44692_30.552171_h180.jpg,kyiv,50.44692,30.552171,180,2021-04,streetview
data/images/kyiv/50.44692_30.552171_h270.jpg,kyiv,50.44692,30.552171,270,2021-04,streetview
data/images/kyiv/50.581667_30.490253_h0.jpg,kyiv,50.581667,30.490253,0,2021-08,streetview
data/images/kyiv/50.581667_30.490253_h90.jpg,kyiv,50.581667,30.490253,90,2021-08,streetview
data/images/kyiv/50.581667_30.490253_h180.jpg,kyiv,50.581667,30.490253,180,2021-08,streetview
data/images/kyiv/50.581667_30.490253_h270.jpg,kyiv,50.581667,30.490253,270,2021-08,streetview
data/images/kyiv/50.342357_30.428178_h0.jpg,kyiv,50.342357,30.428178,0,2021-10,streetview
data/images/kyiv/50.342357_30.428178_h90.jpg,kyiv,50.342357,30.428178,90,2021-10,streetview
data/images/kyiv/50.342357_30.428178_h180.jpg,kyiv,50.342357,30.428178,180,2021-10,streetview
data/images/kyiv/50.342357_30.428178_h270.jpg,kyiv,50.342357,30.428178,270,2021-10,streetview
data/images/kyiv/50.454466_30.636875_h0.jpg,kyiv,50.454466,30.636875,0,2018-09,streetview
data/images/kyiv/50.454466_30.636875_h90.jpg,kyiv,50.454466,30.636875,90,2018-09,streetview
data/images/kyiv/50.454466_30.636875_h180.jpg,kyiv,50.454466,30.636875,180,2018-09,streetview
data/images/kyiv/50.454466_30.636875_h270.jpg,kyiv,50.454466,30.636875,270,2018-09,streetview
data/images/kyiv/50.402723_30.536658_h0.jpg,kyiv,50.402723,30.536658,0,2019-05,streetview
data/images/kyiv/50.402723_30.536658_h90.jpg,kyiv,50.402723,30.536658,90,2019-05,streetview
data/images/kyiv/50.402723_30.536658_h180.jpg,kyiv,50.402723,30.536658,180,2019-05,streetview
data/images/kyiv/50.402723_30.536658_h270.jpg,kyiv,50.402723,30.536658,270,2019-05,streetview
data/images/kyiv/50.421049_30.565535_h0.jpg,kyiv,50.421049,30.565535,0,2020-11,streetview
data/images/kyiv/50.421049_30.565535_h90.jpg,kyiv,50.421049,30.565535,90,2020-11,streetview
data/images/kyiv/50.421049_30.565535_h180.jpg,kyiv,50.421049,30.565535,180,2020-11,streetview
data/images/kyiv/50.421049_30.565535_h270.jpg,kyiv,50.421049,30.565535,270,2020-11,streetview
data/images/kyiv/50.423205_30.645073_h0.jpg,kyiv,50.423205,30.645073,0,2018-09,streetview
data/images/kyiv/50.423205_30.645073_h90.jpg,kyiv,50.423205,30.645073,90,2018-09,streetview
data/images/kyiv/50.423205_30.645073_h180.jpg,kyiv,50.423205,30.645073,180,2018-09,streetview
data/images/kyiv/50.423205_30.645073_h270.jpg,kyiv,50.423205,30.645073,270,2018-09,streetview
data/images/kyiv/50.3941_30.605932_h0.jpg,kyiv,50.3941,30.605932,0,2019-07,streetview
data/images/kyiv/50.3941_30.605932_h90.jpg,kyiv,50.3941,30.605932,90,2019-07,streetview
data/images/kyiv/50.3941_30.605932_h180.jpg,kyiv,50.3941,30.605932,180,2019-07,streetview
data/images/kyiv/50.3941_30.605932_h270.jpg,kyiv,50.3941,30.605932,270,2019-07,streetview
data/images/kyiv/50.511599_30.506831_h0.jpg,kyiv,50.511599,30.506831,0,2024-09,streetview
data/images/kyiv/50.511599_30.506831_h90.jpg,kyiv,50.511599,30.506831,90,2024-09,streetview
data/images/kyiv/50.511599_30.506831_h180.jpg,kyiv,50.511599,30.506831,180,2024-09,streetview
data/images/kyiv/50.511599_30.506831_h270.jpg,kyiv,50.511599,30.506831,270,2024-09,streetview
data/images/kyiv/50.371462_30.462096_h0.jpg,kyiv,50.371462,30.462096,0,2018-10,streetview
data/images/kyiv/50.371462_30.462096_h90.jpg,kyiv,50.371462,30.462096,90,2018-10,streetview
data/images/kyiv/50.371462_30.462096_h180.jpg,kyiv,50.371462,30.462096,180,2018-10,streetview
data/images/kyiv/50.371462_30.462096_h270.jpg,kyiv,50.371462,30.462096,270,2018-10,streetview
data/images/kyiv/50.416737_30.645017_h0.jpg,kyiv,50.416737,30.645017,0,2018-06,streetview
data/images/kyiv/50.416737_30.645017_h90.jpg,kyiv,50.416737,30.645017,90,2018-06,streetview
data/images/kyiv/50.416737_30.645017_h180.jpg,kyiv,50.416737,30.645017,180,2018-06,streetview
data/images/kyiv/50.416737_30.645017_h270.jpg,kyiv,50.416737,30.645017,270,2018-06,streetview
data/images/kyiv/50.354215_30.440052_h0.jpg,kyiv,50.354215,30.440052,0,2021-08,streetview
data/images/kyiv/50.354215_30.440052_h90.jpg,kyiv,50.354215,30.440052,90,2021-08,streetview
data/images/kyiv/50.354215_30.440052_h180.jpg,kyiv,50.354215,30.440052,180,2021-08,streetview
data/images/kyiv/50.354215_30.440052_h270.jpg,kyiv,50.354215,30.440052,270,2021-08,streetview
data/images/kyiv/50.519144_30.608598_h0.jpg,kyiv,50.519144,30.608598,0,2024-12,streetview
data/images/kyiv/50.519144_30.608598_h90.jpg,kyiv,50.519144,30.608598,90,2024-12,streetview
data/images/kyiv/50.519144_30.608598_h180.jpg,kyiv,50.519144,30.608598,180,2024-12,streetview
data/images/kyiv/50.519144_30.608598_h270.jpg,kyiv,50.519144,30.608598,270,2024-12,streetview
data/images/kyiv/50.45231_30.482793_h0.jpg,kyiv,50.45231,30.482793,0,2019-11,streetview
data/images/kyiv/50.45231_30.482793_h90.jpg,kyiv,50.45231,30.482793,90,2019-11,streetview
data/images/kyiv/50.45231_30.482793_h180.jpg,kyiv,50.45231,30.482793,180,2019-11,streetview
data/images/kyiv/50.45231_30.482793_h270.jpg,kyiv,50.45231,30.482793,270,2019-11,streetview
data/images/kyiv/50.487883_30.474505_h0.jpg,kyiv,50.487883,30.474505,0,2020-09,streetview
data/images/kyiv/50.487883_30.474505_h90.jpg,kyiv,50.487883,30.474505,90,2020-09,streetview
data/images/kyiv/50.487883_30.474505_h180.jpg,kyiv,50.487883,30.474505,180,2020-09,streetview
data/images/kyiv/50.487883_30.474505_h270.jpg,kyiv,50.487883,30.474505,270,2020-09,streetview
data/images/kyiv/50.488961_30.374546_h0.jpg,kyiv,50.488961,30.374546,0,2019-04,streetview
data/images/kyiv/50.488961_30.374546_h90.jpg,kyiv,50.488961,30.374546,90,2019-04,streetview
data/images/kyiv/50.488961_30.374546_h180.jpg,kyiv,50.488961,30.374546,180,2019-04,streetview
data/images/kyiv/50.488961_30.374546_h270.jpg,kyiv,50.488961,30.374546,270,2019-04,streetview
data/images/kyiv/50.432907_30.35577_h0.jpg,kyiv,50.432907,30.35577,0,2025-10,streetview
data/images/kyiv/50.432907_30.35577_h90.jpg,kyiv,50.432907,30.35577,90,2025-10,streetview
data/images/kyiv/50.432907_30.35577_h180.jpg,kyiv,50.432907,30.35577,180,2025-10,streetview
data/images/kyiv/50.432907_30.35577_h270.jpg,kyiv,50.432907,30.35577,270,2025-10,streetview
data/images/kyiv/50.432907_30.386231_h0.jpg,kyiv,50.432907,30.386231,0,2018-04,streetview
data/images/kyiv/50.432907_30.386231_h90.jpg,kyiv,50.432907,30.386231,90,2018-04,streetview
data/images/kyiv/50.432907_30.386231_h180.jpg,kyiv,50.432907,30.386231,180,2018-04,streetview
data/images/kyiv/50.432907_30.386231_h270.jpg,kyiv,50.432907,30.386231,270,2018-04,streetview
data/images/kyiv/50.492195_30.338972_h0.jpg,kyiv,50.492195,30.338972,0,2018-12,streetview
data/images/kyiv/50.492195_30.338972_h90.jpg,kyiv,50.492195,30.338972,90,2018-12,streetview
data/images/kyiv/50.492195_30.338972_h180.jpg,kyiv,50.492195,30.338972,180,2018-12,streetview
data/images/kyiv/50.492195_30.338972_h270.jpg,kyiv,50.492195,30.338972,270,2018-12,streetview
data/images/kyiv/50.334811_30.558187_h0.jpg,kyiv,50.334811,30.558187,0,2021-06,streetview
data/images/kyiv/50.334811_30.558187_h90.jpg,kyiv,50.334811,30.558187,90,2021-06,streetview
data/images/kyiv/50.334811_30.558187_h180.jpg,kyiv,50.334811,30.558187,180,2021-06,streetview
data/images/kyiv/50.334811_30.558187_h270.jpg,kyiv,50.334811,30.558187,270,2021-06,streetview
data/images/kyiv/50.328343_30.316675_h0.jpg,kyiv,50.328343,30.316675,0,2022-01,streetview
data/images/kyiv/50.328343_30.316675_h90.jpg,kyiv,50.328343,30.316675,90,2022-01,streetview
data/images/kyiv/50.328343_30.316675_h180.jpg,kyiv,50.328343,30.316675,180,2022-01,streetview
data/images/kyiv/50.328343_30.316675_h270.jpg,kyiv,50.328343,30.316675,270,2022-01,streetview
data/images/kyiv/50.451232_30.525112_h0.jpg,kyiv,50.451232,30.525112,0,2020-08,streetview
data/images/kyiv/50.451232_30.525112_h90.jpg,kyiv,50.451232,30.525112,90,2020-08,streetview
data/images/kyiv/50.451232_30.525112_h180.jpg,kyiv,50.451232,30.525112,180,2020-08,streetview
data/images/kyiv/50.451232_30.525112_h270.jpg,kyiv,50.451232,30.525112,270,2020-08,streetview
data/images/kyiv/50.225936_30.752913_h0.jpg,kyiv,50.225936,30.752913,0,2019-11,streetview
data/images/kyiv/50.225936_30.752913_h90.jpg,kyiv,50.225936,30.752913,90,2019-11,streetview
data/images/kyiv/50.225936_30.752913_h180.jpg,kyiv,50.225936,30.752913,180,2019-11,streetview
data/images/kyiv/50.225936_30.752913_h270.jpg,kyiv,50.225936,30.752913,270,2019-11,streetview
data/images/kyiv/50.379008_30.448609_h0.jpg,kyiv,50.379008,30.448609,0,2020-12,streetview
data/images/kyiv/50.379008_30.448609_h90.jpg,kyiv,50.379008,30.448609,90,2020-12,streetview
data/images/kyiv/50.379008_30.448609_h180.jpg,kyiv,50.379008,30.448609,180,2020-12,streetview
data/images/kyiv/50.379008_30.448609_h270.jpg,kyiv,50.379008,30.448609,270,2020-12,streetview
data/images/kyiv/50.55364_30.669948_h0.jpg,kyiv,50.55364,30.669948,0,2020-04,streetview
data/images/kyiv/50.55364_30.669948_h90.jpg,kyiv,50.55364,30.669948,90,2020-04,streetview
data/images/kyiv/50.55364_30.669948_h180.jpg,kyiv,50.55364,30.669948,180,2020-04,streetview
data/images/kyiv/50.55364_30.669948_h270.jpg,kyiv,50.55364,30.669948,270,2020-04,streetview
data/images/kyiv/50.492195_30.599915_h0.jpg,kyiv,50.492195,30.599915,0,2025-03,streetview
data/images/kyiv/50.492195_30.599915_h90.jpg,kyiv,50.492195,30.599915,90,2025-03,streetview
data/images/kyiv/50.492195_30.599915_h180.jpg,kyiv,50.492195,30.599915,180,2025-03,streetview
data/images/kyiv/50.492195_30.599915_h270.jpg,kyiv,50.492195,30.599915,270,2025-03,streetview
data/images/kyiv/50.444764_30.604632_h0.jpg,kyiv,50.444764,30.604632,0,2020-08,streetview
data/images/kyiv/50.444764_30.604632_h90.jpg,kyiv,50.444764,30.604632,90,2020-08,streetview
data/images/kyiv/50.444764_30.604632_h180.jpg,kyiv,50.444764,30.604632,180,2020-08,streetview
data/images/kyiv/50.444764_30.604632_h270.jpg,kyiv,50.444764,30.604632,270,2020-08,streetview
data/images/kyiv/50.401645_30.622902_h0.jpg,kyiv,50.401645,30.622902,0,2020-01,streetview
data/images/kyiv/50.401645_30.622902_h90.jpg,kyiv,50.401645,30.622902,90,2020-01,streetview
data/images/kyiv/50.401645_30.622902_h180.jpg,kyiv,50.401645,30.622902,180,2020-01,streetview
data/images/kyiv/50.401645_30.622902_h270.jpg,kyiv,50.401645,30.622902,270,2020-01,streetview
data/images/kyiv/50.454466_30.492963_h0.jpg,kyiv,50.454466,30.492963,0,2021-03,streetview
data/images/kyiv/50.454466_30.492963_h90.jpg,kyiv,50.454466,30.492963,90,2021-03,streetview
data/images/kyiv/50.454466_30.492963_h180.jpg,kyiv,50.454466,30.492963,180,2021-03,streetview
data/images/kyiv/50.454466_30.492963_h270.jpg,kyiv,50.454466,30.492963,270,2021-03,streetview
data/images/kyiv/50.555796_30.264451_h0.jpg,kyiv,50.555796,30.264451,0,2019-07,streetview
data/images/kyiv/50.555796_30.264451_h90.jpg,kyiv,50.555796,30.264451,90,2019-07,streetview
data/images/kyiv/50.555796_30.264451_h180.jpg,kyiv,50.555796,30.264451,180,2019-07,streetview
data/images/kyiv/50.555796_30.264451_h270.jpg,kyiv,50.555796,30.264451,270,2019-07,streetview
data/images/kyiv/50.449076_30.542028_h0.jpg,kyiv,50.449076,30.542028,0,2021-11,streetview
data/images/kyiv/50.449076_30.542028_h90.jpg,kyiv,50.449076,30.542028,90,2021-11,streetview
data/images/kyiv/50.449076_30.542028_h180.jpg,kyiv,50.449076,30.542028,180,2021-11,streetview
data/images/kyiv/50.449076_30.542028_h270.jpg,kyiv,50.449076,30.542028,270,2021-11,streetview
data/images/kyiv/50.437218_30.516565_h0.jpg,kyiv,50.437218,30.516565,0,2024-11,streetview
data/images/kyiv/50.437218_30.516565_h90.jpg,kyiv,50.437218,30.516565,90,2024-11,streetview
data/images/kyiv/50.437218_30.516565_h180.jpg,kyiv,50.437218,30.516565,180,2024-11,streetview
data/images/kyiv/50.437218_30.516565_h270.jpg,kyiv,50.437218,30.516565,270,2024-11,streetview
data/images/kyiv/50.401645_30.540033_h0.jpg,kyiv,50.401645,30.540033,0,2018-03,streetview
data/images/kyiv/50.401645_30.540033_h90.jpg,kyiv,50.401645,30.540033,90,2018-03,streetview
data/images/kyiv/50.401645_30.540033_h180.jpg,kyiv,50.401645,30.540033,180,2018-03,streetview
data/images/kyiv/50.401645_30.540033_h270.jpg,kyiv,50.401645,30.540033,270,2018-03,streetview
data/images/kyiv/50.511599_30.581417_h0.jpg,kyiv,50.511599,30.581417,0,2021-04,streetview
data/images/kyiv/50.511599_30.581417_h90.jpg,kyiv,50.511599,30.581417,90,2021-04,streetview
data/images/kyiv/50.511599_30.581417_h180.jpg,kyiv,50.511599,30.581417,180,2021-04,streetview
data/images/kyiv/50.511599_30.581417_h270.jpg,kyiv,50.511599,30.581417,270,2021-04,streetview
data/images/kyiv/50.409191_30.391232_h0.jpg,kyiv,50.409191,30.391232,0,2018-05,streetview
data/images/kyiv/50.409191_30.391232_h90.jpg,kyiv,50.409191,30.391232,90,2018-05,streetview
data/images/kyiv/50.409191_30.391232_h180.jpg,kyiv,50.409191,30.391232,180,2018-05,streetview
data/images/kyiv/50.409191_30.391232_h270.jpg,kyiv,50.409191,30.391232,270,2018-05,streetview
data/images/kyiv/50.429673_30.67728_h0.jpg,kyiv,50.429673,30.67728,0,2021-09,streetview
data/images/kyiv/50.429673_30.67728_h90.jpg,kyiv,50.429673,30.67728,90,2021-09,streetview
data/images/kyiv/50.429673_30.67728_h180.jpg,kyiv,50.429673,30.67728,180,2021-09,streetview
data/images/kyiv/50.429673_30.67728_h270.jpg,kyiv,50.429673,30.67728,270,2021-09,streetview
data/images/kyiv/50.330499_30.558158_h0.jpg,kyiv,50.330499,30.558158,0,2023-08,streetview
data/images/kyiv/50.330499_30.558158_h90.jpg,kyiv,50.330499,30.558158,90,2023-08,streetview
data/images/kyiv/50.330499_30.558158_h180.jpg,kyiv,50.330499,30.558158,180,2023-08,streetview
data/images/kyiv/50.330499_30.558158_h270.jpg,kyiv,50.330499,30.558158,270,2023-08,streetview
data/images/kyiv/50.442608_30.28978_h0.jpg,kyiv,50.442608,30.28978,0,2020-09,streetview
data/images/kyiv/50.442608_30.28978_h90.jpg,kyiv,50.442608,30.28978,90,2020-09,streetview
data/images/kyiv/50.442608_30.28978_h180.jpg,kyiv,50.442608,30.28978,180,2020-09,streetview
data/images/kyiv/50.442608_30.28978_h270.jpg,kyiv,50.442608,30.28978,270,2020-09,streetview
data/images/kyiv/50.266899_30.721313_h0.jpg,kyiv,50.266899,30.721313,0,2019-11,streetview
data/images/kyiv/50.266899_30.721313_h90.jpg,kyiv,50.266899,30.721313,90,2019-11,streetview
data/images/kyiv/50.266899_30.721313_h180.jpg,kyiv,50.266899,30.721313,180,2019-11,streetview
data/images/kyiv/50.266899_30.721313_h270.jpg,kyiv,50.266899,30.721313,270,2019-11,streetview
data/images/kyiv/50.402723_30.611072_h0.jpg,kyiv,50.402723,30.611072,0,2019-03,streetview
data/images/kyiv/50.402723_30.611072_h90.jpg,kyiv,50.402723,30.611072,90,2019-03,streetview
data/images/kyiv/50.402723_30.611072_h180.jpg,kyiv,50.402723,30.611072,180,2019-03,streetview
data/images/kyiv/50.402723_30.611072_h270.jpg,kyiv,50.402723,30.611072,270,2019-03,streetview
data/images/kyiv/50.439374_30.283006_h0.jpg,kyiv,50.439374,30.283006,0,2020-06,streetview
data/images/kyiv/50.439374_30.283006_h90.jpg,kyiv,50.439374,30.283006,90,2020-06,streetview
data/images/kyiv/50.439374_30.283006_h180.jpg,kyiv,50.439374,30.283006,180,2020-06,streetview
data/images/kyiv/50.439374_30.283006_h270.jpg,kyiv,50.439374,30.283006,270,2020-06,streetview
data/images/kyiv/50.416737_30.56043_h0.jpg,kyiv,50.416737,30.56043,0,2024-09,streetview
data/images/kyiv/50.416737_30.56043_h90.jpg,kyiv,50.416737,30.56043,90,2024-09,streetview
data/images/kyiv/50.416737_30.56043_h180.jpg,kyiv,50.416737,30.56043,180,2024-09,streetview
data/images/kyiv/50.416737_30.56043_h270.jpg,kyiv,50.416737,30.56043,270,2024-09,streetview
data/images/kyiv/50.491117_30.40844_h0.jpg,kyiv,50.491117,30.40844,0,2019-04,streetview
data/images/kyiv/50.491117_30.40844_h90.jpg,kyiv,50.491117,30.40844,90,2019-04,streetview
data/images/kyiv/50.491117_30.40844_h180.jpg,kyiv,50.491117,30.40844,180,2019-04,streetview
data/images/kyiv/50.491117_30.40844_h270.jpg,kyiv,50.491117,30.40844,270,2019-04,streetview
data/images/kyiv/50.442608_30.283009_h0.jpg,kyiv,50.442608,30.283009,0,2020-06,streetview
data/images/kyiv/50.442608_30.283009_h90.jpg,kyiv,50.442608,30.283009,90,2020-06,streetview
data/images/kyiv/50.442608_30.283009_h180.jpg,kyiv,50.442608,30.283009,180,2020-06,streetview
data/images/kyiv/50.442608_30.283009_h270.jpg,kyiv,50.442608,30.283009,270,2020-06,streetview
data/images/kyiv/50.433985_30.420082_h0.jpg,kyiv,50.433985,30.420082,0,2020-11,streetview
data/images/kyiv/50.433985_30.420082_h90.jpg,kyiv,50.433985,30.420082,90,2020-11,streetview
data/images/kyiv/50.433985_30.420082_h180.jpg,kyiv,50.433985,30.420082,180,2020-11,streetview
data/images/kyiv/50.433985_30.420082_h270.jpg,kyiv,50.433985,30.420082,270,2020-11,streetview
data/images/kyiv/50.476026_30.442263_h0.jpg,kyiv,50.476026,30.442263,0,2021-12,streetview
data/images/kyiv/50.476026_30.442263_h90.jpg,kyiv,50.476026,30.442263,90,2021-12,streetview
data/images/kyiv/50.476026_30.442263_h180.jpg,kyiv,50.476026,30.442263,180,2021-12,streetview
data/images/kyiv/50.476026_30.442263_h270.jpg,kyiv,50.476026,30.442263,270,2021-12,streetview
data/images/kyiv/50.497585_30.467775_h0.jpg,kyiv,50.497585,30.467775,0,2020-04,streetview
data/images/kyiv/50.497585_30.467775_h90.jpg,kyiv,50.497585,30.467775,90,2020-04,streetview
data/images/kyiv/50.497585_30.467775_h180.jpg,kyiv,50.497585,30.467775,180,2020-04,streetview
data/images/kyiv/50.497585_30.467775_h270.jpg,kyiv,50.497585,30.467775,270,2020-04,streetview
data/images/kyiv/50.329421_30.450078_h0.jpg,kyiv,50.329421,30.450078,0,2019-07,streetview
data/images/kyiv/50.329421_30.450078_h90.jpg,kyiv,50.329421,30.450078,90,2019-07,streetview
data/images/kyiv/50.329421_30.450078_h180.jpg,kyiv,50.329421,30.450078,180,2019-07,streetview
data/images/kyiv/50.329421_30.450078_h270.jpg,kyiv,50.329421,30.450078,270,2019-07,streetview
data/images/kyiv/50.589213_30.490293_h0.jpg,kyiv,50.589213,30.490293,0,2019-10,streetview
data/images/kyiv/50.589213_30.490293_h90.jpg,kyiv,50.589213,30.490293,90,2019-10,streetview
data/images/kyiv/50.589213_30.490293_h180.jpg,kyiv,50.589213,30.490293,180,2019-10,streetview
data/images/kyiv/50.589213_30.490293_h270.jpg,kyiv,50.589213,30.490293,270,2019-10,streetview
data/images/kyiv/50.458778_30.340594_h0.jpg,kyiv,50.458778,30.340594,0,2020-11,streetview
data/images/kyiv/50.458778_30.340594_h90.jpg,kyiv,50.458778,30.340594,90,2020-11,streetview
data/images/kyiv/50.458778_30.340594_h180.jpg,kyiv,50.458778,30.340594,180,2020-11,streetview
data/images/kyiv/50.458778_30.340594_h270.jpg,kyiv,50.458778,30.340594,270,2020-11,streetview
data/images/kyiv/50.385476_30.45709_h0.jpg,kyiv,50.385476,30.45709,0,2019-09,streetview
data/images/kyiv/50.385476_30.45709_h90.jpg,kyiv,50.385476,30.45709,90,2019-09,streetview
data/images/kyiv/50.385476_30.45709_h180.jpg,kyiv,50.385476,30.45709,180,2019-09,streetview
data/images/kyiv/50.385476_30.45709_h270.jpg,kyiv,50.385476,30.45709,270,2019-09,streetview
data/images/kyiv/50.437218_30.52672_h0.jpg,kyiv,50.437218,30.52672,0,2020-10,streetview
data/images/kyiv/50.437218_30.52672_h90.jpg,kyiv,50.437218,30.52672,90,2020-10,streetview
data/images/kyiv/50.437218_30.52672_h180.jpg,kyiv,50.437218,30.52672,180,2020-10,streetview
data/images/kyiv/50.437218_30.52672_h270.jpg,kyiv,50.437218,30.52672,270,2020-10,streetview
data/images/kyiv/50.484649_30.638824_h0.jpg,kyiv,50.484649,30.638824,0,2018-07,streetview
data/images/kyiv/50.484649_30.638824_h90.jpg,kyiv,50.484649,30.638824,90,2018-07,streetview
data/images/kyiv/50.484649_30.638824_h180.jpg,kyiv,50.484649,30.638824,180,2018-07,streetview
data/images/kyiv/50.484649_30.638824_h270.jpg,kyiv,50.484649,30.638824,270,2018-07,streetview
data/images/kyiv/50.444764_30.636794_h0.jpg,kyiv,50.444764,30.636794,0,2018-01,streetview
data/images/kyiv/50.444764_30.636794_h90.jpg,kyiv,50.444764,30.636794,90,2018-01,streetview
data/images/kyiv/50.444764_30.636794_h180.jpg,kyiv,50.444764,30.636794,180,2018-01,streetview
data/images/kyiv/50.444764_30.636794_h270.jpg,kyiv,50.444764,30.636794,270,2018-01,streetview
data/images/kyiv/50.442608_30.438734_h0.jpg,kyiv,50.442608,30.438734,0,2025-10,streetview
data/images/kyiv/50.442608_30.438734_h90.jpg,kyiv,50.442608,30.438734,90,2025-10,streetview
data/images/kyiv/50.442608_30.438734_h180.jpg,kyiv,50.442608,30.438734,180,2025-10,streetview
data/images/kyiv/50.442608_30.438734_h270.jpg,kyiv,50.442608,30.438734,270,2025-10,streetview
data/images/kyiv/50.424283_30.426813_h0.jpg,kyiv,50.424283,30.426813,0,2018-10,streetview
data/images/kyiv/50.424283_30.426813_h90.jpg,kyiv,50.424283,30.426813,90,2018-10,streetview
data/images/kyiv/50.424283_30.426813_h180.jpg,kyiv,50.424283,30.426813,180,2018-10,streetview
data/images/kyiv/50.424283_30.426813_h270.jpg,kyiv,50.424283,30.426813,270,2018-10,streetview
data/images/kyiv/50.538548_30.595182_h0.jpg,kyiv,50.538548,30.595182,0,2019-03,streetview
data/images/kyiv/50.538548_30.595182_h90.jpg,kyiv,50.538548,30.595182,90,2019-03,streetview
data/images/kyiv/50.538548_30.595182_h180.jpg,kyiv,50.538548,30.595182,180,2019-03,streetview
data/images/kyiv/50.538548_30.595182_h270.jpg,kyiv,50.538548,30.595182,270,2019-03,streetview
data/images/kyiv/50.36176_30.441773_h0.jpg,kyiv,50.36176,30.441773,0,2021-03,streetview
data/images/kyiv/50.36176_30.441773_h90.jpg,kyiv,50.36176,30.441773,90,2021-03,streetview
data/images/kyiv/50.36176_30.441773_h180.jpg,kyiv,50.36176,30.441773,180,2021-03,streetview
data/images/kyiv/50.36176_30.441773_h270.jpg,kyiv,50.36176,30.441773,270,2021-03,streetview
data/images/kyiv/50.458778_30.442189_h0.jpg,kyiv,50.458778,30.442189,0,2019-03,streetview
data/images/kyiv/50.458778_30.442189_h90.jpg,kyiv,50.458778,30.442189,90,2019-03,streetview
data/images/kyiv/50.458778_30.442189_h180.jpg,kyiv,50.458778,30.442189,180,2019-03,streetview
data/images/kyiv/50.458778_30.442189_h270.jpg,kyiv,50.458778,30.442189,270,2019-03,streetview
data/images/kyiv/50.44153_30.623226_h0.jpg,kyiv,50.44153,30.623226,0,2019-03,streetview
data/images/kyiv/50.44153_30.623226_h90.jpg,kyiv,50.44153,30.623226,90,2019-03,streetview
data/images/kyiv/50.44153_30.623226_h180.jpg,kyiv,50.44153,30.623226,180,2019-03,streetview
data/images/kyiv/50.44153_30.623226_h270.jpg,kyiv,50.44153,30.623226,270,2019-03,streetview
data/images/kyiv/50.484649_30.415193_h0.jpg,kyiv,50.484649,30.415193,0,2021-12,streetview
data/images/kyiv/50.484649_30.415193_h90.jpg,kyiv,50.484649,30.415193,90,2021-12,streetview
data/images/kyiv/50.484649_30.415193_h180.jpg,kyiv,50.484649,30.415193,180,2021-12,streetview
data/images/kyiv/50.484649_30.415193_h270.jpg,kyiv,50.484649,30.415193,270,2021-12,streetview
data/images/kyiv/50.512677_30.450897_h0.jpg,kyiv,50.512677,30.450897,0,2020-01,streetview
data/images/kyiv/50.512677_30.450897_h90.jpg,kyiv,50.512677,30.450897,90,2020-01,streetview
data/images/kyiv/50.512677_30.450897_h180.jpg,kyiv,50.512677,30.450897,180,2020-01,streetview
data/images/kyiv/50.512677_30.450897_h270.jpg,kyiv,50.512677,30.450897,270,2020-01,streetview
data/images/kyiv/50.514833_30.247476_h0.jpg,kyiv,50.514833,30.247476,0,2020-07,streetview
data/images/kyiv/50.514833_30.247476_h90.jpg,kyiv,50.514833,30.247476,90,2020-07,streetview
data/images/kyiv/50.514833_30.247476_h180.jpg,kyiv,50.514833,30.247476,180,2020-07,streetview
data/images/kyiv/50.514833_30.247476_h270.jpg,kyiv,50.514833,30.247476,270,2020-07,streetview
data/images/kyiv/50.451232_30.621611_h0.jpg,kyiv,50.451232,30.621611,0,2026-03,streetview
data/images/kyiv/50.451232_30.621611_h90.jpg,kyiv,50.451232,30.621611,90,2026-03,streetview
data/images/kyiv/50.451232_30.621611_h180.jpg,kyiv,50.451232,30.621611,180,2026-03,streetview
data/images/kyiv/50.451232_30.621611_h270.jpg,kyiv,50.451232,30.621611,270,2026-03,streetview
data/images/kyiv/50.554718_30.671655_h0.jpg,kyiv,50.554718,30.671655,0,2019-03,streetview
data/images/kyiv/50.554718_30.671655_h90.jpg,kyiv,50.554718,30.671655,90,2019-03,streetview
data/images/kyiv/50.554718_30.671655_h180.jpg,kyiv,50.554718,30.671655,180,2019-03,streetview
data/images/kyiv/50.554718_30.671655_h270.jpg,kyiv,50.554718,30.671655,270,2019-03,streetview
data/images/kyiv/50.460934_30.343986_h0.jpg,kyiv,50.460934,30.343986,0,2019-04,streetview
data/images/kyiv/50.460934_30.343986_h90.jpg,kyiv,50.460934,30.343986,90,2019-04,streetview
data/images/kyiv/50.460934_30.343986_h180.jpg,kyiv,50.460934,30.343986,180,2019-04,streetview
data/images/kyiv/50.460934_30.343986_h270.jpg,kyiv,50.460934,30.343986,270,2019-04,streetview
data/images/kyiv/50.424283_30.455577_h0.jpg,kyiv,50.424283,30.455577,0,2020-07,streetview
data/images/kyiv/50.424283_30.455577_h90.jpg,kyiv,50.424283,30.455577,90,2020-07,streetview
data/images/kyiv/50.424283_30.455577_h180.jpg,kyiv,50.424283,30.455577,180,2020-07,streetview
data/images/kyiv/50.424283_30.455577_h270.jpg,kyiv,50.424283,30.455577,270,2020-07,streetview
data/images/kyiv/50.306784_30.721717_h0.jpg,kyiv,50.306784,30.721717,0,2021-06,streetview
data/images/kyiv/50.306784_30.721717_h90.jpg,kyiv,50.306784,30.721717,90,2021-06,streetview
data/images/kyiv/50.306784_30.721717_h180.jpg,kyiv,50.306784,30.721717,180,2021-06,streetview
data/images/kyiv/50.306784_30.721717_h270.jpg,kyiv,50.306784,30.721717,270,2021-06,streetview
data/images/kyiv/50.237793_30.501919_h0.jpg,kyiv,50.237793,30.501919,0,2020-09,streetview
data/images/kyiv/50.237793_30.501919_h90.jpg,kyiv,50.237793,30.501919,90,2020-09,streetview
data/images/kyiv/50.237793_30.501919_h180.jpg,kyiv,50.237793,30.501919,180,2020-09,streetview
data/images/kyiv/50.237793_30.501919_h270.jpg,kyiv,50.237793,30.501919,270,2020-09,streetview
data/images/kyiv/50.469558_30.513368_h0.jpg,kyiv,50.469558,30.513368,0,2019-06,streetview
data/images/kyiv/50.469558_30.513368_h90.jpg,kyiv,50.469558,30.513368,90,2019-06,streetview
data/images/kyiv/50.469558_30.513368_h180.jpg,kyiv,50.469558,30.513368,180,2019-06,streetview
data/images/kyiv/50.469558_30.513368_h270.jpg,kyiv,50.469558,30.513368,270,2019-06,streetview
data/images/kyiv/50.496507_30.423711_h0.jpg,kyiv,50.496507,30.423711,0,2026-03,streetview
data/images/kyiv/50.496507_30.423711_h90.jpg,kyiv,50.496507,30.423711,90,2026-03,streetview
data/images/kyiv/50.496507_30.423711_h180.jpg,kyiv,50.496507,30.423711,180,2026-03,streetview
data/images/kyiv/50.496507_30.423711_h270.jpg,kyiv,50.496507,30.423711,270,2026-03,streetview
data/images/kyiv/50.476026_30.638751_h0.jpg,kyiv,50.476026,30.638751,0,2019-05,streetview
data/images/kyiv/50.476026_30.638751_h90.jpg,kyiv,50.476026,30.638751,90,2019-05,streetview
data/images/kyiv/50.476026_30.638751_h180.jpg,kyiv,50.476026,30.638751,180,2019-05,streetview
data/images/kyiv/50.476026_30.638751_h270.jpg,kyiv,50.476026,30.638751,270,2019-05,streetview
data/images/kyiv/50.437218_30.508103_h0.jpg,kyiv,50.437218,30.508103,0,2021-05,streetview
data/images/kyiv/50.437218_30.508103_h90.jpg,kyiv,50.437218,30.508103,90,2021-05,streetview
data/images/kyiv/50.437218_30.508103_h180.jpg,kyiv,50.437218,30.508103,180,2021-05,streetview
data/images/kyiv/50.437218_30.508103_h270.jpg,kyiv,50.437218,30.508103,270,2021-05,streetview
data/images/kyiv/50.432907_30.325308_h0.jpg,kyiv,50.432907,30.325308,0,2019-08,streetview
data/images/kyiv/50.432907_30.325308_h90.jpg,kyiv,50.432907,30.325308,90,2019-08,streetview
data/images/kyiv/50.432907_30.325308_h180.jpg,kyiv,50.432907,30.325308,180,2019-08,streetview
data/images/kyiv/50.432907_30.325308_h270.jpg,kyiv,50.432907,30.325308,270,2019-08,streetview
data/images/kyiv/50.425361_30.523264_h0.jpg,kyiv,50.425361,30.523264,0,2019-04,streetview
data/images/kyiv/50.425361_30.523264_h90.jpg,kyiv,50.425361,30.523264,90,2019-04,streetview
data/images/kyiv/50.425361_30.523264_h180.jpg,kyiv,50.425361,30.523264,180,2019-04,streetview
data/images/kyiv/50.425361_30.523264_h270.jpg,kyiv,50.425361,30.523264,270,2019-04,streetview
data/images/kyiv/50.471714_30.523542_h0.jpg,kyiv,50.471714,30.523542,0,2021-06,streetview
data/images/kyiv/50.471714_30.523542_h90.jpg,kyiv,50.471714,30.523542,90,2021-06,streetview
data/images/kyiv/50.471714_30.523542_h180.jpg,kyiv,50.471714,30.523542,180,2021-06,streetview
data/images/kyiv/50.471714_30.523542_h270.jpg,kyiv,50.471714,30.523542,270,2021-06,streetview
data/images/kyiv/50.338045_30.352159_h0.jpg,kyiv,50.338045,30.352159,0,2018-07,streetview
data/images/kyiv/50.338045_30.352159_h90.jpg,kyiv,50.338045,30.352159,90,2018-07,streetview
data/images/kyiv/50.338045_30.352159_h180.jpg,kyiv,50.338045,30.352159,180,2018-07,streetview
data/images/kyiv/50.338045_30.352159_h270.jpg,kyiv,50.338045,30.352159,270,2018-07,streetview
data/images/kyiv/50.415659_30.526589_h0.jpg,kyiv,50.415659,30.526589,0,2018-10,streetview
data/images/kyiv/50.415659_30.526589_h90.jpg,kyiv,50.415659,30.526589,90,2018-10,streetview
data/images/kyiv/50.415659_30.526589_h180.jpg,kyiv,50.415659,30.526589,180,2018-10,streetview
data/images/kyiv/50.415659_30.526589_h270.jpg,kyiv,50.415659,30.526589,270,2018-10,streetview
data/images/kyiv/50.52669_30.654441_h0.jpg,kyiv,50.52669,30.654441,0,2020-06,streetview
data/images/kyiv/50.52669_30.654441_h90.jpg,kyiv,50.52669,30.654441,90,2020-06,streetview
data/images/kyiv/50.52669_30.654441_h180.jpg,kyiv,50.52669,30.654441,180,2020-06,streetview
data/images/kyiv/50.52669_30.654441_h270.jpg,kyiv,50.52669,30.654441,270,2020-06,streetview
data/images/kyiv/50.471714_30.403289_h0.jpg,kyiv,50.471714,30.403289,0,2019-06,streetview
data/images/kyiv/50.471714_30.403289_h90.jpg,kyiv,50.471714,30.403289,90,2019-06,streetview
data/images/kyiv/50.471714_30.403289_h180.jpg,kyiv,50.471714,30.403289,180,2019-06,streetview
data/images/kyiv/50.471714_30.403289_h270.jpg,kyiv,50.471714,30.403289,270,2019-06,streetview
data/images/kyiv/50.439374_30.601205_h0.jpg,kyiv,50.439374,30.601205,0,2018-04,streetview
data/images/kyiv/50.439374_30.601205_h90.jpg,kyiv,50.439374,30.601205,90,2018-04,streetview
data/images/kyiv/50.439374_30.601205_h180.jpg,kyiv,50.439374,30.601205,180,2018-04,streetview
data/images/kyiv/50.439374_30.601205_h270.jpg,kyiv,50.439374,30.601205,270,2018-04,streetview
data/images/kyiv/50.216234_30.336708_h0.jpg,kyiv,50.216234,30.336708,0,2021-12,streetview
data/images/kyiv/50.216234_30.336708_h90.jpg,kyiv,50.216234,30.336708,90,2021-12,streetview
data/images/kyiv/50.216234_30.336708_h180.jpg,kyiv,50.216234,30.336708,180,2021-12,streetview
data/images/kyiv/50.216234_30.336708_h270.jpg,kyiv,50.216234,30.336708,270,2021-12,streetview
data/images/kyiv/50.343435_30.544732_h0.jpg,kyiv,50.343435,30.544732,0,2024-12,streetview
data/images/kyiv/50.343435_30.544732_h90.jpg,kyiv,50.343435,30.544732,90,2024-12,streetview
data/images/kyiv/50.343435_30.544732_h180.jpg,kyiv,50.343435,30.544732,180,2024-12,streetview
data/images/kyiv/50.343435_30.544732_h270.jpg,kyiv,50.343435,30.544732,270,2024-12,streetview
data/images/kyiv/50.432907_30.497924_h0.jpg,kyiv,50.432907,30.497924,0,2021-03,streetview
data/images/kyiv/50.432907_30.497924_h90.jpg,kyiv,50.432907,30.497924,90,2021-03,streetview
data/images/kyiv/50.432907_30.497924_h180.jpg,kyiv,50.432907,30.497924,180,2021-03,streetview
data/images/kyiv/50.432907_30.497924_h270.jpg,kyiv,50.432907,30.497924,270,2021-03,streetview
data/images/kyiv/50.426439_30.387903_h0.jpg,kyiv,50.426439,30.387903,0,2021-02,streetview
data/images/kyiv/50.426439_30.387903_h90.jpg,kyiv,50.426439,30.387903,90,2021-02,streetview
data/images/kyiv/50.426439_30.387903_h180.jpg,kyiv,50.426439,30.387903,180,2021-02,streetview
data/images/kyiv/50.426439_30.387903_h270.jpg,kyiv,50.426439,30.387903,270,2021-02,streetview
data/images/kyiv/50.405957_30.399679_h0.jpg,kyiv,50.405957,30.399679,0,2018-06,streetview
data/images/kyiv/50.405957_30.399679_h90.jpg,kyiv,50.405957,30.399679,90,2018-06,streetview
data/images/kyiv/50.405957_30.399679_h180.jpg,kyiv,50.405957,30.399679,180,2018-06,streetview
data/images/kyiv/50.405957_30.399679_h270.jpg,kyiv,50.405957,30.399679,270,2018-06,streetview
data/images/kyiv/50.358526_30.377552_h0.jpg,kyiv,50.358526,30.377552,0,2025-08,streetview
data/images/kyiv/50.358526_30.377552_h90.jpg,kyiv,50.358526,30.377552,90,2025-08,streetview
data/images/kyiv/50.358526_30.377552_h180.jpg,kyiv,50.358526,30.377552,180,2025-08,streetview
data/images/kyiv/50.358526_30.377552_h270.jpg,kyiv,50.358526,30.377552,270,2025-08,streetview
data/images/kyiv/50.55364_30.262753_h0.jpg,kyiv,50.55364,30.262753,0,2019-07,streetview
data/images/kyiv/50.55364_30.262753_h90.jpg,kyiv,50.55364,30.262753,90,2019-07,streetview
data/images/kyiv/50.55364_30.262753_h180.jpg,kyiv,50.55364,30.262753,180,2019-07,streetview
data/images/kyiv/50.55364_30.262753_h270.jpg,kyiv,50.55364,30.262753,270,2019-07,streetview
data/images/kyiv/50.45231_30.355818_h0.jpg,kyiv,50.45231,30.355818,0,2019-05,streetview
data/images/kyiv/50.45231_30.355818_h90.jpg,kyiv,50.45231,30.355818,90,2019-05,streetview
data/images/kyiv/50.45231_30.355818_h180.jpg,kyiv,50.45231,30.355818,180,2019-05,streetview
data/images/kyiv/50.45231_30.355818_h270.jpg,kyiv,50.45231,30.355818,270,2019-05,streetview
data/images/kyiv/50.327265_30.551382_h0.jpg,kyiv,50.327265,30.551382,0,2024-05,streetview
data/images/kyiv/50.327265_30.551382_h90.jpg,kyiv,50.327265,30.551382,90,2024-05,streetview
data/images/kyiv/50.327265_30.551382_h180.jpg,kyiv,50.327265,30.551382,180,2024-05,streetview
data/images/kyiv/50.327265_30.551382_h270.jpg,kyiv,50.327265,30.551382,270,2024-05,streetview
data/images/kyiv/50.37254_30.477313_h0.jpg,kyiv,50.37254,30.477313,0,2021-09,streetview
data/images/kyiv/50.37254_30.477313_h90.jpg,kyiv,50.37254,30.477313,90,2021-09,streetview
data/images/kyiv/50.37254_30.477313_h180.jpg,kyiv,50.37254,30.477313,180,2021-09,streetview
data/images/kyiv/50.37254_30.477313_h270.jpg,kyiv,50.37254,30.477313,270,2021-09,streetview
data/images/kyiv/50.474948_30.345711_h0.jpg,kyiv,50.474948,30.345711,0,2019-03,streetview
data/images/kyiv/50.474948_30.345711_h90.jpg,kyiv,50.474948,30.345711,90,2019-03,streetview
data/images/kyiv/50.474948_30.345711_h180.jpg,kyiv,50.474948,30.345711,180,2019-03,streetview
data/images/kyiv/50.474948_30.345711_h270.jpg,kyiv,50.474948,30.345711,270,2019-03,streetview
data/images/kyiv/50.508365_30.610209_h0.jpg,kyiv,50.508365,30.610209,0,2021-09,streetview
data/images/kyiv/50.508365_30.610209_h90.jpg,kyiv,50.508365,30.610209,90,2021-09,streetview
data/images/kyiv/50.508365_30.610209_h180.jpg,kyiv,50.508365,30.610209,180,2021-09,streetview
data/images/kyiv/50.508365_30.610209_h270.jpg,kyiv,50.508365,30.610209,270,2021-09,streetview
data/images/kyiv/50.456622_30.797744_h0.jpg,kyiv,50.456622,30.797744,0,2022-02,streetview
data/images/kyiv/50.456622_30.797744_h90.jpg,kyiv,50.456622,30.797744,90,2022-02,streetview
data/images/kyiv/50.456622_30.797744_h180.jpg,kyiv,50.456622,30.797744,180,2022-02,streetview
data/images/kyiv/50.456622_30.797744_h270.jpg,kyiv,50.456622,30.797744,270,2022-02,streetview
data/images/kyiv/50.398411_30.516338_h0.jpg,kyiv,50.398411,30.516338,0,2026-05,streetview
data/images/kyiv/50.398411_30.516338_h90.jpg,kyiv,50.398411,30.516338,90,2026-05,streetview
data/images/kyiv/50.398411_30.516338_h180.jpg,kyiv,50.398411,30.516338,180,2026-05,streetview
data/images/kyiv/50.398411_30.516338_h270.jpg,kyiv,50.398411,30.516338,270,2026-05,streetview
data/images/kyiv/50.421049_30.374351_h0.jpg,kyiv,50.421049,30.374351,0,2023-09,streetview
data/images/kyiv/50.421049_30.374351_h90.jpg,kyiv,50.421049,30.374351,90,2023-09,streetview
data/images/kyiv/50.421049_30.374351_h180.jpg,kyiv,50.421049,30.374351,180,2023-09,streetview
data/images/kyiv/50.421049_30.374351_h270.jpg,kyiv,50.421049,30.374351,270,2023-09,streetview
data/images/kyiv/50.465246_30.650514_h0.jpg,kyiv,50.465246,30.650514,0,2019-05,streetview
data/images/kyiv/50.465246_30.650514_h90.jpg,kyiv,50.465246,30.650514,90,2019-05,streetview
data/images/kyiv/50.465246_30.650514_h180.jpg,kyiv,50.465246,30.650514,180,2019-05,streetview
data/images/kyiv/50.465246_30.650514_h270.jpg,kyiv,50.465246,30.650514,270,2019-05,streetview
data/images/kyiv/50.284146_30.718114_h0.jpg,kyiv,50.284146,30.718114,0,2021-07,streetview
data/images/kyiv/50.284146_30.718114_h90.jpg,kyiv,50.284146,30.718114,90,2021-07,streetview
data/images/kyiv/50.284146_30.718114_h180.jpg,kyiv,50.284146,30.718114,180,2021-07,streetview
data/images/kyiv/50.284146_30.718114_h270.jpg,kyiv,50.284146,30.718114,270,2021-07,streetview
data/images/kyiv/50.460934_30.464211_h0.jpg,kyiv,50.460934,30.464211,0,2025-06,streetview
data/images/kyiv/50.460934_30.464211_h90.jpg,kyiv,50.460934,30.464211,90,2025-06,streetview
data/images/kyiv/50.460934_30.464211_h180.jpg,kyiv,50.460934,30.464211,180,2025-06,streetview
data/images/kyiv/50.460934_30.464211_h270.jpg,kyiv,50.460934,30.464211,270,2025-06,streetview
data/images/kyiv/50.443686_30.416734_h0.jpg,kyiv,50.443686,30.416734,0,2024-12,streetview
data/images/kyiv/50.443686_30.416734_h90.jpg,kyiv,50.443686,30.416734,90,2024-12,streetview
data/images/kyiv/50.443686_30.416734_h180.jpg,kyiv,50.443686,30.416734,180,2024-12,streetview
data/images/kyiv/50.443686_30.416734_h270.jpg,kyiv,50.443686,30.416734,270,2024-12,streetview
data/images/kyiv/50.409191_30.379392_h0.jpg,kyiv,50.409191,30.379392,0,2020-11,streetview
data/images/kyiv/50.409191_30.379392_h90.jpg,kyiv,50.409191,30.379392,90,2020-11,streetview
data/images/kyiv/50.409191_30.379392_h180.jpg,kyiv,50.409191,30.379392,180,2020-11,streetview
data/images/kyiv/50.409191_30.379392_h270.jpg,kyiv,50.409191,30.379392,270,2020-11,streetview
data/images/kyiv/50.52669_30.457742_h0.jpg,kyiv,50.52669,30.457742,0,2018-10,streetview
data/images/kyiv/50.52669_30.457742_h90.jpg,kyiv,50.52669,30.457742,90,2018-10,streetview
data/images/kyiv/50.52669_30.457742_h180.jpg,kyiv,50.52669,30.457742,180,2018-10,streetview
data/images/kyiv/50.52669_30.457742_h270.jpg,kyiv,50.52669,30.457742,270,2018-10,streetview
data/images/kyiv/50.38871_30.521353_h0.jpg,kyiv,50.38871,30.521353,0,2021-09,streetview
data/images/kyiv/50.38871_30.521353_h90.jpg,kyiv,50.38871,30.521353,90,2021-09,streetview
data/images/kyiv/50.38871_30.521353_h180.jpg,kyiv,50.38871,30.521353,180,2021-09,streetview
data/images/kyiv/50.38871_30.521353_h270.jpg,kyiv,50.38871,30.521353,270,2021-09,streetview
data/images/kyiv/50.555796_30.654697_h0.jpg,kyiv,50.555796,30.654697,0,2020-04,streetview
data/images/kyiv/50.555796_30.654697_h90.jpg,kyiv,50.555796,30.654697,90,2020-04,streetview
data/images/kyiv/50.555796_30.654697_h180.jpg,kyiv,50.555796,30.654697,180,2020-04,streetview
data/images/kyiv/50.555796_30.654697_h270.jpg,kyiv,50.555796,30.654697,270,2020-04,streetview
data/images/kyiv/50.417815_30.440321_h0.jpg,kyiv,50.417815,30.440321,0,2020-09,streetview
data/images/kyiv/50.417815_30.440321_h90.jpg,kyiv,50.417815,30.440321,90,2020-09,streetview
data/images/kyiv/50.417815_30.440321_h180.jpg,kyiv,50.417815,30.440321,180,2020-09,streetview
data/images/kyiv/50.417815_30.440321_h270.jpg,kyiv,50.417815,30.440321,270,2020-09,streetview
data/images/kyiv/50.233481_30.375503_h0.jpg,kyiv,50.233481,30.375503,0,2020-05,streetview
data/images/kyiv/50.233481_30.375503_h90.jpg,kyiv,50.233481,30.375503,90,2020-05,streetview
data/images/kyiv/50.233481_30.375503_h180.jpg,kyiv,50.233481,30.375503,180,2020-05,streetview
data/images/kyiv/50.233481_30.375503_h270.jpg,kyiv,50.233481,30.375503,270,2020-05,streetview
data/images/kyiv/50.283068_30.443125_h0.jpg,kyiv,50.283068,30.443125,0,2023-04,streetview
data/images/kyiv/50.283068_30.443125_h90.jpg,kyiv,50.283068,30.443125,90,2023-04,streetview
data/images/kyiv/50.283068_30.443125_h180.jpg,kyiv,50.283068,30.443125,180,2023-04,streetview
data/images/kyiv/50.283068_30.443125_h270.jpg,kyiv,50.283068,30.443125,270,2023-04,streetview
data/images/kyiv/50.450154_30.433687_h0.jpg,kyiv,50.450154,30.433687,0,2021-06,streetview
data/images/kyiv/50.450154_30.433687_h90.jpg,kyiv,50.450154,30.433687,90,2021-06,streetview
data/images/kyiv/50.450154_30.433687_h180.jpg,kyiv,50.450154,30.433687,180,2021-06,streetview
data/images/kyiv/50.450154_30.433687_h270.jpg,kyiv,50.450154,30.433687,270,2021-06,streetview
data/images/kyiv/50.443686_30.557228_h0.jpg,kyiv,50.443686,30.557228,0,2021-04,streetview
data/images/kyiv/50.443686_30.557228_h90.jpg,kyiv,50.443686,30.557228,90,2021-04,streetview
data/images/kyiv/50.443686_30.557228_h180.jpg,kyiv,50.443686,30.557228,180,2021-04,streetview
data/images/kyiv/50.443686_30.557228_h270.jpg,kyiv,50.443686,30.557228,270,2021-04,streetview
data/images/kyiv/50.44692_30.428595_h0.jpg,kyiv,50.44692,30.428595,0,2020-07,streetview
data/images/kyiv/50.44692_30.428595_h90.jpg,kyiv,50.44692,30.428595,90,2020-07,streetview
data/images/kyiv/50.44692_30.428595_h180.jpg,kyiv,50.44692,30.428595,180,2020-07,streetview
data/images/kyiv/50.44692_30.428595_h270.jpg,kyiv,50.44692,30.428595,270,2020-07,streetview
data/images/kyiv/50.402723_30.379373_h0.jpg,kyiv,50.402723,30.379373,0,2026-01,streetview
data/images/kyiv/50.402723_30.379373_h90.jpg,kyiv,50.402723,30.379373,90,2026-01,streetview
data/images/kyiv/50.402723_30.379373_h180.jpg,kyiv,50.402723,30.379373,180,2026-01,streetview
data/images/kyiv/50.402723_30.379373_h270.jpg,kyiv,50.402723,30.379373,270,2026-01,streetview
data/images/kyiv/50.38871_30.369187_h0.jpg,kyiv,50.38871,30.369187,0,2019-07,streetview
data/images/kyiv/50.38871_30.369187_h90.jpg,kyiv,50.38871,30.369187,90,2019-07,streetview
data/images/kyiv/50.38871_30.369187_h180.jpg,kyiv,50.38871,30.369187,180,2019-07,streetview
data/images/kyiv/50.38871_30.369187_h270.jpg,kyiv,50.38871,30.369187,270,2019-07,streetview
data/images/kyiv/50.44692_30.487844_h0.jpg,kyiv,50.44692,30.487844,0,2021-11,streetview
data/images/kyiv/50.44692_30.487844_h90.jpg,kyiv,50.44692,30.487844,90,2021-11,streetview
data/images/kyiv/50.44692_30.487844_h180.jpg,kyiv,50.44692,30.487844,180,2021-11,streetview
data/images/kyiv/50.44692_30.487844_h270.jpg,kyiv,50.44692,30.487844,270,2021-11,streetview
data/images/kyiv/50.459856_30.426954_h0.jpg,kyiv,50.459856,30.426954,0,2019-05,streetview
data/images/kyiv/50.459856_30.426954_h90.jpg,kyiv,50.459856,30.426954,90,2019-05,streetview
data/images/kyiv/50.459856_30.426954_h180.jpg,kyiv,50.459856,30.426954,180,2019-05,streetview
data/images/kyiv/50.459856_30.426954_h270.jpg,kyiv,50.459856,30.426954,270,2019-05,streetview
data/images/kyiv/50.584901_30.486875_h0.jpg,kyiv,50.584901,30.486875,0,2021-07,streetview
data/images/kyiv/50.584901_30.486875_h90.jpg,kyiv,50.584901,30.486875,90,2021-07,streetview
data/images/kyiv/50.584901_30.486875_h180.jpg,kyiv,50.584901,30.486875,180,2021-07,streetview
data/images/kyiv/50.584901_30.486875_h270.jpg,kyiv,50.584901,30.486875,270,2021-07,streetview
data/images/kyiv/50.458778_30.413404_h0.jpg,kyiv,50.458778,30.413404,0,2019-05,streetview
data/images/kyiv/50.458778_30.413404_h90.jpg,kyiv,50.458778,30.413404,90,2019-05,streetview
data/images/kyiv/50.458778_30.413404_h180.jpg,kyiv,50.458778,30.413404,180,2019-05,streetview
data/images/kyiv/50.458778_30.413404_h270.jpg,kyiv,50.458778,30.413404,270,2019-05,streetview
data/images/kyiv/50.516989_30.584847_h0.jpg,kyiv,50.516989,30.584847,0,2020-06,streetview
data/images/kyiv/50.516989_30.584847_h90.jpg,kyiv,50.516989,30.584847,90,2020-06,streetview
data/images/kyiv/50.516989_30.584847_h180.jpg,kyiv,50.516989,30.584847,180,2020-06,streetview
data/images/kyiv/50.516989_30.584847_h270.jpg,kyiv,50.516989,30.584847,270,2020-06,streetview
data/images/kyiv/50.508365_30.452572_h0.jpg,kyiv,50.508365,30.452572,0,2020-03,streetview
data/images/kyiv/50.508365_30.452572_h90.jpg,kyiv,50.508365,30.452572,90,2020-03,streetview
data/images/kyiv/50.508365_30.452572_h180.jpg,kyiv,50.508365,30.452572,180,2020-03,streetview
data/images/kyiv/50.508365_30.452572_h270.jpg,kyiv,50.508365,30.452572,270,2020-03,streetview
data/images/kyiv/50.382242_30.457075_h0.jpg,kyiv,50.382242,30.457075,0,2019-06,streetview
data/images/kyiv/50.382242_30.457075_h90.jpg,kyiv,50.382242,30.457075,90,2019-06,streetview
data/images/kyiv/50.382242_30.457075_h180.jpg,kyiv,50.382242,30.457075,180,2019-06,streetview
data/images/kyiv/50.382242_30.457075_h270.jpg,kyiv,50.382242,30.457075,270,2019-06,streetview
data/images/kyiv/50.29277_30.669268_h0.jpg,kyiv,50.29277,30.669268,0,2019-11,streetview
data/images/kyiv/50.29277_30.669268_h90.jpg,kyiv,50.29277,30.669268,90,2019-11,streetview
data/images/kyiv/50.29277_30.669268_h180.jpg,kyiv,50.29277,30.669268,180,2019-11,streetview
data/images/kyiv/50.29277_30.669268_h270.jpg,kyiv,50.29277,30.669268,270,2019-11,streetview
data/images/kyiv/50.471714_30.477812_h0.jpg,kyiv,50.471714,30.477812,0,2020-08,streetview
data/images/kyiv/50.471714_30.477812_h90.jpg,kyiv,50.471714,30.477812,90,2020-08,streetview
data/images/kyiv/50.471714_30.477812_h180.jpg,kyiv,50.471714,30.477812,180,2020-08,streetview
data/images/kyiv/50.471714_30.477812_h270.jpg,kyiv,50.471714,30.477812,270,2020-08,streetview
data/images/kyiv/50.4577_30.381229_h0.jpg,kyiv,50.4577,30.381229,0,2024-09,streetview
data/images/kyiv/50.4577_30.381229_h90.jpg,kyiv,50.4577,30.381229,90,2024-09,streetview
data/images/kyiv/50.4577_30.381229_h180.jpg,kyiv,50.4577,30.381229,180,2024-09,streetview
data/images/kyiv/50.4577_30.381229_h270.jpg,kyiv,50.4577,30.381229,270,2024-09,streetview
data/images/kyiv/50.467402_30.513355_h0.jpg,kyiv,50.467402,30.513355,0,2025-09,streetview
data/images/kyiv/50.467402_30.513355_h90.jpg,kyiv,50.467402,30.513355,90,2025-09,streetview
data/images/kyiv/50.467402_30.513355_h180.jpg,kyiv,50.467402,30.513355,180,2025-09,streetview
data/images/kyiv/50.467402_30.513355_h270.jpg,kyiv,50.467402,30.513355,270,2025-09,streetview
data/images/kyiv/50.456622_30.408316_h0.jpg,kyiv,50.456622,30.408316,0,2018-10,streetview
data/images/kyiv/50.456622_30.408316_h90.jpg,kyiv,50.456622,30.408316,90,2018-10,streetview
data/images/kyiv/50.456622_30.408316_h180.jpg,kyiv,50.456622,30.408316,180,2018-10,streetview
data/images/kyiv/50.456622_30.408316_h270.jpg,kyiv,50.456622,30.408316,270,2018-10,streetview
data/images/kyiv/50.278756_30.706252_h0.jpg,kyiv,50.278756,30.706252,0,2021-10,streetview
data/images/kyiv/50.278756_30.706252_h90.jpg,kyiv,50.278756,30.706252,90,2021-10,streetview
data/images/kyiv/50.278756_30.706252_h180.jpg,kyiv,50.278756,30.706252,180,2021-10,streetview
data/images/kyiv/50.278756_30.706252_h270.jpg,kyiv,50.278756,30.706252,270,2021-10,streetview
data/images/kyiv/50.422127_30.651831_h0.jpg,kyiv,50.422127,30.651831,0,2024-08,streetview
data/images/kyiv/50.422127_30.651831_h90.jpg,kyiv,50.422127,30.651831,90,2024-08,streetview
data/images/kyiv/50.422127_30.651831_h180.jpg,kyiv,50.422127,30.651831,180,2024-08,streetview
data/images/kyiv/50.422127_30.651831_h270.jpg,kyiv,50.422127,30.651831,270,2024-08,streetview
data/images/kyiv/50.417815_30.562129_h0.jpg,kyiv,50.417815,30.562129,0,2019-06,streetview
data/images/kyiv/50.417815_30.562129_h90.jpg,kyiv,50.417815,30.562129,90,2019-06,streetview
data/images/kyiv/50.417815_30.562129_h180.jpg,kyiv,50.417815,30.562129,180,2019-06,streetview
data/images/kyiv/50.417815_30.562129_h270.jpg,kyiv,50.417815,30.562129,270,2019-06,streetview
data/images/kyiv/50.472792_30.464268_h0.jpg,kyiv,50.472792,30.464268,0,2018-10,streetview
data/images/kyiv/50.472792_30.464268_h90.jpg,kyiv,50.472792,30.464268,90,2018-10,streetview
data/images/kyiv/50.472792_30.464268_h180.jpg,kyiv,50.472792,30.464268,180,2018-10,streetview
data/images/kyiv/50.472792_30.464268_h270.jpg,kyiv,50.472792,30.464268,270,2018-10,streetview
data/images/kyiv/50.409191_30.381083_h0.jpg,kyiv,50.409191,30.381083,0,2020-11,streetview
data/images/kyiv/50.409191_30.381083_h90.jpg,kyiv,50.409191,30.381083,90,2020-11,streetview
data/images/kyiv/50.409191_30.381083_h180.jpg,kyiv,50.409191,30.381083,180,2020-11,streetview
data/images/kyiv/50.409191_30.381083_h270.jpg,kyiv,50.409191,30.381083,270,2020-11,streetview
data/images/kyiv/50.251807_30.326666_h0.jpg,kyiv,50.251807,30.326666,0,2022-06,streetview
data/images/kyiv/50.251807_30.326666_h90.jpg,kyiv,50.251807,30.326666,90,2022-06,streetview
data/images/kyiv/50.251807_30.326666_h180.jpg,kyiv,50.251807,30.326666,180,2022-06,streetview
data/images/kyiv/50.251807_30.326666_h270.jpg,kyiv,50.251807,30.326666,270,2022-06,streetview
data/images/kyiv/50.37254_30.374213_h0.jpg,kyiv,50.37254,30.374213,0,2025-12,streetview
data/images/kyiv/50.37254_30.374213_h90.jpg,kyiv,50.37254,30.374213,90,2025-12,streetview
data/images/kyiv/50.37254_30.374213_h180.jpg,kyiv,50.37254,30.374213,180,2025-12,streetview
data/images/kyiv/50.37254_30.374213_h270.jpg,kyiv,50.37254,30.374213,270,2025-12,streetview
data/images/kyiv/50.543938_30.503622_h0.jpg,kyiv,50.543938,30.503622,0,2021-05,streetview
data/images/kyiv/50.543938_30.503622_h90.jpg,kyiv,50.543938,30.503622,90,2021-05,streetview
data/images/kyiv/50.543938_30.503622_h180.jpg,kyiv,50.543938,30.503622,180,2021-05,streetview
data/images/kyiv/50.543938_30.503622_h270.jpg,kyiv,50.543938,30.503622,270,2021-05,streetview
data/images/kyiv/50.466324_30.459156_h0.jpg,kyiv,50.466324,30.459156,0,2019-03,streetview
data/images/kyiv/50.466324_30.459156_h90.jpg,kyiv,50.466324,30.459156,90,2019-03,streetview
data/images/kyiv/50.466324_30.459156_h180.jpg,kyiv,50.466324,30.459156,180,2019-03,streetview
data/images/kyiv/50.466324_30.459156_h270.jpg,kyiv,50.466324,30.459156,270,2019-03,streetview
data/images/kyiv/50.290614_30.67431_h0.jpg,kyiv,50.290614,30.67431,0,2019-11,streetview
data/images/kyiv/50.290614_30.67431_h90.jpg,kyiv,50.290614,30.67431,90,2019-11,streetview
data/images/kyiv/50.290614_30.67431_h180.jpg,kyiv,50.290614,30.67431,180,2019-11,streetview
data/images/kyiv/50.290614_30.67431_h270.jpg,kyiv,50.290614,30.67431,270,2019-11,streetview
data/images/kyiv/50.453388_30.623322_h0.jpg,kyiv,50.453388,30.623322,0,2021-12,streetview
data/images/kyiv/50.453388_30.623322_h90.jpg,kyiv,50.453388,30.623322,90,2021-12,streetview
data/images/kyiv/50.453388_30.623322_h180.jpg,kyiv,50.453388,30.623322,180,2021-12,streetview
data/images/kyiv/50.453388_30.623322_h270.jpg,kyiv,50.453388,30.623322,270,2021-12,streetview
data/images/kyiv/50.458778_30.48452_h0.jpg,kyiv,50.458778,30.48452,0,2018-10,streetview
data/images/kyiv/50.458778_30.48452_h90.jpg,kyiv,50.458778,30.48452,90,2018-10,streetview
data/images/kyiv/50.458778_30.48452_h180.jpg,kyiv,50.458778,30.48452,180,2018-10,streetview
data/images/kyiv/50.458778_30.48452_h270.jpg,kyiv,50.458778,30.48452,270,2018-10,streetview
data/images/kyiv/50.426439_30.640024_h0.jpg,kyiv,50.426439,30.640024,0,2020-08,streetview
data/images/kyiv/50.426439_30.640024_h90.jpg,kyiv,50.426439,30.640024,90,2020-08,streetview
data/images/kyiv/50.426439_30.640024_h180.jpg,kyiv,50.426439,30.640024,180,2020-08,streetview
data/images/kyiv/50.426439_30.640024_h270.jpg,kyiv,50.426439,30.640024,270,2020-08,streetview
data/images/kyiv/50.386554_30.465549_h0.jpg,kyiv,50.386554,30.465549,0,2019-03,streetview
data/images/kyiv/50.386554_30.465549_h90.jpg,kyiv,50.386554,30.465549,90,2019-03,streetview
data/images/kyiv/50.386554_30.465549_h180.jpg,kyiv,50.386554,30.465549,180,2019-03,streetview
data/images/kyiv/50.386554_30.465549_h270.jpg,kyiv,50.386554,30.465549,270,2019-03,streetview
data/images/kyiv/50.531002_30.62565_h0.jpg,kyiv,50.531002,30.62565,0,2018-08,streetview
data/images/kyiv/50.531002_30.62565_h90.jpg,kyiv,50.531002,30.62565,90,2018-08,streetview
data/images/kyiv/50.531002_30.62565_h180.jpg,kyiv,50.531002,30.62565,180,2018-08,streetview
data/images/kyiv/50.531002_30.62565_h270.jpg,kyiv,50.531002,30.62565,270,2018-08,streetview
data/images/kyiv/50.431829_30.323614_h0.jpg,kyiv,50.431829,30.323614,0,2019-08,streetview
data/images/kyiv/50.431829_30.323614_h90.jpg,kyiv,50.431829,30.323614,90,2019-08,streetview
data/images/kyiv/50.431829_30.323614_h180.jpg,kyiv,50.431829,30.323614,180,2019-08,streetview
data/images/kyiv/50.431829_30.323614_h270.jpg,kyiv,50.431829,30.323614,270,2019-08,streetview
data/images/kyiv/50.501897_30.442374_h0.jpg,kyiv,50.501897,30.442374,0,2019-09,streetview
data/images/kyiv/50.501897_30.442374_h90.jpg,kyiv,50.501897,30.442374,90,2019-09,streetview
data/images/kyiv/50.501897_30.442374_h180.jpg,kyiv,50.501897,30.442374,180,2019-09,streetview
data/images/kyiv/50.501897_30.442374_h270.jpg,kyiv,50.501897,30.442374,270,2019-09,streetview
data/images/kyiv/50.469558_30.330456_h0.jpg,kyiv,50.469558,30.330456,0,2019-04,streetview
data/images/kyiv/50.469558_30.330456_h90.jpg,kyiv,50.469558,30.330456,90,2019-04,streetview
data/images/kyiv/50.469558_30.330456_h180.jpg,kyiv,50.469558,30.330456,180,2019-04,streetview
data/images/kyiv/50.469558_30.330456_h270.jpg,kyiv,50.469558,30.330456,270,2019-04,streetview
data/images/kyiv/50.400567_30.555247_h0.jpg,kyiv,50.400567,30.555247,0,2021-08,streetview
data/images/kyiv/50.400567_30.555247_h90.jpg,kyiv,50.400567,30.555247,90,2021-08,streetview
data/images/kyiv/50.400567_30.555247_h180.jpg,kyiv,50.400567,30.555247,180,2021-08,streetview
data/images/kyiv/50.400567_30.555247_h270.jpg,kyiv,50.400567,30.555247,270,2021-08,streetview
data/images/kyiv/50.384398_30.781677_h0.jpg,kyiv,50.384398,30.781677,0,2020-07,streetview
data/images/kyiv/50.384398_30.781677_h90.jpg,kyiv,50.384398,30.781677,90,2020-07,streetview
data/images/kyiv/50.384398_30.781677_h180.jpg,kyiv,50.384398,30.781677,180,2020-07,streetview
data/images/kyiv/50.384398_30.781677_h270.jpg,kyiv,50.384398,30.781677,270,2020-07,streetview
data/images/kyiv/50.412425_30.599307_h0.jpg,kyiv,50.412425,30.599307,0,2026-01,streetview
data/images/kyiv/50.412425_30.599307_h90.jpg,kyiv,50.412425,30.599307,90,2026-01,streetview
data/images/kyiv/50.412425_30.599307_h180.jpg,kyiv,50.412425,30.599307,180,2026-01,streetview
data/images/kyiv/50.412425_30.599307_h270.jpg,kyiv,50.412425,30.599307,270,2026-01,streetview
data/images/kyiv/50.464168_30.437132_h0.jpg,kyiv,50.464168,30.437132,0,2021-04,streetview
data/images/kyiv/50.464168_30.437132_h90.jpg,kyiv,50.464168,30.437132,90,2021-04,streetview
data/images/kyiv/50.464168_30.437132_h180.jpg,kyiv,50.464168,30.437132,180,2021-04,streetview
data/images/kyiv/50.464168_30.437132_h270.jpg,kyiv,50.464168,30.437132,270,2021-04,streetview
data/images/kyiv/50.387632_30.497677_h0.jpg,kyiv,50.387632,30.497677,0,2021-05,streetview
data/images/kyiv/50.387632_30.497677_h90.jpg,kyiv,50.387632,30.497677,90,2021-05,streetview
data/images/kyiv/50.387632_30.497677_h180.jpg,kyiv,50.387632,30.497677,180,2021-05,streetview
data/images/kyiv/50.387632_30.497677_h270.jpg,kyiv,50.387632,30.497677,270,2021-05,streetview
data/images/kyiv/50.464168_30.438825_h0.jpg,kyiv,50.464168,30.438825,0,2018-11,streetview
data/images/kyiv/50.464168_30.438825_h90.jpg,kyiv,50.464168,30.438825,90,2018-11,streetview
data/images/kyiv/50.464168_30.438825_h180.jpg,kyiv,50.464168,30.438825,180,2018-11,streetview
data/images/kyiv/50.464168_30.438825_h270.jpg,kyiv,50.464168,30.438825,270,2018-11,streetview
data/images/kyiv/50.417815_30.529986_h0.jpg,kyiv,50.417815,30.529986,0,2018-11,streetview
data/images/kyiv/50.417815_30.529986_h90.jpg,kyiv,50.417815,30.529986,90,2018-11,streetview
data/images/kyiv/50.417815_30.529986_h180.jpg,kyiv,50.417815,30.529986,180,2018-11,streetview
data/images/kyiv/50.417815_30.529986_h270.jpg,kyiv,50.417815,30.529986,270,2018-11,streetview
data/images/kyiv/50.429673_30.599439_h0.jpg,kyiv,50.429673,30.599439,0,2025-07,streetview
data/images/kyiv/50.429673_30.599439_h90.jpg,kyiv,50.429673,30.599439,90,2025-07,streetview
data/images/kyiv/50.429673_30.599439_h180.jpg,kyiv,50.429673,30.599439,180,2025-07,streetview
data/images/kyiv/50.429673_30.599439_h270.jpg,kyiv,50.429673,30.599439,270,2025-07,streetview
data/images/kyiv/50.451232_30.311798_h0.jpg,kyiv,50.451232,30.311798,0,2020-06,streetview
data/images/kyiv/50.451232_30.311798_h90.jpg,kyiv,50.451232,30.311798,90,2020-06,streetview
data/images/kyiv/50.451232_30.311798_h180.jpg,kyiv,50.451232,30.311798,180,2020-06,streetview
data/images/kyiv/50.451232_30.311798_h270.jpg,kyiv,50.451232,30.311798,270,2020-06,streetview
data/images/kyiv/50.43614_30.35747_h0.jpg,kyiv,50.43614,30.35747,0,2026-05,streetview
data/images/kyiv/50.43614_30.35747_h90.jpg,kyiv,50.43614,30.35747,90,2026-05,streetview
data/images/kyiv/50.43614_30.35747_h180.jpg,kyiv,50.43614,30.35747,180,2026-05,streetview
data/images/kyiv/50.43614_30.35747_h270.jpg,kyiv,50.43614,30.35747,270,2026-05,streetview
data/images/kyiv/50.44153_30.523361_h0.jpg,kyiv,50.44153,30.523361,0,2019-10,streetview
data/images/kyiv/50.44153_30.523361_h90.jpg,kyiv,50.44153,30.523361,90,2019-10,streetview
data/images/kyiv/50.44153_30.523361_h180.jpg,kyiv,50.44153,30.523361,180,2019-10,streetview
data/images/kyiv/50.44153_30.523361_h270.jpg,kyiv,50.44153,30.523361,270,2019-10,streetview
data/images/kyiv/50.458778_30.406631_h0.jpg,kyiv,50.458778,30.406631,0,2019-03,streetview
data/images/kyiv/50.458778_30.406631_h90.jpg,kyiv,50.458778,30.406631,90,2019-03,streetview
data/images/kyiv/50.458778_30.406631_h180.jpg,kyiv,50.458778,30.406631,180,2019-03,streetview
data/images/kyiv/50.458778_30.406631_h270.jpg,kyiv,50.458778,30.406631,270,2019-03,streetview
data/images/kyiv/50.488961_30.484677_h0.jpg,kyiv,50.488961,30.484677,0,2019-03,streetview
data/images/kyiv/50.488961_30.484677_h90.jpg,kyiv,50.488961,30.484677,90,2019-03,streetview
data/images/kyiv/50.488961_30.484677_h180.jpg,kyiv,50.488961,30.484677,180,2019-03,streetview
data/images/kyiv/50.488961_30.484677_h270.jpg,kyiv,50.488961,30.484677,270,2019-03,streetview
data/images/kyiv/50.482493_30.486337_h0.jpg,kyiv,50.482493,30.486337,0,2021-07,streetview
data/images/kyiv/50.482493_30.486337_h90.jpg,kyiv,50.482493,30.486337,90,2021-07,streetview
data/images/kyiv/50.482493_30.486337_h180.jpg,kyiv,50.482493,30.486337,180,2021-07,streetview
data/images/kyiv/50.482493_30.486337_h270.jpg,kyiv,50.482493,30.486337,270,2021-07,streetview
data/images/kyiv/50.44153_30.503049_h0.jpg,kyiv,50.44153,30.503049,0,2019-06,streetview
data/images/kyiv/50.44153_30.503049_h90.jpg,kyiv,50.44153,30.503049,90,2019-06,streetview
data/images/kyiv/50.44153_30.503049_h180.jpg,kyiv,50.44153,30.503049,180,2019-06,streetview
data/images/kyiv/50.44153_30.503049_h270.jpg,kyiv,50.44153,30.503049,270,2019-06,streetview
data/images/kyiv/50.471714_30.462569_h0.jpg,kyiv,50.471714,30.462569,0,2019-06,streetview
data/images/kyiv/50.471714_30.462569_h90.jpg,kyiv,50.471714,30.462569,90,2019-06,streetview
data/images/kyiv/50.471714_30.462569_h180.jpg,kyiv,50.471714,30.462569,180,2019-06,streetview
data/images/kyiv/50.471714_30.462569_h270.jpg,kyiv,50.471714,30.462569,270,2019-06,streetview
data/images/kyiv/50.508365_30.420367_h0.jpg,kyiv,50.508365,30.420367,0,2021-06,streetview
data/images/kyiv/50.508365_30.420367_h90.jpg,kyiv,50.508365,30.420367,90,2021-06,streetview
data/images/kyiv/50.508365_30.420367_h180.jpg,kyiv,50.508365,30.420367,180,2021-06,streetview
data/images/kyiv/50.508365_30.420367_h270.jpg,kyiv,50.508365,30.420367,270,2021-06,streetview
data/images/kyiv/50.465246_30.625112_h0.jpg,kyiv,50.465246,30.625112,0,2020-10,streetview
data/images/kyiv/50.465246_30.625112_h90.jpg,kyiv,50.465246,30.625112,90,2020-10,streetview
data/images/kyiv/50.465246_30.625112_h180.jpg,kyiv,50.465246,30.625112,180,2020-10,streetview
data/images/kyiv/50.465246_30.625112_h270.jpg,kyiv,50.465246,30.625112,270,2020-10,streetview
data/images/kyiv/50.431829_30.377767_h0.jpg,kyiv,50.431829,30.377767,0,2019-05,streetview
data/images/kyiv/50.431829_30.377767_h90.jpg,kyiv,50.431829,30.377767,90,2019-05,streetview
data/images/kyiv/50.431829_30.377767_h180.jpg,kyiv,50.431829,30.377767,180,2019-05,streetview
data/images/kyiv/50.431829_30.377767_h270.jpg,kyiv,50.431829,30.377767,270,2019-05,streetview
data/images/kyiv/50.390866_30.462188_h0.jpg,kyiv,50.390866,30.462188,0,2018-11,streetview
data/images/kyiv/50.390866_30.462188_h90.jpg,kyiv,50.390866,30.462188,90,2018-11,streetview
data/images/kyiv/50.390866_30.462188_h180.jpg,kyiv,50.390866,30.462188,180,2018-11,streetview
data/images/kyiv/50.390866_30.462188_h270.jpg,kyiv,50.390866,30.462188,270,2018-11,streetview
data/images/kyiv/50.471714_30.550642_h0.jpg,kyiv,50.471714,30.550642,0,2021-04,streetview
data/images/kyiv/50.471714_30.550642_h90.jpg,kyiv,50.471714,30.550642,90,2021-04,streetview
data/images/kyiv/50.471714_30.550642_h180.jpg,kyiv,50.471714,30.550642,180,2021-04,streetview
data/images/kyiv/50.471714_30.550642_h270.jpg,kyiv,50.471714,30.550642,270,2021-04,streetview
data/images/kyiv/50.509443_30.608522_h0.jpg,kyiv,50.509443,30.608522,0,2021-08,streetview
data/images/kyiv/50.509443_30.608522_h90.jpg,kyiv,50.509443,30.608522,90,2021-08,streetview
data/images/kyiv/50.509443_30.608522_h180.jpg,kyiv,50.509443,30.608522,180,2021-08,streetview
data/images/kyiv/50.509443_30.608522_h270.jpg,kyiv,50.509443,30.608522,270,2021-08,streetview
data/images/kyiv/50.428595_30.372681_h0.jpg,kyiv,50.428595,30.372681,0,2019-05,streetview
data/images/kyiv/50.428595_30.372681_h90.jpg,kyiv,50.428595,30.372681,90,2019-05,streetview
data/images/kyiv/50.428595_30.372681_h180.jpg,kyiv,50.428595,30.372681,180,2019-05,streetview
data/images/kyiv/50.428595_30.372681_h270.jpg,kyiv,50.428595,30.372681,270,2019-05,streetview
data/images/kyiv/50.28199_30.346964_h0.jpg,kyiv,50.28199,30.346964,0,2026-04,streetview
data/images/kyiv/50.28199_30.346964_h90.jpg,kyiv,50.28199,30.346964,90,2026-04,streetview
data/images/kyiv/50.28199_30.346964_h180.jpg,kyiv,50.28199,30.346964,180,2026-04,streetview
data/images/kyiv/50.28199_30.346964_h270.jpg,kyiv,50.28199,30.346964,270,2026-04,streetview
data/images/kyiv/50.213_30.343439_h0.jpg,kyiv,50.213,30.343439,0,2021-12,streetview
data/images/kyiv/50.213_30.343439_h90.jpg,kyiv,50.213,30.343439,90,2021-12,streetview
data/images/kyiv/50.213_30.343439_h180.jpg,kyiv,50.213,30.343439,180,2021-12,streetview
data/images/kyiv/50.213_30.343439_h270.jpg,kyiv,50.213,30.343439,270,2021-12,streetview
data/images/kyiv/50.402723_30.516363_h0.jpg,kyiv,50.402723,30.516363,0,2025-09,streetview
data/images/kyiv/50.402723_30.516363_h90.jpg,kyiv,50.402723,30.516363,90,2025-09,streetview
data/images/kyiv/50.402723_30.516363_h180.jpg,kyiv,50.402723,30.516363,180,2025-09,streetview
data/images/kyiv/50.402723_30.516363_h270.jpg,kyiv,50.402723,30.516363,270,2025-09,streetview
data/images/kyiv/50.443686_30.420119_h0.jpg,kyiv,50.443686,30.420119,0,2018-11,streetview
data/images/kyiv/50.443686_30.420119_h90.jpg,kyiv,50.443686,30.420119,90,2018-11,streetview
data/images/kyiv/50.443686_30.420119_h180.jpg,kyiv,50.443686,30.420119,180,2018-11,streetview
data/images/kyiv/50.443686_30.420119_h270.jpg,kyiv,50.443686,30.420119,270,2018-11,streetview
data/images/kyiv/50.381164_30.63626_h0.jpg,kyiv,50.381164,30.63626,0,2021-08,streetview
data/images/kyiv/50.381164_30.63626_h90.jpg,kyiv,50.381164,30.63626,90,2021-08,streetview
data/images/kyiv/50.381164_30.63626_h180.jpg,kyiv,50.381164,30.63626,180,2021-08,streetview
data/images/kyiv/50.381164_30.63626_h270.jpg,kyiv,50.381164,30.63626,270,2021-08,streetview
data/images/kyiv/50.400567_30.631349_h0.jpg,kyiv,50.400567,30.631349,0,2021-07,streetview
data/images/kyiv/50.400567_30.631349_h90.jpg,kyiv,50.400567,30.631349,90,2021-07,streetview
data/images/kyiv/50.400567_30.631349_h180.jpg,kyiv,50.400567,30.631349,180,2021-07,streetview
data/images/kyiv/50.400567_30.631349_h270.jpg,kyiv,50.400567,30.631349,270,2021-07,streetview
data/images/kyiv/50.458778_30.35922_h0.jpg,kyiv,50.458778,30.35922,0,2024-10,streetview
data/images/kyiv/50.458778_30.35922_h90.jpg,kyiv,50.458778,30.35922,90,2024-10,streetview
data/images/kyiv/50.458778_30.35922_h180.jpg,kyiv,50.458778,30.35922,180,2024-10,streetview
data/images/kyiv/50.458778_30.35922_h270.jpg,kyiv,50.458778,30.35922,270,2024-10,streetview
data/images/kyiv/50.507287_30.25256_h0.jpg,kyiv,50.507287,30.25256,0,2021-07,streetview
data/images/kyiv/50.507287_30.25256_h90.jpg,kyiv,50.507287,30.25256,90,2021-07,streetview
data/images/kyiv/50.507287_30.25256_h180.jpg,kyiv,50.507287,30.25256,180,2021-07,streetview
data/images/kyiv/50.507287_30.25256_h270.jpg,kyiv,50.507287,30.25256,270,2021-07,streetview
data/images/kyiv/50.294926_30.454988_h0.jpg,kyiv,50.294926,30.454988,0,2020-07,streetview
data/images/kyiv/50.294926_30.454988_h90.jpg,kyiv,50.294926,30.454988,90,2020-07,streetview
data/images/kyiv/50.294926_30.454988_h180.jpg,kyiv,50.294926,30.454988,180,2020-07,streetview
data/images/kyiv/50.294926_30.454988_h270.jpg,kyiv,50.294926,30.454988,270,2020-07,streetview
data/images/kyiv/50.45231_30.369362_h0.jpg,kyiv,50.45231,30.369362,0,2019-05,streetview
data/images/kyiv/50.45231_30.369362_h90.jpg,kyiv,50.45231,30.369362,90,2019-05,streetview
data/images/kyiv/50.45231_30.369362_h180.jpg,kyiv,50.45231,30.369362,180,2019-05,streetview
data/images/kyiv/50.45231_30.369362_h270.jpg,kyiv,50.45231,30.369362,270,2019-05,streetview
data/images/kyiv/50.38871_30.365805_h0.jpg,kyiv,50.38871,30.365805,0,2021-06,streetview
data/images/kyiv/50.38871_30.365805_h90.jpg,kyiv,50.38871,30.365805,90,2021-06,streetview
data/images/kyiv/50.38871_30.365805_h180.jpg,kyiv,50.38871,30.365805,180,2021-06,streetview
data/images/kyiv/50.38871_30.365805_h270.jpg,kyiv,50.38871,30.365805,270,2021-06,streetview
data/images/kyiv/50.519144_30.466184_h0.jpg,kyiv,50.519144,30.466184,0,2018-04,streetview
data/images/kyiv/50.519144_30.466184_h90.jpg,kyiv,50.519144,30.466184,90,2018-04,streetview
data/images/kyiv/50.519144_30.466184_h180.jpg,kyiv,50.519144,30.466184,180,2018-04,streetview
data/images/kyiv/50.519144_30.466184_h270.jpg,kyiv,50.519144,30.466184,270,2018-04,streetview
data/images/kyiv/50.400567_30.364146_h0.jpg,kyiv,50.400567,30.364146,0,2020-08,streetview
data/images/kyiv/50.400567_30.364146_h90.jpg,kyiv,50.400567,30.364146,90,2020-08,streetview
data/images/kyiv/50.400567_30.364146_h180.jpg,kyiv,50.400567,30.364146,180,2020-08,streetview
data/images/kyiv/50.400567_30.364146_h270.jpg,kyiv,50.400567,30.364146,270,2020-08,streetview
data/images/kyiv/50.328343_30.694919_h0.jpg,kyiv,50.328343,30.694919,0,2021-01,streetview
data/images/kyiv/50.328343_30.694919_h90.jpg,kyiv,50.328343,30.694919,90,2021-01,streetview
data/images/kyiv/50.328343_30.694919_h180.jpg,kyiv,50.328343,30.694919,180,2021-01,streetview
data/images/kyiv/50.328343_30.694919_h270.jpg,kyiv,50.328343,30.694919,270,2021-01,streetview
data/images/kyiv/50.440452_30.497966_h0.jpg,kyiv,50.440452,30.497966,0,2019-04,streetview
data/images/kyiv/50.440452_30.497966_h90.jpg,kyiv,50.440452,30.497966,90,2019-04,streetview
data/images/kyiv/50.440452_30.497966_h180.jpg,kyiv,50.440452,30.497966,180,2019-04,streetview
data/images/kyiv/50.440452_30.497966_h270.jpg,kyiv,50.440452,30.497966,270,2019-04,streetview
data/images/kyiv/50.402723_30.626293_h0.jpg,kyiv,50.402723,30.626293,0,2018-11,streetview
data/images/kyiv/50.402723_30.626293_h90.jpg,kyiv,50.402723,30.626293,90,2018-11,streetview
data/images/kyiv/50.402723_30.626293_h180.jpg,kyiv,50.402723,30.626293,180,2018-11,streetview
data/images/kyiv/50.402723_30.626293_h270.jpg,kyiv,50.402723,30.626293,270,2018-11,streetview
data/images/kyiv/50.453388_30.518353_h0.jpg,kyiv,50.453388,30.518353,0,2019-09,streetview
data/images/kyiv/50.453388_30.518353_h90.jpg,kyiv,50.453388,30.518353,90,2019-09,streetview
data/images/kyiv/50.453388_30.518353_h180.jpg,kyiv,50.453388,30.518353,180,2019-09,streetview
data/images/kyiv/50.453388_30.518353_h270.jpg,kyiv,50.453388,30.518353,270,2019-09,streetview
data/images/kyiv/50.430751_30.281306_h0.jpg,kyiv,50.430751,30.281306,0,2023-04,streetview
data/images/kyiv/50.430751_30.281306_h90.jpg,kyiv,50.430751,30.281306,90,2023-04,streetview
data/images/kyiv/50.430751_30.281306_h180.jpg,kyiv,50.430751,30.281306,180,2023-04,streetview
data/images/kyiv/50.430751_30.281306_h270.jpg,kyiv,50.430751,30.281306,270,2023-04,streetview
data/images/kyiv/50.46309_30.498089_h0.jpg,kyiv,50.46309,30.498089,0,2020-05,streetview
data/images/kyiv/50.46309_30.498089_h90.jpg,kyiv,50.46309,30.498089,90,2020-05,streetview
data/images/kyiv/50.46309_30.498089_h180.jpg,kyiv,50.46309,30.498089,180,2020-05,streetview
data/images/kyiv/50.46309_30.498089_h270.jpg,kyiv,50.46309,30.498089,270,2020-05,streetview
data/images/kyiv/50.459856_30.645387_h0.jpg,kyiv,50.459856,30.645387,0,2019-07,streetview
data/images/kyiv/50.459856_30.645387_h90.jpg,kyiv,50.459856,30.645387,90,2019-07,streetview
data/images/kyiv/50.459856_30.645387_h180.jpg,kyiv,50.459856,30.645387,180,2019-07,streetview
data/images/kyiv/50.459856_30.645387_h270.jpg,kyiv,50.459856,30.645387,270,2019-07,streetview
data/images/kyiv/50.439374_30.609668_h0.jpg,kyiv,50.439374,30.609668,0,2018-04,streetview
data/images/kyiv/50.439374_30.609668_h90.jpg,kyiv,50.439374,30.609668,90,2018-04,streetview
data/images/kyiv/50.439374_30.609668_h180.jpg,kyiv,50.439374,30.609668,180,2018-04,streetview
data/images/kyiv/50.439374_30.609668_h270.jpg,kyiv,50.439374,30.609668,270,2018-04,streetview
data/images/kyiv/50.389788_30.255908_h0.jpg,kyiv,50.389788,30.255908,0,2018-08,streetview
data/images/kyiv/50.389788_30.255908_h90.jpg,kyiv,50.389788,30.255908,90,2018-08,streetview
data/images/kyiv/50.389788_30.255908_h180.jpg,kyiv,50.389788,30.255908,180,2018-08,streetview
data/images/kyiv/50.389788_30.255908_h270.jpg,kyiv,50.389788,30.255908,270,2018-08,streetview
data/images/kyiv/50.482493_30.488031_h0.jpg,kyiv,50.482493,30.488031,0,2020-10,streetview
data/images/kyiv/50.482493_30.488031_h90.jpg,kyiv,50.482493,30.488031,90,2020-10,streetview
data/images/kyiv/50.482493_30.488031_h180.jpg,kyiv,50.482493,30.488031,180,2020-10,streetview
data/images/kyiv/50.482493_30.488031_h270.jpg,kyiv,50.482493,30.488031,270,2020-10,streetview
data/images/kyiv/50.412425_30.543485_h0.jpg,kyiv,50.412425,30.543485,0,2021-06,streetview
data/images/kyiv/50.412425_30.543485_h90.jpg,kyiv,50.412425,30.543485,90,2021-06,streetview
data/images/kyiv/50.412425_30.543485_h180.jpg,kyiv,50.412425,30.543485,180,2021-06,streetview
data/images/kyiv/50.412425_30.543485_h270.jpg,kyiv,50.412425,30.543485,270,2021-06,streetview
data/images/kyiv/50.459856_30.447273_h0.jpg,kyiv,50.459856,30.447273,0,2019-03,streetview
data/images/kyiv/50.459856_30.447273_h90.jpg,kyiv,50.459856,30.447273,90,2019-03,streetview
data/images/kyiv/50.459856_30.447273_h180.jpg,kyiv,50.459856,30.447273,180,2019-03,streetview
data/images/kyiv/50.459856_30.447273_h270.jpg,kyiv,50.459856,30.447273,270,2019-03,streetview
data/images/kyiv/50.490039_30.489765_h0.jpg,kyiv,50.490039,30.489765,0,2021-09,streetview
data/images/kyiv/50.490039_30.489765_h90.jpg,kyiv,50.490039,30.489765,90,2021-09,streetview
data/images/kyiv/50.490039_30.489765_h180.jpg,kyiv,50.490039,30.489765,180,2021-09,streetview
data/images/kyiv/50.490039_30.489765_h270.jpg,kyiv,50.490039,30.489765,270,2021-09,streetview
data/images/kyiv/50.429673_30.37776_h0.jpg,kyiv,50.429673,30.37776,0,2019-05,streetview
data/images/kyiv/50.429673_30.37776_h90.jpg,kyiv,50.429673,30.37776,90,2019-05,streetview
data/images/kyiv/50.429673_30.37776_h180.jpg,kyiv,50.429673,30.37776,180,2019-05,streetview
data/images/kyiv/50.429673_30.37776_h270.jpg,kyiv,50.429673,30.37776,270,2019-05,streetview
data/images/kyiv/50.504053_30.418656_h0.jpg,kyiv,50.504053,30.418656,0,2021-03,streetview
data/images/kyiv/50.504053_30.418656_h90.jpg,kyiv,50.504053,30.418656,90,2021-03,streetview
data/images/kyiv/50.504053_30.418656_h180.jpg,kyiv,50.504053,30.418656,180,2021-03,streetview
data/images/kyiv/50.504053_30.418656_h270.jpg,kyiv,50.504053,30.418656,270,2021-03,streetview
data/images/kyiv/50.471714_30.516767_h0.jpg,kyiv,50.471714,30.516767,0,2018-06,streetview
data/images/kyiv/50.471714_30.516767_h90.jpg,kyiv,50.471714,30.516767,90,2018-06,streetview
data/images/kyiv/50.471714_30.516767_h180.jpg,kyiv,50.471714,30.516767,180,2018-06,streetview
data/images/kyiv/50.471714_30.516767_h270.jpg,kyiv,50.471714,30.516767,270,2018-06,streetview
data/images/kyiv/50.480337_30.791248_h0.jpg,kyiv,50.480337,30.791248,0,2021-04,streetview
data/images/kyiv/50.480337_30.791248_h90.jpg,kyiv,50.480337,30.791248,90,2021-04,streetview
data/images/kyiv/50.480337_30.791248_h180.jpg,kyiv,50.480337,30.791248,180,2021-04,streetview
data/images/kyiv/50.480337_30.791248_h270.jpg,kyiv,50.480337,30.791248,270,2021-04,streetview
data/images/kyiv/50.569809_30.49019_h0.jpg,kyiv,50.569809,30.49019,0,2021-05,streetview
data/images/kyiv/50.569809_30.49019_h90.jpg,kyiv,50.569809,30.49019,90,2021-05,streetview
data/images/kyiv/50.569809_30.49019_h180.jpg,kyiv,50.569809,30.49019,180,2021-05,streetview
data/images/kyiv/50.569809_30.49019_h270.jpg,kyiv,50.569809,30.49019,270,2021-05,streetview
data/images/kyiv/50.445842_30.496302_h0.jpg,kyiv,50.445842,30.496302,0,2021-06,streetview
data/images/kyiv/50.445842_30.496302_h90.jpg,kyiv,50.445842,30.496302,90,2021-06,streetview
data/images/kyiv/50.445842_30.496302_h180.jpg,kyiv,50.445842,30.496302,180,2021-06,streetview
data/images/kyiv/50.445842_30.496302_h270.jpg,kyiv,50.445842,30.496302,270,2021-06,streetview
data/images/kyiv/50.385476_30.441875_h0.jpg,kyiv,50.385476,30.441875,0,2019-04,streetview
data/images/kyiv/50.385476_30.441875_h90.jpg,kyiv,50.385476,30.441875,90,2019-04,streetview
data/images/kyiv/50.385476_30.441875_h180.jpg,kyiv,50.385476,30.441875,180,2019-04,streetview
data/images/kyiv/50.385476_30.441875_h270.jpg,kyiv,50.385476,30.441875,270,2019-04,streetview
data/images/kyiv/50.397333_30.340463_h0.jpg,kyiv,50.397333,30.340463,0,2021-06,streetview
data/images/kyiv/50.397333_30.340463_h90.jpg,kyiv,50.397333,30.340463,90,2021-06,streetview
data/images/kyiv/50.397333_30.340463_h180.jpg,kyiv,50.397333,30.340463,180,2021-06,streetview
data/images/kyiv/50.397333_30.340463_h270.jpg,kyiv,50.397333,30.340463,270,2021-06,streetview
data/images/kyiv/50.444764_30.447207_h0.jpg,kyiv,50.444764,30.447207,0,2019-03,streetview
data/images/kyiv/50.444764_30.447207_h90.jpg,kyiv,50.444764,30.447207,90,2019-03,streetview
data/images/kyiv/50.444764_30.447207_h180.jpg,kyiv,50.444764,30.447207,180,2019-03,streetview
data/images/kyiv/50.444764_30.447207_h270.jpg,kyiv,50.444764,30.447207,270,2019-03,streetview
data/images/kyiv/50.38871_30.362424_h0.jpg,kyiv,50.38871,30.362424,0,2021-11,streetview
data/images/kyiv/50.38871_30.362424_h90.jpg,kyiv,50.38871,30.362424,90,2021-11,streetview
data/images/kyiv/50.38871_30.362424_h180.jpg,kyiv,50.38871,30.362424,180,2021-11,streetview
data/images/kyiv/50.38871_30.362424_h270.jpg,kyiv,50.38871,30.362424,270,2021-11,streetview
data/images/kyiv/50.395178_30.619468_h0.jpg,kyiv,50.395178,30.619468,0,2019-11,streetview
data/images/kyiv/50.395178_30.619468_h90.jpg,kyiv,50.395178,30.619468,90,2019-11,streetview
data/images/kyiv/50.395178_30.619468_h180.jpg,kyiv,50.395178,30.619468,180,2019-11,streetview
data/images/kyiv/50.395178_30.619468_h270.jpg,kyiv,50.395178,30.619468,270,2019-11,streetview
data/images/kyiv/50.216234_30.459685_h0.jpg,kyiv,50.216234,30.459685,0,2021-07,streetview
data/images/kyiv/50.216234_30.459685_h90.jpg,kyiv,50.216234,30.459685,90,2021-07,streetview
data/images/kyiv/50.216234_30.459685_h180.jpg,kyiv,50.216234,30.459685,180,2021-07,streetview
data/images/kyiv/50.216234_30.459685_h270.jpg,kyiv,50.216234,30.459685,270,2021-07,streetview
data/images/kyiv/50.447998_30.592807_h0.jpg,kyiv,50.447998,30.592807,0,2021-08,streetview
data/images/kyiv/50.447998_30.592807_h90.jpg,kyiv,50.447998,30.592807,90,2021-08,streetview
data/images/kyiv/50.447998_30.592807_h180.jpg,kyiv,50.447998,30.592807,180,2021-08,streetview
data/images/kyiv/50.447998_30.592807_h270.jpg,kyiv,50.447998,30.592807,270,2021-08,streetview
data/images/kyiv/50.556874_30.485031_h0.jpg,kyiv,50.556874,30.485031,0,2021-05,streetview
data/images/kyiv/50.556874_30.485031_h90.jpg,kyiv,50.556874,30.485031,90,2021-05,streetview
data/images/kyiv/50.556874_30.485031_h180.jpg,kyiv,50.556874,30.485031,180,2021-05,streetview
data/images/kyiv/50.556874_30.485031_h270.jpg,kyiv,50.556874,30.485031,270,2021-05,streetview
data/images/kyiv/50.385476_30.452018_h0.jpg,kyiv,50.385476,30.452018,0,2019-09,streetview
data/images/kyiv/50.385476_30.452018_h90.jpg,kyiv,50.385476,30.452018,90,2019-09,streetview
data/images/kyiv/50.385476_30.452018_h180.jpg,kyiv,50.385476,30.452018,180,2019-09,streetview
data/images/kyiv/50.385476_30.452018_h270.jpg,kyiv,50.385476,30.452018,270,2019-09,streetview
data/images/kyiv/50.412425_30.546868_h0.jpg,kyiv,50.412425,30.546868,0,2021-09,streetview
data/images/kyiv/50.412425_30.546868_h90.jpg,kyiv,50.412425,30.546868,90,2021-09,streetview
data/images/kyiv/50.412425_30.546868_h180.jpg,kyiv,50.412425,30.546868,180,2021-09,streetview
data/images/kyiv/50.412425_30.546868_h270.jpg,kyiv,50.412425,30.546868,270,2021-09,streetview
data/images/kyiv/50.400567_30.38444_h0.jpg,kyiv,50.400567,30.38444,0,2019-03,streetview
data/images/kyiv/50.400567_30.38444_h90.jpg,kyiv,50.400567,30.38444,90,2019-03,streetview
data/images/kyiv/50.400567_30.38444_h180.jpg,kyiv,50.400567,30.38444,180,2019-03,streetview
data/images/kyiv/50.400567_30.38444_h270.jpg,kyiv,50.400567,30.38444,270,2019-03,streetview
data/images/kyiv/50.411347_30.665269_h0.jpg,kyiv,50.411347,30.665269,0,2021-06,streetview
data/images/kyiv/50.411347_30.665269_h90.jpg,kyiv,50.411347,30.665269,90,2021-06,streetview
data/images/kyiv/50.411347_30.665269_h180.jpg,kyiv,50.411347,30.665269,180,2021-06,streetview
data/images/kyiv/50.411347_30.665269_h270.jpg,kyiv,50.411347,30.665269,270,2021-06,streetview
data/images/kyiv/50.511599_30.413599_h0.jpg,kyiv,50.511599,30.413599,0,2019-08,streetview
data/images/kyiv/50.511599_30.413599_h90.jpg,kyiv,50.511599,30.413599,90,2019-08,streetview
data/images/kyiv/50.511599_30.413599_h180.jpg,kyiv,50.511599,30.413599,180,2019-08,streetview
data/images/kyiv/50.511599_30.413599_h270.jpg,kyiv,50.511599,30.413599,270,2019-08,streetview
data/images/kyiv/50.352059_30.429906_h0.jpg,kyiv,50.352059,30.429906,0,2018-11,streetview
data/images/kyiv/50.352059_30.429906_h90.jpg,kyiv,50.352059,30.429906,90,2018-11,streetview
data/images/kyiv/50.352059_30.429906_h180.jpg,kyiv,50.352059,30.429906,180,2018-11,streetview
data/images/kyiv/50.352059_30.429906_h270.jpg,kyiv,50.352059,30.429906,270,2018-11,streetview
data/images/kyiv/50.428595_30.492824_h0.jpg,kyiv,50.428595,30.492824,0,2021-03,streetview
data/images/kyiv/50.428595_30.492824_h90.jpg,kyiv,50.428595,30.492824,90,2021-03,streetview
data/images/kyiv/50.428595_30.492824_h180.jpg,kyiv,50.428595,30.492824,180,2021-03,streetview
data/images/kyiv/50.428595_30.492824_h270.jpg,kyiv,50.428595,30.492824,270,2021-03,streetview
data/images/kyiv/50.382242_30.636269_h0.jpg,kyiv,50.382242,30.636269,0,2020-10,streetview
data/images/kyiv/50.382242_30.636269_h90.jpg,kyiv,50.382242,30.636269,90,2020-10,streetview
data/images/kyiv/50.382242_30.636269_h180.jpg,kyiv,50.382242,30.636269,180,2020-10,streetview
data/images/kyiv/50.382242_30.636269_h270.jpg,kyiv,50.382242,30.636269,270,2020-10,streetview
data/images/kyiv/50.433985_30.369311_h0.jpg,kyiv,50.433985,30.369311,0,2019-05,streetview
data/images/kyiv/50.433985_30.369311_h90.jpg,kyiv,50.433985,30.369311,90,2019-05,streetview
data/images/kyiv/50.433985_30.369311_h180.jpg,kyiv,50.433985,30.369311,180,2019-05,streetview
data/images/kyiv/50.433985_30.369311_h270.jpg,kyiv,50.433985,30.369311,270,2019-05,streetview
data/images/kyiv/50.382242_30.526386_h0.jpg,kyiv,50.382242,30.526386,0,2021-03,streetview
data/images/kyiv/50.382242_30.526386_h90.jpg,kyiv,50.382242,30.526386,90,2021-03,streetview
data/images/kyiv/50.382242_30.526386_h180.jpg,kyiv,50.382242,30.526386,180,2021-03,streetview
data/images/kyiv/50.382242_30.526386_h270.jpg,kyiv,50.382242,30.526386,270,2021-03,streetview
data/images/kyiv/50.512677_30.43564_h0.jpg,kyiv,50.512677,30.43564,0,2019-04,streetview
data/images/kyiv/50.512677_30.43564_h90.jpg,kyiv,50.512677,30.43564,90,2019-04,streetview
data/images/kyiv/50.512677_30.43564_h180.jpg,kyiv,50.512677,30.43564,180,2019-04,streetview
data/images/kyiv/50.512677_30.43564_h270.jpg,kyiv,50.512677,30.43564,270,2019-04,streetview
data/images/kyiv/50.250729_30.375553_h0.jpg,kyiv,50.250729,30.375553,0,2021-12,streetview
data/images/kyiv/50.250729_30.375553_h90.jpg,kyiv,50.250729,30.375553,90,2021-12,streetview
data/images/kyiv/50.250729_30.375553_h180.jpg,kyiv,50.250729,30.375553,180,2021-12,streetview
data/images/kyiv/50.250729_30.375553_h270.jpg,kyiv,50.250729,30.375553,270,2021-12,streetview
data/images/kyiv/50.513755_30.418692_h0.jpg,kyiv,50.513755,30.418692,0,2021-05,streetview
data/images/kyiv/50.513755_30.418692_h90.jpg,kyiv,50.513755,30.418692,90,2021-05,streetview
data/images/kyiv/50.513755_30.418692_h180.jpg,kyiv,50.513755,30.418692,180,2021-05,streetview
data/images/kyiv/50.513755_30.418692_h270.jpg,kyiv,50.513755,30.418692,270,2021-05,streetview
data/images/kyiv/50.551484_30.620728_h0.jpg,kyiv,50.551484,30.620728,0,2020-06,streetview
data/images/kyiv/50.551484_30.620728_h90.jpg,kyiv,50.551484,30.620728,90,2020-06,streetview
data/images/kyiv/50.551484_30.620728_h180.jpg,kyiv,50.551484,30.620728,180,2020-06,streetview
data/images/kyiv/50.551484_30.620728_h270.jpg,kyiv,50.551484,30.620728,270,2020-06,streetview
data/images/kyiv/50.248573_30.373861_h0.jpg,kyiv,50.248573,30.373861,0,2021-12,streetview
data/images/kyiv/50.248573_30.373861_h90.jpg,kyiv,50.248573,30.373861,90,2021-12,streetview
data/images/kyiv/50.248573_30.373861_h180.jpg,kyiv,50.248573,30.373861,180,2021-12,streetview
data/images/kyiv/50.248573_30.373861_h270.jpg,kyiv,50.248573,30.373861,270,2021-12,streetview
data/images/kyiv/50.46309_30.454061_h0.jpg,kyiv,50.46309,30.454061,0,2019-04,streetview
data/images/kyiv/50.46309_30.454061_h90.jpg,kyiv,50.46309,30.454061,90,2019-04,streetview
data/images/kyiv/50.46309_30.454061_h180.jpg,kyiv,50.46309,30.454061,180,2019-04,streetview
data/images/kyiv/50.46309_30.454061_h270.jpg,kyiv,50.46309,30.454061,270,2019-04,streetview
data/images/kyiv/50.46848_30.482877_h0.jpg,kyiv,50.46848,30.482877,0,2020-05,streetview
data/images/kyiv/50.46848_30.482877_h90.jpg,kyiv,50.46848,30.482877,90,2020-05,streetview
data/images/kyiv/50.46848_30.482877_h180.jpg,kyiv,50.46848,30.482877,180,2020-05,streetview
data/images/kyiv/50.46848_30.482877_h270.jpg,kyiv,50.46848,30.482877,270,2020-05,streetview
data/images/kyiv/50.353137_30.634336_h0.jpg,kyiv,50.353137,30.634336,0,2019-08,streetview
data/images/kyiv/50.353137_30.634336_h90.jpg,kyiv,50.353137,30.634336,90,2019-08,streetview
data/images/kyiv/50.353137_30.634336_h180.jpg,kyiv,50.353137,30.634336,180,2019-08,streetview
data/images/kyiv/50.353137_30.634336_h270.jpg,kyiv,50.353137,30.634336,270,2019-08,streetview
data/images/kyiv/50.464168_30.46592_h0.jpg,kyiv,50.464168,30.46592,0,2020-04,streetview
data/images/kyiv/50.464168_30.46592_h90.jpg,kyiv,50.464168,30.46592,90,2020-04,streetview
data/images/kyiv/50.464168_30.46592_h180.jpg,kyiv,50.464168,30.46592,180,2020-04,streetview
data/images/kyiv/50.464168_30.46592_h270.jpg,kyiv,50.464168,30.46592,270,2020-04,streetview
data/images/kyiv/50.576277_30.486829_h0.jpg,kyiv,50.576277,30.486829,0,2021-04,streetview
data/images/kyiv/50.576277_30.486829_h90.jpg,kyiv,50.576277,30.486829,90,2021-04,streetview
data/images/kyiv/50.576277_30.486829_h180.jpg,kyiv,50.576277,30.486829,180,2021-04,streetview
data/images/kyiv/50.576277_30.486829_h270.jpg,kyiv,50.576277,30.486829,270,2021-04,streetview
data/images/kyiv/50.37254_30.698724_h0.jpg,kyiv,50.37254,30.698724,0,2021-07,streetview
data/images/kyiv/50.37254_30.698724_h90.jpg,kyiv,50.37254,30.698724,90,2021-07,streetview
data/images/kyiv/50.37254_30.698724_h180.jpg,kyiv,50.37254,30.698724,180,2021-07,streetview
data/images/kyiv/50.37254_30.698724_h270.jpg,kyiv,50.37254,30.698724,270,2021-07,streetview
data/images/kyiv/50.470636_30.477807_h0.jpg,kyiv,50.470636,30.477807,0,2020-07,streetview
data/images/kyiv/50.470636_30.477807_h90.jpg,kyiv,50.470636,30.477807,90,2020-07,streetview
data/images/kyiv/50.470636_30.477807_h180.jpg,kyiv,50.470636,30.477807,180,2020-07,streetview
data/images/kyiv/50.470636_30.477807_h270.jpg,kyiv,50.470636,30.477807,270,2020-07,streetview
data/images/kyiv/50.427517_30.609575_h0.jpg,kyiv,50.427517,30.609575,0,2021-06,streetview
data/images/kyiv/50.427517_30.609575_h90.jpg,kyiv,50.427517,30.609575,90,2021-06,streetview
data/images/kyiv/50.427517_30.609575_h180.jpg,kyiv,50.427517,30.609575,180,2021-06,streetview
data/images/kyiv/50.427517_30.609575_h270.jpg,kyiv,50.427517,30.609575,270,2021-06,streetview
data/images/kyiv/50.413503_30.62469_h0.jpg,kyiv,50.413503,30.62469,0,2018-11,streetview
data/images/kyiv/50.413503_30.62469_h90.jpg,kyiv,50.413503,30.62469,90,2018-11,streetview
data/images/kyiv/50.413503_30.62469_h180.jpg,kyiv,50.413503,30.62469,180,2018-11,streetview
data/images/kyiv/50.413503_30.62469_h270.jpg,kyiv,50.413503,30.62469,270,2018-11,streetview
data/images/kyiv/50.45231_30.508189_h0.jpg,kyiv,50.45231,30.508189,0,2023-08,streetview
data/images/kyiv/50.45231_30.508189_h90.jpg,kyiv,50.45231,30.508189,90,2023-08,streetview
data/images/kyiv/50.45231_30.508189_h180.jpg,kyiv,50.45231,30.508189,180,2023-08,streetview
data/images/kyiv/50.45231_30.508189_h270.jpg,kyiv,50.45231,30.508189,270,2023-08,streetview
data/images/kyiv/50.433985_30.47593_h0.jpg,kyiv,50.433985,30.47593,0,2026-04,streetview
data/images/kyiv/50.433985_30.47593_h90.jpg,kyiv,50.433985,30.47593,90,2026-04,streetview
data/images/kyiv/50.433985_30.47593_h180.jpg,kyiv,50.433985,30.47593,180,2026-04,streetview
data/images/kyiv/50.433985_30.47593_h270.jpg,kyiv,50.433985,30.47593,270,2026-04,streetview
data/images/kyiv/50.499741_30.452533_h0.jpg,kyiv,50.499741,30.452533,0,2019-03,streetview
data/images/kyiv/50.499741_30.452533_h90.jpg,kyiv,50.499741,30.452533,90,2019-03,streetview
data/images/kyiv/50.499741_30.452533_h180.jpg,kyiv,50.499741,30.452533,180,2019-03,streetview
data/images/kyiv/50.499741_30.452533_h270.jpg,kyiv,50.499741,30.452533,270,2019-03,streetview
data/images/kyiv/50.290614_30.675998_h0.jpg,kyiv,50.290614,30.675998,0,2019-11,streetview
data/images/kyiv/50.290614_30.675998_h90.jpg,kyiv,50.290614,30.675998,90,2019-11,streetview
data/images/kyiv/50.290614_30.675998_h180.jpg,kyiv,50.290614,30.675998,180,2019-11,streetview
data/images/kyiv/50.290614_30.675998_h270.jpg,kyiv,50.290614,30.675998,270,2019-11,streetview
data/images/kyiv/50.585979_30.48688_h0.jpg,kyiv,50.585979,30.48688,0,2021-11,streetview
data/images/kyiv/50.585979_30.48688_h90.jpg,kyiv,50.585979,30.48688,90,2021-11,streetview
data/images/kyiv/50.585979_30.48688_h180.jpg,kyiv,50.585979,30.48688,180,2021-11,streetview
data/images/kyiv/50.585979_30.48688_h270.jpg,kyiv,50.585979,30.48688,270,2021-11,streetview
data/images/kyiv/50.427517_30.433594_h0.jpg,kyiv,50.427517,30.433594,0,2024-06,streetview
data/images/kyiv/50.427517_30.433594_h90.jpg,kyiv,50.427517,30.433594,90,2024-06,streetview
data/images/kyiv/50.427517_30.433594_h180.jpg,kyiv,50.427517,30.433594,180,2024-06,streetview
data/images/kyiv/50.427517_30.433594_h270.jpg,kyiv,50.427517,30.433594,270,2024-06,streetview
data/images/kyiv/50.508365_30.823781_h0.jpg,kyiv,50.508365,30.823781,0,2020-07,streetview
data/images/kyiv/50.508365_30.823781_h90.jpg,kyiv,50.508365,30.823781,90,2020-07,streetview
data/images/kyiv/50.508365_30.823781_h180.jpg,kyiv,50.508365,30.823781,180,2020-07,streetview
data/images/kyiv/50.508365_30.823781_h270.jpg,kyiv,50.508365,30.823781,270,2020-07,streetview
data/images/kyiv/50.46309_30.343991_h0.jpg,kyiv,50.46309,30.343991,0,2018-09,streetview
data/images/kyiv/50.46309_30.343991_h90.jpg,kyiv,50.46309,30.343991,90,2018-09,streetview
data/images/kyiv/50.46309_30.343991_h180.jpg,kyiv,50.46309,30.343991,180,2018-09,streetview
data/images/kyiv/50.46309_30.343991_h270.jpg,kyiv,50.46309,30.343991,270,2018-09,streetview
data/images/kyiv/50.538548_30.654545_h0.jpg,kyiv,50.538548,30.654545,0,2020-06,streetview
data/images/kyiv/50.538548_30.654545_h90.jpg,kyiv,50.538548,30.654545,90,2020-06,streetview
data/images/kyiv/50.538548_30.654545_h180.jpg,kyiv,50.538548,30.654545,180,2020-06,streetview
data/images/kyiv/50.538548_30.654545_h270.jpg,kyiv,50.538548,30.654545,270,2020-06,streetview
data/images/kyiv/50.466324_30.340611_h0.jpg,kyiv,50.466324,30.340611,0,2019-02,streetview
data/images/kyiv/50.466324_30.340611_h90.jpg,kyiv,50.466324,30.340611,90,2019-02,streetview
data/images/kyiv/50.466324_30.340611_h180.jpg,kyiv,50.466324,30.340611,180,2019-02,streetview
data/images/kyiv/50.466324_30.340611_h270.jpg,kyiv,50.466324,30.340611,270,2019-02,streetview
data/images/kyiv/50.445842_30.516616_h0.jpg,kyiv,50.445842,30.516616,0,2018-05,streetview
data/images/kyiv/50.445842_30.516616_h90.jpg,kyiv,50.445842,30.516616,90,2018-05,streetview
data/images/kyiv/50.445842_30.516616_h180.jpg,kyiv,50.445842,30.516616,180,2018-05,streetview
data/images/kyiv/50.445842_30.516616_h270.jpg,kyiv,50.445842,30.516616,270,2018-05,streetview
data/images/kyiv/50.536392_30.629086_h0.jpg,kyiv,50.536392,30.629086,0,2021-04,streetview
data/images/kyiv/50.536392_30.629086_h90.jpg,kyiv,50.536392,30.629086,90,2021-04,streetview
data/images/kyiv/50.536392_30.629086_h180.jpg,kyiv,50.536392,30.629086,180,2021-04,streetview
data/images/kyiv/50.536392_30.629086_h270.jpg,kyiv,50.536392,30.629086,270,2021-04,streetview
data/images/kyiv/50.321875_30.644206_h0.jpg,kyiv,50.321875,30.644206,0,2019-11,streetview
data/images/kyiv/50.321875_30.644206_h90.jpg,kyiv,50.321875,30.644206,90,2019-11,streetview
data/images/kyiv/50.321875_30.644206_h180.jpg,kyiv,50.321875,30.644206,180,2019-11,streetview
data/images/kyiv/50.321875_30.644206_h270.jpg,kyiv,50.321875,30.644206,270,2019-11,streetview
data/images/kyiv/50.454466_30.53529_h0.jpg,kyiv,50.454466,30.53529,0,2021-04,streetview
data/images/kyiv/50.454466_30.53529_h90.jpg,kyiv,50.454466,30.53529,90,2021-04,streetview
data/images/kyiv/50.454466_30.53529_h180.jpg,kyiv,50.454466,30.53529,180,2021-04,streetview
data/images/kyiv/50.454466_30.53529_h270.jpg,kyiv,50.454466,30.53529,270,2021-04,streetview
data/images/kyiv/50.423205_30.384509_h0.jpg,kyiv,50.423205,30.384509,0,2020-11,streetview
data/images/kyiv/50.423205_30.384509_h90.jpg,kyiv,50.423205,30.384509,90,2020-11,streetview
data/images/kyiv/50.423205_30.384509_h180.jpg,kyiv,50.423205,30.384509,180,2020-11,streetview
data/images/kyiv/50.423205_30.384509_h270.jpg,kyiv,50.423205,30.384509,270,2020-11,streetview
data/images/kyiv/50.413503_30.543492_h0.jpg,kyiv,50.413503,30.543492,0,2018-11,streetview
data/images/kyiv/50.413503_30.543492_h90.jpg,kyiv,50.413503,30.543492,90,2018-11,streetview
data/images/kyiv/50.413503_30.543492_h180.jpg,kyiv,50.413503,30.543492,180,2018-11,streetview
data/images/kyiv/50.413503_30.543492_h270.jpg,kyiv,50.413503,30.543492,270,2018-11,streetview
data/images/kyiv/50.528846_30.244087_h0.jpg,kyiv,50.528846,30.244087,0,2021-06,streetview
data/images/kyiv/50.528846_30.244087_h90.jpg,kyiv,50.528846,30.244087,90,2021-06,streetview
data/images/kyiv/50.528846_30.244087_h180.jpg,kyiv,50.528846,30.244087,180,2021-06,streetview
data/images/kyiv/50.528846_30.244087_h270.jpg,kyiv,50.528846,30.244087,270,2021-06,streetview
data/images/kyiv/50.584901_30.719469_h0.jpg,kyiv,50.584901,30.719469,0,2019-03,streetview
data/images/kyiv/50.584901_30.719469_h90.jpg,kyiv,50.584901,30.719469,90,2019-03,streetview
data/images/kyiv/50.584901_30.719469_h180.jpg,kyiv,50.584901,30.719469,180,2019-03,streetview
data/images/kyiv/50.584901_30.719469_h270.jpg,kyiv,50.584901,30.719469,270,2019-03,streetview
data/images/kyiv/50.555796_30.488418_h0.jpg,kyiv,50.555796,30.488418,0,2021-05,streetview
data/images/kyiv/50.555796_30.488418_h90.jpg,kyiv,50.555796,30.488418,90,2021-05,streetview
data/images/kyiv/50.555796_30.488418_h180.jpg,kyiv,50.555796,30.488418,180,2021-05,streetview
data/images/kyiv/50.555796_30.488418_h270.jpg,kyiv,50.555796,30.488418,270,2021-05,streetview
data/images/kyiv/50.43614_30.506404_h0.jpg,kyiv,50.43614,30.506404,0,2019-04,streetview
data/images/kyiv/50.43614_30.506404_h90.jpg,kyiv,50.43614,30.506404,90,2019-04,streetview
data/images/kyiv/50.43614_30.506404_h180.jpg,kyiv,50.43614,30.506404,180,2019-04,streetview
data/images/kyiv/50.43614_30.506404_h270.jpg,kyiv,50.43614,30.506404,270,2019-04,streetview
data/images/kyiv/50.53747_30.259353_h0.jpg,kyiv,50.53747,30.259353,0,2019-03,streetview
data/images/kyiv/50.53747_30.259353_h90.jpg,kyiv,50.53747,30.259353,90,2019-03,streetview
data/images/kyiv/50.53747_30.259353_h180.jpg,kyiv,50.53747,30.259353,180,2019-03,streetview
data/images/kyiv/50.53747_30.259353_h270.jpg,kyiv,50.53747,30.259353,270,2019-03,streetview
data/images/kyiv/50.427517_30.457284_h0.jpg,kyiv,50.427517,30.457284,0,2024-06,streetview
data/images/kyiv/50.427517_30.457284_h90.jpg,kyiv,50.427517,30.457284,90,2024-06,streetview
data/images/kyiv/50.427517_30.457284_h180.jpg,kyiv,50.427517,30.457284,180,2024-06,streetview
data/images/kyiv/50.427517_30.457284_h270.jpg,kyiv,50.427517,30.457284,270,2024-06,streetview
data/images/kyiv/50.512677_30.416993_h0.jpg,kyiv,50.512677,30.416993,0,2021-06,streetview
data/images/kyiv/50.512677_30.416993_h90.jpg,kyiv,50.512677,30.416993,90,2021-06,streetview
data/images/kyiv/50.512677_30.416993_h180.jpg,kyiv,50.512677,30.416993,180,2021-06,streetview
data/images/kyiv/50.512677_30.416993_h270.jpg,kyiv,50.512677,30.416993,270,2021-06,streetview
data/images/kyiv/50.496507_30.4271_h0.jpg,kyiv,50.496507,30.4271,0,2018-05,streetview
data/images/kyiv/50.496507_30.4271_h90.jpg,kyiv,50.496507,30.4271,90,2018-05,streetview
data/images/kyiv/50.496507_30.4271_h180.jpg,kyiv,50.496507,30.4271,180,2018-05,streetview
data/images/kyiv/50.496507_30.4271_h270.jpg,kyiv,50.496507,30.4271,270,2018-05,streetview
data/images/kyiv/50.53747_30.264441_h0.jpg,kyiv,50.53747,30.264441,0,2018-05,streetview
data/images/kyiv/50.53747_30.264441_h90.jpg,kyiv,50.53747,30.264441,90,2018-05,streetview
data/images/kyiv/50.53747_30.264441_h180.jpg,kyiv,50.53747,30.264441,180,2018-05,streetview
data/images/kyiv/50.53747_30.264441_h270.jpg,kyiv,50.53747,30.264441,270,2018-05,streetview
data/images/kyiv/50.411347_30.40308_h0.jpg,kyiv,50.411347,30.40308,0,2021-05,streetview
data/images/kyiv/50.411347_30.40308_h90.jpg,kyiv,50.411347,30.40308,90,2021-05,streetview
data/images/kyiv/50.411347_30.40308_h180.jpg,kyiv,50.411347,30.40308,180,2021-05,streetview
data/images/kyiv/50.411347_30.40308_h270.jpg,kyiv,50.411347,30.40308,270,2021-05,streetview
data/images/kyiv/50.428595_30.355759_h0.jpg,kyiv,50.428595,30.355759,0,2025-10,streetview
data/images/kyiv/50.428595_30.355759_h90.jpg,kyiv,50.428595,30.355759,90,2025-10,streetview
data/images/kyiv/50.428595_30.355759_h180.jpg,kyiv,50.428595,30.355759,180,2025-10,streetview
data/images/kyiv/50.428595_30.355759_h270.jpg,kyiv,50.428595,30.355759,270,2025-10,streetview
data/images/kyiv/50.556874_30.266148_h0.jpg,kyiv,50.556874,30.266148,0,2025-09,streetview
data/images/kyiv/50.556874_30.266148_h90.jpg,kyiv,50.556874,30.266148,90,2025-09,streetview
data/images/kyiv/50.556874_30.266148_h180.jpg,kyiv,50.556874,30.266148,180,2025-09,streetview
data/images/kyiv/50.556874_30.266148_h270.jpg,kyiv,50.556874,30.266148,270,2025-09,streetview
data/images/kyiv/50.477103_30.359267_h0.jpg,kyiv,50.477103,30.359267,0,2019-02,streetview
data/images/kyiv/50.477103_30.359267_h90.jpg,kyiv,50.477103,30.359267,90,2019-02,streetview
data/images/kyiv/50.477103_30.359267_h180.jpg,kyiv,50.477103,30.359267,180,2019-02,streetview
data/images/kyiv/50.477103_30.359267_h270.jpg,kyiv,50.477103,30.359267,270,2019-02,streetview
data/images/kyiv/50.358526_30.605657_h0.jpg,kyiv,50.358526,30.605657,0,2021-04,streetview
data/images/kyiv/50.358526_30.605657_h90.jpg,kyiv,50.358526,30.605657,90,2021-04,streetview
data/images/kyiv/50.358526_30.605657_h180.jpg,kyiv,50.358526,30.605657,180,2021-04,streetview
data/images/kyiv/50.358526_30.605657_h270.jpg,kyiv,50.358526,30.605657,270,2021-04,streetview
data/images/kyiv/50.506209_30.39324_h0.jpg,kyiv,50.506209,30.39324,0,2019-09,streetview
data/images/kyiv/50.506209_30.39324_h90.jpg,kyiv,50.506209,30.39324,90,2019-09,streetview
data/images/kyiv/50.506209_30.39324_h180.jpg,kyiv,50.506209,30.39324,180,2019-09,streetview
data/images/kyiv/50.506209_30.39324_h270.jpg,kyiv,50.506209,30.39324,270,2019-09,streetview
data/images/kyiv/50.509443_30.420371_h0.jpg,kyiv,50.509443,30.420371,0,2019-04,streetview
data/images/kyiv/50.509443_30.420371_h90.jpg,kyiv,50.509443,30.420371,90,2019-04,streetview
data/images/kyiv/50.509443_30.420371_h180.jpg,kyiv,50.509443,30.420371,180,2019-04,streetview
data/images/kyiv/50.509443_30.420371_h270.jpg,kyiv,50.509443,30.420371,270,2019-04,streetview
data/images/kyiv/50.44153_30.624918_h0.jpg,kyiv,50.44153,30.624918,0,2021-06,streetview
data/images/kyiv/50.44153_30.624918_h90.jpg,kyiv,50.44153,30.624918,90,2021-06,streetview
data/images/kyiv/50.44153_30.624918_h180.jpg,kyiv,50.44153,30.624918,180,2021-06,streetview
data/images/kyiv/50.44153_30.624918_h270.jpg,kyiv,50.44153,30.624918,270,2021-06,streetview
data/images/kyiv/50.408113_30.563755_h0.jpg,kyiv,50.408113,30.563755,0,2019-09,streetview
data/images/kyiv/50.408113_30.563755_h90.jpg,kyiv,50.408113,30.563755,90,2019-09,streetview
data/images/kyiv/50.408113_30.563755_h180.jpg,kyiv,50.408113,30.563755,180,2019-09,streetview
data/images/kyiv/50.408113_30.563755_h270.jpg,kyiv,50.408113,30.563755,270,2019-09,streetview
data/images/kyiv/50.512677_30.496666_h0.jpg,kyiv,50.512677,30.496666,0,2024-05,streetview
data/images/kyiv/50.512677_30.496666_h90.jpg,kyiv,50.512677,30.496666,90,2024-05,streetview
data/images/kyiv/50.512677_30.496666_h180.jpg,kyiv,50.512677,30.496666,180,2024-05,streetview
data/images/kyiv/50.512677_30.496666_h270.jpg,kyiv,50.512677,30.496666,270,2024-05,streetview
data/images/kyiv/50.426439_30.536807_h0.jpg,kyiv,50.426439,30.536807,0,2019-09,streetview
data/images/kyiv/50.426439_30.536807_h90.jpg,kyiv,50.426439,30.536807,90,2019-09,streetview
data/images/kyiv/50.426439_30.536807_h180.jpg,kyiv,50.426439,30.536807,180,2019-09,streetview
data/images/kyiv/50.426439_30.536807_h270.jpg,kyiv,50.426439,30.536807,270,2019-09,streetview
data/images/kyiv/50.466324_30.487946_h0.jpg,kyiv,50.466324,30.487946,0,2021-11,streetview
data/images/kyiv/50.466324_30.487946_h90.jpg,kyiv,50.466324,30.487946,90,2021-11,streetview
data/images/kyiv/50.466324_30.487946_h180.jpg,kyiv,50.466324,30.487946,180,2021-11,streetview
data/images/kyiv/50.466324_30.487946_h270.jpg,kyiv,50.466324,30.487946,270,2021-11,streetview
data/images/kyiv/50.481415_30.408405_h0.jpg,kyiv,50.481415,30.408405,0,2021-05,streetview
data/images/kyiv/50.481415_30.408405_h90.jpg,kyiv,50.481415,30.408405,90,2021-05,streetview
data/images/kyiv/50.481415_30.408405_h180.jpg,kyiv,50.481415,30.408405,180,2021-05,streetview
data/images/kyiv/50.481415_30.408405_h270.jpg,kyiv,50.481415,30.408405,270,2021-05,streetview
data/images/kyiv/50.497585_30.357624_h0.jpg,kyiv,50.497585,30.357624,0,2018-10,streetview
data/images/kyiv/50.497585_30.357624_h90.jpg,kyiv,50.497585,30.357624,90,2018-10,streetview
data/images/kyiv/50.497585_30.357624_h180.jpg,kyiv,50.497585,30.357624,180,2018-10,streetview
data/images/kyiv/50.497585_30.357624_h270.jpg,kyiv,50.497585,30.357624,270,2018-10,streetview
data/images/kyiv/50.451232_30.503103_h0.jpg,kyiv,50.451232,30.503103,0,2021-12,streetview
data/images/kyiv/50.451232_30.503103_h90.jpg,kyiv,50.451232,30.503103,90,2021-12,streetview
data/images/kyiv/50.451232_30.503103_h180.jpg,kyiv,50.451232,30.503103,180,2021-12,streetview
data/images/kyiv/50.451232_30.503103_h270.jpg,kyiv,50.451232,30.503103,270,2021-12,streetview
data/images/kyiv/50.382242_30.458766_h0.jpg,kyiv,50.382242,30.458766,0,2018-07,streetview
data/images/kyiv/50.382242_30.458766_h90.jpg,kyiv,50.382242,30.458766,90,2018-07,streetview
data/images/kyiv/50.382242_30.458766_h180.jpg,kyiv,50.382242,30.458766,180,2018-07,streetview
data/images/kyiv/50.382242_30.458766_h270.jpg,kyiv,50.382242,30.458766,270,2018-07,streetview
data/images/kyiv/50.422127_30.645063_h0.jpg,kyiv,50.422127,30.645063,0,2018-08,streetview
data/images/kyiv/50.422127_30.645063_h90.jpg,kyiv,50.422127,30.645063,90,2018-08,streetview
data/images/kyiv/50.422127_30.645063_h180.jpg,kyiv,50.422127,30.645063,180,2018-08,streetview
data/images/kyiv/50.422127_30.645063_h270.jpg,kyiv,50.422127,30.645063,270,2018-08,streetview
data/images/kyiv/50.554718_30.532526_h0.jpg,kyiv,50.554718,30.532526,0,2019-09,streetview
data/images/kyiv/50.554718_30.532526_h90.jpg,kyiv,50.554718,30.532526,90,2019-09,streetview
data/images/kyiv/50.554718_30.532526_h180.jpg,kyiv,50.554718,30.532526,180,2019-09,streetview
data/images/kyiv/50.554718_30.532526_h270.jpg,kyiv,50.554718,30.532526,270,2019-09,streetview
data/images/kyiv/50.397333_30.599193_h0.jpg,kyiv,50.397333,30.599193,0,2023-09,streetview
data/images/kyiv/50.397333_30.599193_h90.jpg,kyiv,50.397333,30.599193,90,2023-09,streetview
data/images/kyiv/50.397333_30.599193_h180.jpg,kyiv,50.397333,30.599193,180,2023-09,streetview
data/images/kyiv/50.397333_30.599193_h270.jpg,kyiv,50.397333,30.599193,270,2023-09,streetview
data/images/kyiv/50.389788_30.490926_h0.jpg,kyiv,50.389788,30.490926,0,2019-10,streetview
data/images/kyiv/50.389788_30.490926_h90.jpg,kyiv,50.389788,30.490926,90,2019-10,streetview
data/images/kyiv/50.389788_30.490926_h180.jpg,kyiv,50.389788,30.490926,180,2019-10,streetview
data/images/kyiv/50.389788_30.490926_h270.jpg,kyiv,50.389788,30.490926,270,2019-10,streetview
data/images/kyiv/50.333733_30.35046_h0.jpg,kyiv,50.333733,30.35046,0,2018-07,streetview
data/images/kyiv/50.333733_30.35046_h90.jpg,kyiv,50.333733,30.35046,90,2018-07,streetview
data/images/kyiv/50.333733_30.35046_h180.jpg,kyiv,50.333733,30.35046,180,2018-07,streetview
data/images/kyiv/50.333733_30.35046_h270.jpg,kyiv,50.333733,30.35046,270,2018-07,streetview
data/images/kyiv/50.490039_30.53043_h0.jpg,kyiv,50.490039,30.53043,0,2019-07,streetview
data/images/kyiv/50.490039_30.53043_h90.jpg,kyiv,50.490039,30.53043,90,2019-07,streetview
data/images/kyiv/50.490039_30.53043_h180.jpg,kyiv,50.490039,30.53043,180,2019-07,streetview
data/images/kyiv/50.490039_30.53043_h270.jpg,kyiv,50.490039,30.53043,270,2019-07,streetview
data/images/kyiv/50.233481_30.795125_h0.jpg,kyiv,50.233481,30.795125,0,2021-05,streetview
data/images/kyiv/50.233481_30.795125_h90.jpg,kyiv,50.233481,30.795125,90,2021-05,streetview
data/images/kyiv/50.233481_30.795125_h180.jpg,kyiv,50.233481,30.795125,180,2021-05,streetview
data/images/kyiv/50.233481_30.795125_h270.jpg,kyiv,50.233481,30.795125,270,2021-05,streetview
data/images/kyiv/50.414581_30.543499_h0.jpg,kyiv,50.414581,30.543499,0,2024-07,streetview
data/images/kyiv/50.414581_30.543499_h90.jpg,kyiv,50.414581,30.543499,90,2024-07,streetview
data/images/kyiv/50.414581_30.543499_h180.jpg,kyiv,50.414581,30.543499,180,2024-07,streetview
data/images/kyiv/50.414581_30.543499_h270.jpg,kyiv,50.414581,30.543499,270,2024-07,streetview
data/images/kyiv/50.459856_30.399862_h0.jpg,kyiv,50.459856,30.399862,0,2024-06,streetview
data/images/kyiv/50.459856_30.399862_h90.jpg,kyiv,50.459856,30.399862,90,2024-06,streetview
data/images/kyiv/50.459856_30.399862_h180.jpg,kyiv,50.459856,30.399862,180,2024-06,streetview
data/images/kyiv/50.459856_30.399862_h270.jpg,kyiv,50.459856,30.399862,270,2024-06,streetview
data/images/kyiv/50.499741_30.366103_h0.jpg,kyiv,50.499741,30.366103,0,2018-08,streetview
data/images/kyiv/50.499741_30.366103_h90.jpg,kyiv,50.499741,30.366103,90,2018-08,streetview
data/images/kyiv/50.499741_30.366103_h180.jpg,kyiv,50.499741,30.366103,180,2018-08,streetview
data/images/kyiv/50.499741_30.366103_h270.jpg,kyiv,50.499741,30.366103,270,2018-08,streetview
data/images/kyiv/50.472792_30.455799_h0.jpg,kyiv,50.472792,30.455799,0,2021-08,streetview
data/images/kyiv/50.472792_30.455799_h90.jpg,kyiv,50.472792,30.455799,90,2021-08,streetview
data/images/kyiv/50.472792_30.455799_h180.jpg,kyiv,50.472792,30.455799,180,2021-08,streetview
data/images/kyiv/50.472792_30.455799_h270.jpg,kyiv,50.472792,30.455799,270,2021-08,streetview
data/images/kyiv/50.216234_30.244054_h0.jpg,kyiv,50.216234,30.244054,0,2019-06,streetview
data/images/kyiv/50.216234_30.244054_h90.jpg,kyiv,50.216234,30.244054,90,2019-06,streetview
data/images/kyiv/50.216234_30.244054_h180.jpg,kyiv,50.216234,30.244054,180,2019-06,streetview
data/images/kyiv/50.216234_30.244054_h270.jpg,kyiv,50.216234,30.244054,270,2019-06,streetview
data/images/kyiv/50.36715_30.705432_h0.jpg,kyiv,50.36715,30.705432,0,2021-10,streetview
data/images/kyiv/50.36715_30.705432_h90.jpg,kyiv,50.36715,30.705432,90,2021-10,streetview
data/images/kyiv/50.36715_30.705432_h180.jpg,kyiv,50.36715,30.705432,180,2021-10,streetview
data/images/kyiv/50.36715_30.705432_h270.jpg,kyiv,50.36715,30.705432,270,2021-10,streetview
data/images/kyiv/50.430751_30.455607_h0.jpg,kyiv,50.430751,30.455607,0,2024-06,streetview
data/images/kyiv/50.430751_30.455607_h90.jpg,kyiv,50.430751,30.455607,90,2024-06,streetview
data/images/kyiv/50.430751_30.455607_h180.jpg,kyiv,50.430751,30.455607,180,2024-06,streetview
data/images/kyiv/50.430751_30.455607_h270.jpg,kyiv,50.430751,30.455607,270,2024-06,streetview
data/images/kyiv/50.497585_30.440661_h0.jpg,kyiv,50.497585,30.440661,0,2019-04,streetview
data/images/kyiv/50.497585_30.440661_h90.jpg,kyiv,50.497585,30.440661,90,2019-04,streetview
data/images/kyiv/50.497585_30.440661_h180.jpg,kyiv,50.497585,30.440661,180,2019-04,streetview
data/images/kyiv/50.497585_30.440661_h270.jpg,kyiv,50.497585,30.440661,270,2019-04,streetview
data/images/kyiv/50.369306_30.384344_h0.jpg,kyiv,50.369306,30.384344,0,2018-01,streetview
data/images/kyiv/50.369306_30.384344_h90.jpg,kyiv,50.369306,30.384344,90,2018-01,streetview
data/images/kyiv/50.369306_30.384344_h180.jpg,kyiv,50.369306,30.384344,180,2018-01,streetview
data/images/kyiv/50.369306_30.384344_h270.jpg,kyiv,50.369306,30.384344,270,2018-01,streetview
data/images/kyiv/50.498663_30.423719_h0.jpg,kyiv,50.498663,30.423719,0,2026-04,streetview
data/images/kyiv/50.498663_30.423719_h90.jpg,kyiv,50.498663,30.423719,90,2026-04,streetview
data/images/kyiv/50.498663_30.423719_h180.jpg,kyiv,50.498663,30.423719,180,2026-04,streetview
data/images/kyiv/50.498663_30.423719_h270.jpg,kyiv,50.498663,30.423719,270,2026-04,streetview
data/images/kyiv/50.484649_30.547339_h0.jpg,kyiv,50.484649,30.547339,0,2021-08,streetview
data/images/kyiv/50.484649_30.547339_h90.jpg,kyiv,50.484649,30.547339,90,2021-08,streetview
data/images/kyiv/50.484649_30.547339_h180.jpg,kyiv,50.484649,30.547339,180,2021-08,streetview
data/images/kyiv/50.484649_30.547339_h270.jpg,kyiv,50.484649,30.547339,270,2021-08,streetview
data/images/kyiv/50.389788_30.463873_h0.jpg,kyiv,50.389788,30.463873,0,2019-09,streetview
data/images/kyiv/50.389788_30.463873_h90.jpg,kyiv,50.389788,30.463873,90,2019-09,streetview
data/images/kyiv/50.389788_30.463873_h180.jpg,kyiv,50.389788,30.463873,180,2019-09,streetview
data/images/kyiv/50.389788_30.463873_h270.jpg,kyiv,50.389788,30.463873,270,2019-09,streetview
data/images/kyiv/50.578433_30.486841_h0.jpg,kyiv,50.578433,30.486841,0,2021-08,streetview
data/images/kyiv/50.578433_30.486841_h90.jpg,kyiv,50.578433,30.486841,90,2021-08,streetview
data/images/kyiv/50.578433_30.486841_h180.jpg,kyiv,50.578433,30.486841,180,2021-08,streetview
data/images/kyiv/50.578433_30.486841_h270.jpg,kyiv,50.578433,30.486841,270,2021-08,streetview
data/images/kyiv/50.504053_30.422045_h0.jpg,kyiv,50.504053,30.422045,0,2020-08,streetview
data/images/kyiv/50.504053_30.422045_h90.jpg,kyiv,50.504053,30.422045,90,2020-08,streetview
data/images/kyiv/50.504053_30.422045_h180.jpg,kyiv,50.504053,30.422045,180,2020-08,streetview
data/images/kyiv/50.504053_30.422045_h270.jpg,kyiv,50.504053,30.422045,270,2020-08,streetview
data/images/kyiv/50.442608_30.288087_h0.jpg,kyiv,50.442608,30.288087,0,2020-09,streetview
data/images/kyiv/50.442608_30.288087_h90.jpg,kyiv,50.442608,30.288087,90,2020-09,streetview
data/images/kyiv/50.442608_30.288087_h180.jpg,kyiv,50.442608,30.288087,180,2020-09,streetview
data/images/kyiv/50.442608_30.288087_h270.jpg,kyiv,50.442608,30.288087,270,2020-09,streetview
data/images/kyiv/50.413503_30.37433_h0.jpg,kyiv,50.413503,30.37433,0,2021-11,streetview
data/images/kyiv/50.413503_30.37433_h90.jpg,kyiv,50.413503,30.37433,90,2021-11,streetview
data/images/kyiv/50.413503_30.37433_h180.jpg,kyiv,50.413503,30.37433,180,2021-11,streetview
data/images/kyiv/50.413503_30.37433_h270.jpg,kyiv,50.413503,30.37433,270,2021-11,streetview
data/images/kyiv/50.428595_30.457289_h0.jpg,kyiv,50.428595,30.457289,0,2024-06,streetview
data/images/kyiv/50.428595_30.457289_h90.jpg,kyiv,50.428595,30.457289,90,2024-06,streetview
data/images/kyiv/50.428595_30.457289_h180.jpg,kyiv,50.428595,30.457289,180,2024-06,streetview
data/images/kyiv/50.428595_30.457289_h270.jpg,kyiv,50.428595,30.457289,270,2024-06,streetview
data/images/kyiv/50.401645_30.514665_h0.jpg,kyiv,50.401645,30.514665,0,2021-07,streetview
data/images/kyiv/50.401645_30.514665_h90.jpg,kyiv,50.401645,30.514665,90,2021-07,streetview
data/images/kyiv/50.401645_30.514665_h180.jpg,kyiv,50.401645,30.514665,180,2021-07,streetview
data/images/kyiv/50.401645_30.514665_h270.jpg,kyiv,50.401645,30.514665,270,2021-07,streetview
data/images/kyiv/50.409191_30.41153_h0.jpg,kyiv,50.409191,30.41153,0,2019-03,streetview
data/images/kyiv/50.409191_30.41153_h90.jpg,kyiv,50.409191,30.41153,90,2019-03,streetview
data/images/kyiv/50.409191_30.41153_h180.jpg,kyiv,50.409191,30.41153,180,2019-03,streetview
data/images/kyiv/50.409191_30.41153_h270.jpg,kyiv,50.409191,30.41153,270,2019-03,streetview
data/images/kyiv/50.419971_30.536766_h0.jpg,kyiv,50.419971,30.536766,0,2019-10,streetview
data/images/kyiv/50.419971_30.536766_h90.jpg,kyiv,50.419971,30.536766,90,2019-10,streetview
data/images/kyiv/50.419971_30.536766_h180.jpg,kyiv,50.419971,30.536766,180,2019-10,streetview
data/images/kyiv/50.419971_30.536766_h270.jpg,kyiv,50.419971,30.536766,270,2019-10,streetview
data/images/kyiv/50.458778_30.398165_h0.jpg,kyiv,50.458778,30.398165,0,2021-09,streetview
data/images/kyiv/50.458778_30.398165_h90.jpg,kyiv,50.458778,30.398165,90,2021-09,streetview
data/images/kyiv/50.458778_30.398165_h180.jpg,kyiv,50.458778,30.398165,180,2021-09,streetview
data/images/kyiv/50.458778_30.398165_h270.jpg,kyiv,50.458778,30.398165,270,2021-09,streetview
data/images/kyiv/50.380086_30.430019_h0.jpg,kyiv,50.380086,30.430019,0,2019-09,streetview
data/images/kyiv/50.380086_30.430019_h90.jpg,kyiv,50.380086,30.430019,90,2019-09,streetview
data/images/kyiv/50.380086_30.430019_h180.jpg,kyiv,50.380086,30.430019,180,2019-09,streetview
data/images/kyiv/50.380086_30.430019_h270.jpg,kyiv,50.380086,30.430019,270,2019-09,streetview
data/images/kyiv/50.421049_30.65013_h0.jpg,kyiv,50.421049,30.65013,0,2021-07,streetview
data/images/kyiv/50.421049_30.65013_h90.jpg,kyiv,50.421049,30.65013,90,2021-07,streetview
data/images/kyiv/50.421049_30.65013_h180.jpg,kyiv,50.421049,30.65013,180,2021-07,streetview
data/images/kyiv/50.421049_30.65013_h270.jpg,kyiv,50.421049,30.65013,270,2021-07,streetview
data/images/kyiv/50.449076_30.589429_h0.jpg,kyiv,50.449076,30.589429,0,2020-02,streetview
data/images/kyiv/50.449076_30.589429_h90.jpg,kyiv,50.449076,30.589429,90,2020-02,streetview
data/images/kyiv/50.449076_30.589429_h180.jpg,kyiv,50.449076,30.589429,180,2020-02,streetview
data/images/kyiv/50.449076_30.589429_h270.jpg,kyiv,50.449076,30.589429,270,2020-02,streetview
data/images/kyiv/50.387632_30.604191_h0.jpg,kyiv,50.387632,30.604191,0,2020-06,streetview
data/images/kyiv/50.387632_30.604191_h90.jpg,kyiv,50.387632,30.604191,90,2020-06,streetview
data/images/kyiv/50.387632_30.604191_h180.jpg,kyiv,50.387632,30.604191,180,2020-06,streetview
data/images/kyiv/50.387632_30.604191_h270.jpg,kyiv,50.387632,30.604191,270,2020-06,streetview
data/images/kyiv/50.390866_30.372574_h0.jpg,kyiv,50.390866,30.372574,0,2019-11,streetview
data/images/kyiv/50.390866_30.372574_h90.jpg,kyiv,50.390866,30.372574,90,2019-11,streetview
data/images/kyiv/50.390866_30.372574_h180.jpg,kyiv,50.390866,30.372574,180,2019-11,streetview
data/images/kyiv/50.390866_30.372574_h270.jpg,kyiv,50.390866,30.372574,270,2019-11,streetview
data/images/kyiv/50.390866_30.386101_h0.jpg,kyiv,50.390866,30.386101,0,2025-03,streetview
data/images/kyiv/50.390866_30.386101_h90.jpg,kyiv,50.390866,30.386101,90,2025-03,streetview
data/images/kyiv/50.390866_30.386101_h180.jpg,kyiv,50.390866,30.386101,180,2025-03,streetview
data/images/kyiv/50.390866_30.386101_h270.jpg,kyiv,50.390866,30.386101,270,2025-03,streetview
data/images/kyiv/50.497585_30.576232_h0.jpg,kyiv,50.497585,30.576232,0,2021-09,streetview
data/images/kyiv/50.497585_30.576232_h90.jpg,kyiv,50.497585,30.576232,90,2021-09,streetview
data/images/kyiv/50.497585_30.576232_h180.jpg,kyiv,50.497585,30.576232,180,2021-09,streetview
data/images/kyiv/50.497585_30.576232_h270.jpg,kyiv,50.497585,30.576232,270,2021-09,streetview
data/images/kyiv/50.396255_30.468977_h0.jpg,kyiv,50.396255,30.468977,0,2018-11,streetview
data/images/kyiv/50.396255_30.468977_h90.jpg,kyiv,50.396255,30.468977,90,2018-11,streetview
data/images/kyiv/50.396255_30.468977_h180.jpg,kyiv,50.396255,30.468977,180,2018-11,streetview
data/images/kyiv/50.396255_30.468977_h270.jpg,kyiv,50.396255,30.468977,270,2018-11,streetview
data/images/kyiv/50.454466_30.374447_h0.jpg,kyiv,50.454466,30.374447,0,2019-05,streetview
data/images/kyiv/50.454466_30.374447_h90.jpg,kyiv,50.454466,30.374447,90,2019-05,streetview
data/images/kyiv/50.454466_30.374447_h180.jpg,kyiv,50.454466,30.374447,180,2019-05,streetview
data/images/kyiv/50.454466_30.374447_h270.jpg,kyiv,50.454466,30.374447,270,2019-05,streetview
data/images/kyiv/50.577355_30.66677_h0.jpg,kyiv,50.577355,30.66677,0,2019-03,streetview
data/images/kyiv/50.577355_30.66677_h90.jpg,kyiv,50.577355,30.66677,90,2019-03,streetview
data/images/kyiv/50.577355_30.66677_h180.jpg,kyiv,50.577355,30.66677,180,2019-03,streetview
data/images/kyiv/50.577355_30.66677_h270.jpg,kyiv,50.577355,30.66677,270,2019-03,streetview
data/images/kyiv/50.432907_30.547001_h0.jpg,kyiv,50.432907,30.547001,0,2021-01,streetview
data/images/kyiv/50.432907_30.547001_h90.jpg,kyiv,50.432907,30.547001,90,2021-01,streetview
data/images/kyiv/50.432907_30.547001_h180.jpg,kyiv,50.432907,30.547001,180,2021-01,streetview
data/images/kyiv/50.432907_30.547001_h270.jpg,kyiv,50.432907,30.547001,270,2021-01,streetview
data/images/kyiv/50.504053_30.591532_h0.jpg,kyiv,50.504053,30.591532,0,2021-01,streetview
data/images/kyiv/50.504053_30.591532_h90.jpg,kyiv,50.504053,30.591532,90,2021-01,streetview
data/images/kyiv/50.504053_30.591532_h180.jpg,kyiv,50.504053,30.591532,180,2021-01,streetview
data/images/kyiv/50.504053_30.591532_h270.jpg,kyiv,50.504053,30.591532,270,2021-01,streetview
data/images/kyiv/50.561185_30.693774_h0.jpg,kyiv,50.561185,30.693774,0,2019-07,streetview
data/images/kyiv/50.561185_30.693774_h90.jpg,kyiv,50.561185,30.693774,90,2019-07,streetview
data/images/kyiv/50.561185_30.693774_h180.jpg,kyiv,50.561185,30.693774,180,2019-07,streetview
data/images/kyiv/50.561185_30.693774_h270.jpg,kyiv,50.561185,30.693774,270,2019-07,streetview
data/images/kyiv/50.335889_30.750724_h0.jpg,kyiv,50.335889,30.750724,0,2020-08,streetview
data/images/kyiv/50.335889_30.750724_h90.jpg,kyiv,50.335889,30.750724,90,2020-08,streetview
data/images/kyiv/50.335889_30.750724_h180.jpg,kyiv,50.335889,30.750724,180,2020-08,streetview
data/images/kyiv/50.335889_30.750724_h270.jpg,kyiv,50.335889,30.750724,270,2020-08,streetview
data/images/kyiv/50.390866_30.257599_h0.jpg,kyiv,50.390866,30.257599,0,2018-08,streetview
data/images/kyiv/50.390866_30.257599_h90.jpg,kyiv,50.390866,30.257599,90,2018-08,streetview
data/images/kyiv/50.390866_30.257599_h180.jpg,kyiv,50.390866,30.257599,180,2018-08,streetview
data/images/kyiv/50.390866_30.257599_h270.jpg,kyiv,50.390866,30.257599,270,2018-08,streetview
data/images/kyiv/50.442608_30.514904_h0.jpg,kyiv,50.442608,30.514904,0,2020-01,streetview
data/images/kyiv/50.442608_30.514904_h90.jpg,kyiv,50.442608,30.514904,90,2020-01,streetview
data/images/kyiv/50.442608_30.514904_h180.jpg,kyiv,50.442608,30.514904,180,2020-01,streetview
data/images/kyiv/50.442608_30.514904_h270.jpg,kyiv,50.442608,30.514904,270,2020-01,streetview
data/images/kyiv/50.261509_30.556009_h0.jpg,kyiv,50.261509,30.556009,0,2024-09,streetview
data/images/kyiv/50.261509_30.556009_h90.jpg,kyiv,50.261509,30.556009,90,2024-09,streetview
data/images/kyiv/50.261509_30.556009_h180.jpg,kyiv,50.261509,30.556009,180,2024-09,streetview
data/images/kyiv/50.261509_30.556009_h270.jpg,kyiv,50.261509,30.556009,270,2024-09,streetview
data/images/kyiv/50.437218_30.357473_h0.jpg,kyiv,50.437218,30.357473,0,2019-04,streetview
data/images/kyiv/50.437218_30.357473_h90.jpg,kyiv,50.437218,30.357473,90,2019-04,streetview
data/images/kyiv/50.437218_30.357473_h180.jpg,kyiv,50.437218,30.357473,180,2019-04,streetview
data/images/kyiv/50.437218_30.357473_h270.jpg,kyiv,50.437218,30.357473,270,2019-04,streetview
data/images/kyiv/50.376852_30.524663_h0.jpg,kyiv,50.376852,30.524663,0,2021-05,streetview
data/images/kyiv/50.376852_30.524663_h90.jpg,kyiv,50.376852,30.524663,90,2021-05,streetview
data/images/kyiv/50.376852_30.524663_h180.jpg,kyiv,50.376852,30.524663,180,2021-05,streetview
data/images/kyiv/50.376852_30.524663_h270.jpg,kyiv,50.376852,30.524663,270,2021-05,streetview
data/images/kyiv/50.300316_30.669336_h0.jpg,kyiv,50.300316,30.669336,0,2019-11,streetview
data/images/kyiv/50.300316_30.669336_h90.jpg,kyiv,50.300316,30.669336,90,2019-11,streetview
data/images/kyiv/50.300316_30.669336_h180.jpg,kyiv,50.300316,30.669336,180,2019-11,streetview
data/images/kyiv/50.300316_30.669336_h270.jpg,kyiv,50.300316,30.669336,270,2019-11,streetview
data/images/kyiv/50.35637_30.678292_h0.jpg,kyiv,50.35637,30.678292,0,2021-08,streetview
data/images/kyiv/50.35637_30.678292_h90.jpg,kyiv,50.35637,30.678292,90,2021-08,streetview
data/images/kyiv/50.35637_30.678292_h180.jpg,kyiv,50.35637,30.678292,180,2021-08,streetview
data/images/kyiv/50.35637_30.678292_h270.jpg,kyiv,50.35637,30.678292,270,2021-08,streetview
data/images/kyiv/50.467402_30.457468_h0.jpg,kyiv,50.467402,30.457468,0,2019-10,streetview
data/images/kyiv/50.467402_30.457468_h90.jpg,kyiv,50.467402,30.457468,90,2019-10,streetview
data/images/kyiv/50.467402_30.457468_h180.jpg,kyiv,50.467402,30.457468,180,2019-10,streetview
data/images/kyiv/50.467402_30.457468_h270.jpg,kyiv,50.467402,30.457468,270,2019-10,streetview
data/images/kyiv/50.456622_30.448952_h0.jpg,kyiv,50.456622,30.448952,0,2018-03,streetview
data/images/kyiv/50.456622_30.448952_h90.jpg,kyiv,50.456622,30.448952,90,2018-03,streetview
data/images/kyiv/50.456622_30.448952_h180.jpg,kyiv,50.456622,30.448952,180,2018-03,streetview
data/images/kyiv/50.456622_30.448952_h270.jpg,kyiv,50.456622,30.448952,270,2018-03,streetview
data/images/kyiv/50.409191_30.604357_h0.jpg,kyiv,50.409191,30.604357,0,2018-11,streetview
data/images/kyiv/50.409191_30.604357_h90.jpg,kyiv,50.409191,30.604357,90,2018-11,streetview
data/images/kyiv/50.409191_30.604357_h180.jpg,kyiv,50.409191,30.604357,180,2018-11,streetview
data/images/kyiv/50.409191_30.604357_h270.jpg,kyiv,50.409191,30.604357,270,2018-11,streetview
data/images/kyiv/50.447998_30.465843_h0.jpg,kyiv,50.447998,30.465843,0,2020-10,streetview
data/images/kyiv/50.447998_30.465843_h90.jpg,kyiv,50.447998,30.465843,90,2020-10,streetview
data/images/kyiv/50.447998_30.465843_h180.jpg,kyiv,50.447998,30.465843,180,2020-10,streetview
data/images/kyiv/50.447998_30.465843_h270.jpg,kyiv,50.447998,30.465843,270,2020-10,streetview
data/images/kyiv/50.402723_30.529893_h0.jpg,kyiv,50.402723,30.529893,0,2021-06,streetview
data/images/kyiv/50.402723_30.529893_h90.jpg,kyiv,50.402723,30.529893,90,2021-06,streetview
data/images/kyiv/50.402723_30.529893_h180.jpg,kyiv,50.402723,30.529893,180,2021-06,streetview
data/images/kyiv/50.402723_30.529893_h270.jpg,kyiv,50.402723,30.529893,270,2021-06,streetview
data/images/kyiv/50.440452_30.516584_h0.jpg,kyiv,50.440452,30.516584,0,2018-09,streetview
data/images/kyiv/50.440452_30.516584_h90.jpg,kyiv,50.440452,30.516584,90,2018-09,streetview
data/images/kyiv/50.440452_30.516584_h180.jpg,kyiv,50.440452,30.516584,180,2018-09,streetview
data/images/kyiv/50.440452_30.516584_h270.jpg,kyiv,50.440452,30.516584,270,2018-09,streetview
data/images/kyiv/50.412425_30.558709_h0.jpg,kyiv,50.412425,30.558709,0,2019-09,streetview
data/images/kyiv/50.412425_30.558709_h90.jpg,kyiv,50.412425,30.558709,90,2019-09,streetview
data/images/kyiv/50.412425_30.558709_h180.jpg,kyiv,50.412425,30.558709,180,2019-09,streetview
data/images/kyiv/50.412425_30.558709_h270.jpg,kyiv,50.412425,30.558709,270,2019-09,streetview
data/images/kyiv/50.429673_30.330379_h0.jpg,kyiv,50.429673,30.330379,0,2019-08,streetview
data/images/kyiv/50.429673_30.330379_h90.jpg,kyiv,50.429673,30.330379,90,2019-08,streetview
data/images/kyiv/50.429673_30.330379_h180.jpg,kyiv,50.429673,30.330379,180,2019-08,streetview
data/images/kyiv/50.429673_30.330379_h270.jpg,kyiv,50.429673,30.330379,270,2019-08,streetview
data/images/kyiv/50.390866_30.641414_h0.jpg,kyiv,50.390866,30.641414,0,2021-11,streetview
data/images/kyiv/50.390866_30.641414_h90.jpg,kyiv,50.390866,30.641414,90,2021-11,streetview
data/images/kyiv/50.390866_30.641414_h180.jpg,kyiv,50.390866,30.641414,180,2021-11,streetview
data/images/kyiv/50.390866_30.641414_h270.jpg,kyiv,50.390866,30.641414,270,2021-11,streetview
data/images/kyiv/50.44692_30.535243_h0.jpg,kyiv,50.44692,30.535243,0,2018-06,streetview
data/images/kyiv/50.44692_30.535243_h90.jpg,kyiv,50.44692,30.535243,90,2018-06,streetview
data/images/kyiv/50.44692_30.535243_h180.jpg,kyiv,50.44692,30.535243,180,2018-06,streetview
data/images/kyiv/50.44692_30.535243_h270.jpg,kyiv,50.44692,30.535243,270,2018-06,streetview
data/images/kyiv/50.2766_30.465025_h0.jpg,kyiv,50.2766,30.465025,0,2023-04,streetview
data/images/kyiv/50.2766_30.465025_h90.jpg,kyiv,50.2766,30.465025,90,2023-04,streetview
data/images/kyiv/50.2766_30.465025_h180.jpg,kyiv,50.2766,30.465025,180,2023-04,streetview
data/images/kyiv/50.2766_30.465025_h270.jpg,kyiv,50.2766,30.465025,270,2023-04,streetview
data/images/kyiv/50.501897_30.499997_h0.jpg,kyiv,50.501897,30.499997,0,2021-11,streetview
data/images/kyiv/50.501897_30.499997_h90.jpg,kyiv,50.501897,30.499997,90,2021-11,streetview
data/images/kyiv/50.501897_30.499997_h180.jpg,kyiv,50.501897,30.499997,180,2021-11,streetview
data/images/kyiv/50.501897_30.499997_h270.jpg,kyiv,50.501897,30.499997,270,2021-11,streetview
data/images/kyiv/50.545016_30.484969_h0.jpg,kyiv,50.545016,30.484969,0,2018-10,streetview
data/images/kyiv/50.545016_30.484969_h90.jpg,kyiv,50.545016,30.484969,90,2018-10,streetview
data/images/kyiv/50.545016_30.484969_h180.jpg,kyiv,50.545016,30.484969,180,2018-10,streetview
data/images/kyiv/50.545016_30.484969_h270.jpg,kyiv,50.545016,30.484969,270,2018-10,streetview
data/images/kyiv/50.470636_30.618381_h0.jpg,kyiv,50.470636,30.618381,0,2021-12,streetview
data/images/kyiv/50.470636_30.618381_h90.jpg,kyiv,50.470636,30.618381,90,2021-12,streetview
data/images/kyiv/50.470636_30.618381_h180.jpg,kyiv,50.470636,30.618381,180,2021-12,streetview
data/images/kyiv/50.470636_30.618381_h270.jpg,kyiv,50.470636,30.618381,270,2021-12,streetview
data/images/kyiv/50.454466_30.396457_h0.jpg,kyiv,50.454466,30.396457,0,2019-05,streetview
data/images/kyiv/50.454466_30.396457_h90.jpg,kyiv,50.454466,30.396457,90,2019-05,streetview
data/images/kyiv/50.454466_30.396457_h180.jpg,kyiv,50.454466,30.396457,180,2019-05,streetview
data/images/kyiv/50.454466_30.396457_h270.jpg,kyiv,50.454466,30.396457,270,2019-05,streetview
data/images/kyiv/50.397333_30.389503_h0.jpg,kyiv,50.397333,30.389503,0,2021-09,streetview
data/images/kyiv/50.397333_30.389503_h90.jpg,kyiv,50.397333,30.389503,90,2021-09,streetview
data/images/kyiv/50.397333_30.389503_h180.jpg,kyiv,50.397333,30.389503,180,2021-09,streetview
data/images/kyiv/50.397333_30.389503_h270.jpg,kyiv,50.397333,30.389503,270,2021-09,streetview
data/images/kyiv/50.428595_30.514822_h0.jpg,kyiv,50.428595,30.514822,0,2026-02,streetview
data/images/kyiv/50.428595_30.514822_h90.jpg,kyiv,50.428595,30.514822,90,2026-02,streetview
data/images/kyiv/50.428595_30.514822_h180.jpg,kyiv,50.428595,30.514822,180,2026-02,streetview
data/images/kyiv/50.428595_30.514822_h270.jpg,kyiv,50.428595,30.514822,270,2026-02,streetview
data/images/kyiv/50.247495_30.372172_h0.jpg,kyiv,50.247495,30.372172,0,2021-12,streetview
data/images/kyiv/50.247495_30.372172_h90.jpg,kyiv,50.247495,30.372172,90,2021-12,streetview
data/images/kyiv/50.247495_30.372172_h180.jpg,kyiv,50.247495,30.372172,180,2021-12,streetview
data/images/kyiv/50.247495_30.372172_h270.jpg,kyiv,50.247495,30.372172,270,2021-12,streetview
data/images/kyiv/50.460934_30.342292_h0.jpg,kyiv,50.460934,30.342292,0,2021-07,streetview
data/images/kyiv/50.460934_30.342292_h90.jpg,kyiv,50.460934,30.342292,90,2021-07,streetview
data/images/kyiv/50.460934_30.342292_h180.jpg,kyiv,50.460934,30.342292,180,2021-07,streetview
data/images/kyiv/50.460934_30.342292_h270.jpg,kyiv,50.460934,30.342292,270,2021-07,streetview
data/images/kyiv/50.389788_30.465564_h0.jpg,kyiv,50.389788,30.465564,0,2020-09,streetview
data/images/kyiv/50.389788_30.465564_h90.jpg,kyiv,50.389788,30.465564,90,2020-09,streetview
data/images/kyiv/50.389788_30.465564_h180.jpg,kyiv,50.389788,30.465564,180,2020-09,streetview
data/images/kyiv/50.389788_30.465564_h270.jpg,kyiv,50.389788,30.465564,270,2020-09,streetview
data/images/kyiv/50.399489_30.63134_h0.jpg,kyiv,50.399489,30.63134,0,2019-01,streetview
data/images/kyiv/50.399489_30.63134_h90.jpg,kyiv,50.399489,30.63134,90,2019-01,streetview
data/images/kyiv/50.399489_30.63134_h180.jpg,kyiv,50.399489,30.63134,180,2019-01,streetview
data/images/kyiv/50.399489_30.63134_h270.jpg,kyiv,50.399489,30.63134,270,2019-01,streetview
data/images/kyiv/50.469558_30.443929_h0.jpg,kyiv,50.469558,30.443929,0,2018-08,streetview
data/images/kyiv/50.469558_30.443929_h90.jpg,kyiv,50.469558,30.443929,90,2018-08,streetview
data/images/kyiv/50.469558_30.443929_h180.jpg,kyiv,50.469558,30.443929,180,2018-08,streetview
data/images/kyiv/50.469558_30.443929_h270.jpg,kyiv,50.469558,30.443929,270,2018-08,streetview
data/images/kyiv/50.464168_30.626796_h0.jpg,kyiv,50.464168,30.626796,0,2026-03,streetview
data/images/kyiv/50.464168_30.626796_h90.jpg,kyiv,50.464168,30.626796,90,2026-03,streetview
data/images/kyiv/50.464168_30.626796_h180.jpg,kyiv,50.464168,30.626796,180,2026-03,streetview
data/images/kyiv/50.464168_30.626796_h270.jpg,kyiv,50.464168,30.626796,270,2026-03,streetview
data/images/kyiv/50.215156_30.341759_h0.jpg,kyiv,50.215156,30.341759,0,2021-12,streetview
data/images/kyiv/50.215156_30.341759_h90.jpg,kyiv,50.215156,30.341759,90,2021-12,streetview
data/images/kyiv/50.215156_30.341759_h180.jpg,kyiv,50.215156,30.341759,180,2021-12,streetview
data/images/kyiv/50.215156_30.341759_h270.jpg,kyiv,50.215156,30.341759,270,2021-12,streetview
data/images/kyiv/50.488961_30.491454_h0.jpg,kyiv,50.488961,30.491454,0,2019-04,streetview
data/images/kyiv/50.488961_30.491454_h90.jpg,kyiv,50.488961,30.491454,90,2019-04,streetview
data/images/kyiv/50.488961_30.491454_h180.jpg,kyiv,50.488961,30.491454,180,2019-04,streetview
data/images/kyiv/50.488961_30.491454_h270.jpg,kyiv,50.488961,30.491454,270,2019-04,streetview
data/images/kyiv/50.507287_30.445788_h0.jpg,kyiv,50.507287,30.445788,0,2019-04,streetview
data/images/kyiv/50.507287_30.445788_h90.jpg,kyiv,50.507287,30.445788,90,2019-04,streetview
data/images/kyiv/50.507287_30.445788_h180.jpg,kyiv,50.507287,30.445788,180,2019-04,streetview
data/images/kyiv/50.507287_30.445788_h270.jpg,kyiv,50.507287,30.445788,270,2019-04,streetview
data/images/kyiv/50.454466_30.503122_h0.jpg,kyiv,50.454466,30.503122,0,2018-05,streetview
data/images/kyiv/50.454466_30.503122_h90.jpg,kyiv,50.454466,30.503122,90,2018-05,streetview
data/images/kyiv/50.454466_30.503122_h180.jpg,kyiv,50.454466,30.503122,180,2018-05,streetview
data/images/kyiv/50.454466_30.503122_h270.jpg,kyiv,50.454466,30.503122,270,2018-05,streetview
data/images/kyiv/50.234559_30.498531_h0.jpg,kyiv,50.234559,30.498531,0,2020-09,streetview
data/images/kyiv/50.234559_30.498531_h90.jpg,kyiv,50.234559,30.498531,90,2020-09,streetview
data/images/kyiv/50.234559_30.498531_h180.jpg,kyiv,50.234559,30.498531,180,2020-09,streetview
data/images/kyiv/50.234559_30.498531_h270.jpg,kyiv,50.234559,30.498531,270,2020-09,streetview
data/images/kyiv/50.565497_30.702301_h0.jpg,kyiv,50.565497,30.702301,0,2019-03,streetview
data/images/kyiv/50.565497_30.702301_h90.jpg,kyiv,50.565497,30.702301,90,2019-03,streetview
data/images/kyiv/50.565497_30.702301_h180.jpg,kyiv,50.565497,30.702301,180,2019-03,streetview
data/images/kyiv/50.565497_30.702301_h270.jpg,kyiv,50.565497,30.702301,270,2019-03,streetview
data/images/kyiv/50.385476_30.462162_h0.jpg,kyiv,50.385476,30.462162,0,2020-11,streetview
data/images/kyiv/50.385476_30.462162_h90.jpg,kyiv,50.385476,30.462162,90,2020-11,streetview
data/images/kyiv/50.385476_30.462162_h180.jpg,kyiv,50.385476,30.462162,180,2020-11,streetview
data/images/kyiv/50.385476_30.462162_h270.jpg,kyiv,50.385476,30.462162,270,2020-11,streetview
data/images/kyiv/50.343435_30.423115_h0.jpg,kyiv,50.343435,30.423115,0,2024-09,streetview
data/images/kyiv/50.343435_30.423115_h90.jpg,kyiv,50.343435,30.423115,90,2024-09,streetview
data/images/kyiv/50.343435_30.423115_h180.jpg,kyiv,50.343435,30.423115,180,2024-09,streetview
data/images/kyiv/50.343435_30.423115_h270.jpg,kyiv,50.343435,30.423115,270,2024-09,streetview
data/images/kyiv/50.432907_30.558848_h0.jpg,kyiv,50.432907,30.558848,0,2022-01,streetview
data/images/kyiv/50.432907_30.558848_h90.jpg,kyiv,50.432907,30.558848,90,2022-01,streetview
data/images/kyiv/50.432907_30.558848_h180.jpg,kyiv,50.432907,30.558848,180,2022-01,streetview
data/images/kyiv/50.432907_30.558848_h270.jpg,kyiv,50.432907,30.558848,270,2022-01,streetview
data/images/kyiv/50.29816_30.669317_h0.jpg,kyiv,50.29816,30.669317,0,2019-11,streetview
data/images/kyiv/50.29816_30.669317_h90.jpg,kyiv,50.29816,30.669317,90,2019-11,streetview
data/images/kyiv/50.29816_30.669317_h180.jpg,kyiv,50.29816,30.669317,180,2019-11,streetview
data/images/kyiv/50.29816_30.669317_h270.jpg,kyiv,50.29816,30.669317,270,2019-11,streetview
data/images/kyiv/50.423205_30.541862_h0.jpg,kyiv,50.423205,30.541862,0,2018-05,streetview
data/images/kyiv/50.423205_30.541862_h90.jpg,kyiv,50.423205,30.541862,90,2018-05,streetview
data/images/kyiv/50.423205_30.541862_h180.jpg,kyiv,50.423205,30.541862,180,2018-05,streetview
data/images/kyiv/50.423205_30.541862_h270.jpg,kyiv,50.423205,30.541862,270,2018-05,streetview
data/images/kyiv/50.327265_30.760762_h0.jpg,kyiv,50.327265,30.760762,0,2020-08,streetview
data/images/kyiv/50.327265_30.760762_h90.jpg,kyiv,50.327265,30.760762,90,2020-08,streetview
data/images/kyiv/50.327265_30.760762_h180.jpg,kyiv,50.327265,30.760762,180,2020-08,streetview
data/images/kyiv/50.327265_30.760762_h270.jpg,kyiv,50.327265,30.760762,270,2020-08,streetview
data/images/kyiv/50.443686_30.481056_h0.jpg,kyiv,50.443686,30.481056,0,2019-03,streetview
data/images/kyiv/50.443686_30.481056_h90.jpg,kyiv,50.443686,30.481056,90,2019-03,streetview
data/images/kyiv/50.443686_30.481056_h180.jpg,kyiv,50.443686,30.481056,180,2019-03,streetview
data/images/kyiv/50.443686_30.481056_h270.jpg,kyiv,50.443686,30.481056,270,2019-03,streetview
data/images/kyiv/50.345591_30.551502_h0.jpg,kyiv,50.345591,30.551502,0,2025-04,streetview
data/images/kyiv/50.345591_30.551502_h90.jpg,kyiv,50.345591,30.551502,90,2025-04,streetview
data/images/kyiv/50.345591_30.551502_h180.jpg,kyiv,50.345591,30.551502,180,2025-04,streetview
data/images/kyiv/50.345591_30.551502_h270.jpg,kyiv,50.345591,30.551502,270,2025-04,streetview
data/images/kyiv/50.440452_30.59275_h0.jpg,kyiv,50.440452,30.59275,0,2021-07,streetview
data/images/kyiv/50.440452_30.59275_h90.jpg,kyiv,50.440452,30.59275,90,2021-07,streetview
data/images/kyiv/50.440452_30.59275_h180.jpg,kyiv,50.440452,30.59275,180,2021-07,streetview
data/images/kyiv/50.440452_30.59275_h270.jpg,kyiv,50.440452,30.59275,270,2021-07,streetview
data/images/kyiv/50.433985_30.330387_h0.jpg,kyiv,50.433985,30.330387,0,2018-12,streetview
data/images/kyiv/50.433985_30.330387_h90.jpg,kyiv,50.433985,30.330387,90,2018-12,streetview
data/images/kyiv/50.433985_30.330387_h180.jpg,kyiv,50.433985,30.330387,180,2018-12,streetview
data/images/kyiv/50.433985_30.330387_h270.jpg,kyiv,50.433985,30.330387,270,2018-12,streetview
data/images/kyiv/50.462012_30.49639_h0.jpg,kyiv,50.462012,30.49639,0,2018-04,streetview
data/images/kyiv/50.462012_30.49639_h90.jpg,kyiv,50.462012,30.49639,90,2018-04,streetview
data/images/kyiv/50.462012_30.49639_h180.jpg,kyiv,50.462012,30.49639,180,2018-04,streetview
data/images/kyiv/50.462012_30.49639_h270.jpg,kyiv,50.462012,30.49639,270,2018-04,streetview
data/images/kyiv/50.316485_30.298086_h0.jpg,kyiv,50.316485,30.298086,0,2018-07,streetview
data/images/kyiv/50.316485_30.298086_h90.jpg,kyiv,50.316485,30.298086,90,2018-07,streetview
data/images/kyiv/50.316485_30.298086_h180.jpg,kyiv,50.316485,30.298086,180,2018-07,streetview
data/images/kyiv/50.316485_30.298086_h270.jpg,kyiv,50.316485,30.298086,270,2018-07,streetview
data/images/kyiv/50.458778_30.584421_h0.jpg,kyiv,50.458778,30.584421,0,2024-04,streetview
data/images/kyiv/50.458778_30.584421_h90.jpg,kyiv,50.458778,30.584421,90,2024-04,streetview
data/images/kyiv/50.458778_30.584421_h180.jpg,kyiv,50.458778,30.584421,180,2024-04,streetview
data/images/kyiv/50.458778_30.584421_h270.jpg,kyiv,50.458778,30.584421,270,2024-04,streetview
data/images/kyiv/50.462012_30.479457_h0.jpg,kyiv,50.462012,30.479457,0,2018-08,streetview
data/images/kyiv/50.462012_30.479457_h90.jpg,kyiv,50.462012,30.479457,90,2018-08,streetview
data/images/kyiv/50.462012_30.479457_h180.jpg,kyiv,50.462012,30.479457,180,2018-08,streetview
data/images/kyiv/50.462012_30.479457_h270.jpg,kyiv,50.462012,30.479457,270,2018-08,streetview
data/images/kyiv/50.460934_30.643703_h0.jpg,kyiv,50.460934,30.643703,0,2021-03,streetview
data/images/kyiv/50.460934_30.643703_h90.jpg,kyiv,50.460934,30.643703,90,2021-03,streetview
data/images/kyiv/50.460934_30.643703_h180.jpg,kyiv,50.460934,30.643703,180,2021-03,streetview
data/images/kyiv/50.460934_30.643703_h270.jpg,kyiv,50.460934,30.643703,270,2021-03,streetview
data/images/kyiv/50.495429_30.245778_h0.jpg,kyiv,50.495429,30.245778,0,2019-07,streetview
data/images/kyiv/50.495429_30.245778_h90.jpg,kyiv,50.495429,30.245778,90,2019-07,streetview
data/images/kyiv/50.495429_30.245778_h180.jpg,kyiv,50.495429,30.245778,180,2019-07,streetview
data/images/kyiv/50.495429_30.245778_h270.jpg,kyiv,50.495429,30.245778,270,2019-07,streetview
data/images/kyiv/50.401645_30.425032_h0.jpg,kyiv,50.401645,30.425032,0,2019-03,streetview
data/images/kyiv/50.401645_30.425032_h90.jpg,kyiv,50.401645,30.425032,90,2019-03,streetview
data/images/kyiv/50.401645_30.425032_h180.jpg,kyiv,50.401645,30.425032,180,2019-03,streetview
data/images/kyiv/50.401645_30.425032_h270.jpg,kyiv,50.401645,30.425032,270,2019-03,streetview
data/images/kyiv/50.395178_30.621159_h0.jpg,kyiv,50.395178,30.621159,0,2021-12,streetview
data/images/kyiv/50.395178_30.621159_h90.jpg,kyiv,50.395178,30.621159,90,2021-12,streetview
data/images/kyiv/50.395178_30.621159_h180.jpg,kyiv,50.395178,30.621159,180,2021-12,streetview
data/images/kyiv/50.395178_30.621159_h270.jpg,kyiv,50.395178,30.621159,270,2021-12,streetview
data/images/kyiv/50.352059_30.478899_h0.jpg,kyiv,50.352059,30.478899,0,2019-06,streetview
data/images/kyiv/50.352059_30.478899_h90.jpg,kyiv,50.352059,30.478899,90,2019-06,streetview
data/images/kyiv/50.352059_30.478899_h180.jpg,kyiv,50.352059,30.478899,180,2019-06,streetview
data/images/kyiv/50.352059_30.478899_h270.jpg,kyiv,50.352059,30.478899,270,2019-06,streetview
data/images/kyiv/50.401645_30.364149_h0.jpg,kyiv,50.401645,30.364149,0,2019-07,streetview
data/images/kyiv/50.401645_30.364149_h90.jpg,kyiv,50.401645,30.364149,90,2019-07,streetview
data/images/kyiv/50.401645_30.364149_h180.jpg,kyiv,50.401645,30.364149,180,2019-07,streetview
data/images/kyiv/50.401645_30.364149_h270.jpg,kyiv,50.401645,30.364149,270,2019-07,streetview
data/images/kyiv/50.385476_30.624462_h0.jpg,kyiv,50.385476,30.624462,0,2020-04,streetview
data/images/kyiv/50.385476_30.624462_h90.jpg,kyiv,50.385476,30.624462,90,2020-04,streetview
data/images/kyiv/50.385476_30.624462_h180.jpg,kyiv,50.385476,30.624462,180,2020-04,streetview
data/images/kyiv/50.385476_30.624462_h270.jpg,kyiv,50.385476,30.624462,270,2020-04,streetview
data/images/kyiv/50.493273_30.338974_h0.jpg,kyiv,50.493273,30.338974,0,2019-02,streetview
data/images/kyiv/50.493273_30.338974_h90.jpg,kyiv,50.493273,30.338974,90,2019-02,streetview
data/images/kyiv/50.493273_30.338974_h180.jpg,kyiv,50.493273,30.338974,180,2019-02,streetview
data/images/kyiv/50.493273_30.338974_h270.jpg,kyiv,50.493273,30.338974,270,2019-02,streetview
data/images/kyiv/50.498663_30.425414_h0.jpg,kyiv,50.498663,30.425414,0,2026-05,streetview
data/images/kyiv/50.498663_30.425414_h90.jpg,kyiv,50.498663,30.425414,90,2026-05,streetview
data/images/kyiv/50.498663_30.425414_h180.jpg,kyiv,50.498663,30.425414,180,2026-05,streetview
data/images/kyiv/50.498663_30.425414_h270.jpg,kyiv,50.498663,30.425414,270,2026-05,streetview
data/images/kyiv/50.396255_30.392882_h0.jpg,kyiv,50.396255,30.392882,0,2025-10,streetview
data/images/kyiv/50.396255_30.392882_h90.jpg,kyiv,50.396255,30.392882,90,2025-10,streetview
data/images/kyiv/50.396255_30.392882_h180.jpg,kyiv,50.396255,30.392882,180,2025-10,streetview
data/images/kyiv/50.396255_30.392882_h270.jpg,kyiv,50.396255,30.392882,270,2025-10,streetview
data/images/kyiv/50.370384_30.467161_h0.jpg,kyiv,50.370384,30.467161,0,2021-02,streetview
data/images/kyiv/50.370384_30.467161_h90.jpg,kyiv,50.370384,30.467161,90,2021-02,streetview
data/images/kyiv/50.370384_30.467161_h180.jpg,kyiv,50.370384,30.467161,180,2021-02,streetview
data/images/kyiv/50.370384_30.467161_h270.jpg,kyiv,50.370384,30.467161,270,2021-02,streetview
data/images/kyiv/50.273367_30.476816_h0.jpg,kyiv,50.273367,30.476816,0,2023-04,streetview
data/images/kyiv/50.273367_30.476816_h90.jpg,kyiv,50.273367,30.476816,90,2023-04,streetview
data/images/kyiv/50.273367_30.476816_h180.jpg,kyiv,50.273367,30.476816,180,2023-04,streetview
data/images/kyiv/50.273367_30.476816_h270.jpg,kyiv,50.273367,30.476816,270,2023-04,streetview
data/images/kyiv/50.497585_30.752473_h0.jpg,kyiv,50.497585,30.752473,0,2021-03,streetview
data/images/kyiv/50.497585_30.752473_h90.jpg,kyiv,50.497585,30.752473,90,2021-03,streetview
data/images/kyiv/50.497585_30.752473_h180.jpg,kyiv,50.497585,30.752473,180,2021-03,streetview
data/images/kyiv/50.497585_30.752473_h270.jpg,kyiv,50.497585,30.752473,270,2021-03,streetview
data/images/kyiv/50.380086_30.485803_h0.jpg,kyiv,50.380086,30.485803,0,2020-11,streetview
data/images/kyiv/50.380086_30.485803_h90.jpg,kyiv,50.380086,30.485803,90,2020-11,streetview
data/images/kyiv/50.380086_30.485803_h180.jpg,kyiv,50.380086,30.485803,180,2020-11,streetview
data/images/kyiv/50.380086_30.485803_h270.jpg,kyiv,50.380086,30.485803,270,2020-11,streetview
data/images/kyiv/50.411347_30.374324_h0.jpg,kyiv,50.411347,30.374324,0,2024-03,streetview
data/images/kyiv/50.411347_30.374324_h90.jpg,kyiv,50.411347,30.374324,90,2024-03,streetview
data/images/kyiv/50.411347_30.374324_h180.jpg,kyiv,50.411347,30.374324,180,2024-03,streetview
data/images/kyiv/50.411347_30.374324_h270.jpg,kyiv,50.411347,30.374324,270,2024-03,streetview
data/images/kyiv/50.444764_30.415045_h0.jpg,kyiv,50.444764,30.415045,0,2021-06,streetview
data/images/kyiv/50.444764_30.415045_h90.jpg,kyiv,50.444764,30.415045,90,2021-06,streetview
data/images/kyiv/50.444764_30.415045_h180.jpg,kyiv,50.444764,30.415045,180,2021-06,streetview
data/images/kyiv/50.444764_30.415045_h270.jpg,kyiv,50.444764,30.415045,270,2021-06,streetview
data/images/kyiv/50.431829_30.392997_h0.jpg,kyiv,50.431829,30.392997,0,2019-04,streetview
data/images/kyiv/50.431829_30.392997_h90.jpg,kyiv,50.431829,30.392997,90,2019-04,streetview
data/images/kyiv/50.431829_30.392997_h180.jpg,kyiv,50.431829,30.392997,180,2019-04,streetview
data/images/kyiv/50.431829_30.392997_h270.jpg,kyiv,50.431829,30.392997,270,2019-04,streetview
data/images/kyiv/50.512677_30.500057_h0.jpg,kyiv,50.512677,30.500057,0,2026-02,streetview
data/images/kyiv/50.512677_30.500057_h90.jpg,kyiv,50.512677,30.500057,90,2026-02,streetview
data/images/kyiv/50.512677_30.500057_h180.jpg,kyiv,50.512677,30.500057,180,2026-02,streetview
data/images/kyiv/50.512677_30.500057_h270.jpg,kyiv,50.512677,30.500057,270,2026-02,streetview
data/images/kyiv/50.464168_30.337219_h0.jpg,kyiv,50.464168,30.337219,0,2020-09,streetview
data/images/kyiv/50.464168_30.337219_h90.jpg,kyiv,50.464168,30.337219,90,2020-09,streetview
data/images/kyiv/50.464168_30.337219_h180.jpg,kyiv,50.464168,30.337219,180,2020-09,streetview
data/images/kyiv/50.464168_30.337219_h270.jpg,kyiv,50.464168,30.337219,270,2020-09,streetview
data/images/kyiv/50.404879_30.61278_h0.jpg,kyiv,50.404879,30.61278,0,2019-09,streetview
data/images/kyiv/50.404879_30.61278_h90.jpg,kyiv,50.404879,30.61278,90,2019-09,streetview
data/images/kyiv/50.404879_30.61278_h180.jpg,kyiv,50.404879,30.61278,180,2019-09,streetview
data/images/kyiv/50.404879_30.61278_h270.jpg,kyiv,50.404879,30.61278,270,2019-09,streetview
data/images/kyiv/50.423205_30.646764_h0.jpg,kyiv,50.423205,30.646764,0,2020-09,streetview
data/images/kyiv/50.423205_30.646764_h90.jpg,kyiv,50.423205,30.646764,90,2020-09,streetview
data/images/kyiv/50.423205_30.646764_h180.jpg,kyiv,50.423205,30.646764,180,2020-09,streetview
data/images/kyiv/50.423205_30.646764_h270.jpg,kyiv,50.423205,30.646764,270,2020-09,streetview
data/images/kyiv/50.261509_30.544206_h0.jpg,kyiv,50.261509,30.544206,0,2021-05,streetview
data/images/kyiv/50.261509_30.544206_h90.jpg,kyiv,50.261509,30.544206,90,2021-05,streetview
data/images/kyiv/50.261509_30.544206_h180.jpg,kyiv,50.261509,30.544206,180,2021-05,streetview
data/images/kyiv/50.261509_30.544206_h270.jpg,kyiv,50.261509,30.544206,270,2021-05,streetview
data/images/kyiv/50.322953_30.563172_h0.jpg,kyiv,50.322953,30.563172,0,2024-08,streetview
data/images/kyiv/50.322953_30.563172_h90.jpg,kyiv,50.322953,30.563172,90,2024-08,streetview
data/images/kyiv/50.322953_30.563172_h180.jpg,kyiv,50.322953,30.563172,180,2024-08,streetview
data/images/kyiv/50.322953_30.563172_h270.jpg,kyiv,50.322953,30.563172,270,2024-08,streetview
data/images/kyiv/50.414581_30.401399_h0.jpg,kyiv,50.414581,30.401399,0,2018-06,streetview
data/images/kyiv/50.414581_30.401399_h90.jpg,kyiv,50.414581,30.401399,90,2018-06,streetview
data/images/kyiv/50.414581_30.401399_h180.jpg,kyiv,50.414581,30.401399,180,2018-06,streetview
data/images/kyiv/50.414581_30.401399_h270.jpg,kyiv,50.414581,30.401399,270,2018-06,streetview
data/images/kyiv/50.417815_30.565513_h0.jpg,kyiv,50.417815,30.565513,0,2018-07,streetview
data/images/kyiv/50.417815_30.565513_h90.jpg,kyiv,50.417815,30.565513,90,2018-07,streetview
data/images/kyiv/50.417815_30.565513_h180.jpg,kyiv,50.417815,30.565513,180,2018-07,streetview
data/images/kyiv/50.417815_30.565513_h270.jpg,kyiv,50.417815,30.565513,270,2018-07,streetview
data/images/kyiv/50.520222_30.615389_h0.jpg,kyiv,50.520222,30.615389,0,2018-08,streetview
data/images/kyiv/50.520222_30.615389_h90.jpg,kyiv,50.520222,30.615389,90,2018-08,streetview
data/images/kyiv/50.520222_30.615389_h180.jpg,kyiv,50.520222,30.615389,180,2018-08,streetview
data/images/kyiv/50.520222_30.615389_h270.jpg,kyiv,50.520222,30.615389,270,2018-08,streetview
data/images/kyiv/50.419971_30.546917_h0.jpg,kyiv,50.419971,30.546917,0,2020-10,streetview
data/images/kyiv/50.419971_30.546917_h90.jpg,kyiv,50.419971,30.546917,90,2020-10,streetview
data/images/kyiv/50.419971_30.546917_h180.jpg,kyiv,50.419971,30.546917,180,2020-10,streetview
data/images/kyiv/50.419971_30.546917_h270.jpg,kyiv,50.419971,30.546917,270,2020-10,streetview
data/images/kyiv/50.529924_30.591725_h0.jpg,kyiv,50.529924,30.591725,0,2020-03,streetview
data/images/kyiv/50.529924_30.591725_h90.jpg,kyiv,50.529924,30.591725,90,2020-03,streetview
data/images/kyiv/50.529924_30.591725_h180.jpg,kyiv,50.529924,30.591725,180,2020-03,streetview
data/images/kyiv/50.529924_30.591725_h270.jpg,kyiv,50.529924,30.591725,270,2020-03,streetview
data/images/kyiv/50.44692_30.492922_h0.jpg,kyiv,50.44692,30.492922,0,2019-04,streetview
data/images/kyiv/50.44692_30.492922_h90.jpg,kyiv,50.44692,30.492922,90,2019-04,streetview
data/images/kyiv/50.44692_30.492922_h180.jpg,kyiv,50.44692,30.492922,180,2019-04,streetview
data/images/kyiv/50.44692_30.492922_h270.jpg,kyiv,50.44692,30.492922,270,2019-04,streetview
data/images/kyiv/50.4577_30.641982_h0.jpg,kyiv,50.4577,30.641982,0,2019-05,streetview
data/images/kyiv/50.4577_30.641982_h90.jpg,kyiv,50.4577,30.641982,90,2019-05,streetview
data/images/kyiv/50.4577_30.641982_h180.jpg,kyiv,50.4577,30.641982,180,2019-05,streetview
data/images/kyiv/50.4577_30.641982_h270.jpg,kyiv,50.4577,30.641982,270,2019-05,streetview
data/images/kyiv/50.437218_30.452251_h0.jpg,kyiv,50.437218,30.452251,0,2019-07,streetview
data/images/kyiv/50.437218_30.452251_h90.jpg,kyiv,50.437218,30.452251,90,2019-07,streetview
data/images/kyiv/50.437218_30.452251_h180.jpg,kyiv,50.437218,30.452251,180,2019-07,streetview
data/images/kyiv/50.437218_30.452251_h270.jpg,kyiv,50.437218,30.452251,270,2019-07,streetview
data/images/kyiv/50.429673_30.480985_h0.jpg,kyiv,50.429673,30.480985,0,2018-11,streetview
data/images/kyiv/50.429673_30.480985_h90.jpg,kyiv,50.429673,30.480985,90,2018-11,streetview
data/images/kyiv/50.429673_30.480985_h180.jpg,kyiv,50.429673,30.480985,180,2018-11,streetview
data/images/kyiv/50.429673_30.480985_h270.jpg,kyiv,50.429673,30.480985,270,2018-11,streetview
data/images/kyiv/50.445842_30.448904_h0.jpg,kyiv,50.445842,30.448904,0,2021-06,streetview
data/images/kyiv/50.445842_30.448904_h90.jpg,kyiv,50.445842,30.448904,90,2021-06,streetview
data/images/kyiv/50.445842_30.448904_h180.jpg,kyiv,50.445842,30.448904,180,2021-06,streetview
data/images/kyiv/50.445842_30.448904_h270.jpg,kyiv,50.445842,30.448904,270,2021-06,streetview
data/images/kyiv/50.45231_30.618234_h0.jpg,kyiv,50.45231,30.618234,0,2021-12,streetview
data/images/kyiv/50.45231_30.618234_h90.jpg,kyiv,50.45231,30.618234,90,2021-12,streetview
data/images/kyiv/50.45231_30.618234_h180.jpg,kyiv,50.45231,30.618234,180,2021-12,streetview
data/images/kyiv/50.45231_30.618234_h270.jpg,kyiv,50.45231,30.618234,270,2021-12,streetview
data/images/kyiv/50.55364_30.278023_h0.jpg,kyiv,50.55364,30.278023,0,2021-08,streetview
data/images/kyiv/50.55364_30.278023_h90.jpg,kyiv,50.55364,30.278023,90,2021-08,streetview
data/images/kyiv/50.55364_30.278023_h180.jpg,kyiv,50.55364,30.278023,180,2021-08,streetview
data/images/kyiv/50.55364_30.278023_h270.jpg,kyiv,50.55364,30.278023,270,2021-08,streetview
data/images/kyiv/50.433985_30.552085_h0.jpg,kyiv,50.433985,30.552085,0,2018-06,streetview
data/images/kyiv/50.433985_30.552085_h90.jpg,kyiv,50.433985,30.552085,90,2018-06,streetview
data/images/kyiv/50.433985_30.552085_h180.jpg,kyiv,50.433985,30.552085,180,2018-06,streetview
data/images/kyiv/50.433985_30.552085_h270.jpg,kyiv,50.433985,30.552085,270,2018-06,streetview
data/images/kyiv/50.418893_30.489389_h0.jpg,kyiv,50.418893,30.489389,0,2020-05,streetview
data/images/kyiv/50.418893_30.489389_h90.jpg,kyiv,50.418893,30.489389,90,2020-05,streetview
data/images/kyiv/50.418893_30.489389_h180.jpg,kyiv,50.418893,30.489389,180,2020-05,streetview
data/images/kyiv/50.418893_30.489389_h270.jpg,kyiv,50.418893,30.489389,270,2020-05,streetview
data/images/kyiv/50.482493_30.454149_h0.jpg,kyiv,50.482493,30.454149,0,2020-04,streetview
data/images/kyiv/50.482493_30.454149_h90.jpg,kyiv,50.482493,30.454149,90,2020-04,streetview
data/images/kyiv/50.482493_30.454149_h180.jpg,kyiv,50.482493,30.454149,180,2020-04,streetview
data/images/kyiv/50.482493_30.454149_h270.jpg,kyiv,50.482493,30.454149,270,2020-04,streetview
data/images/kyiv/50.243183_30.734558_h0.jpg,kyiv,50.243183,30.734558,0,2019-11,streetview
data/images/kyiv/50.243183_30.734558_h90.jpg,kyiv,50.243183,30.734558,90,2019-11,streetview
data/images/kyiv/50.243183_30.734558_h180.jpg,kyiv,50.243183,30.734558,180,2019-11,streetview
data/images/kyiv/50.243183_30.734558_h270.jpg,kyiv,50.243183,30.734558,270,2019-11,streetview
data/images/kyiv/50.411347_30.528254_h0.jpg,kyiv,50.411347,30.528254,0,2019-03,streetview
data/images/kyiv/50.411347_30.528254_h90.jpg,kyiv,50.411347,30.528254,90,2019-03,streetview
data/images/kyiv/50.411347_30.528254_h180.jpg,kyiv,50.411347,30.528254,180,2019-03,streetview
data/images/kyiv/50.411347_30.528254_h270.jpg,kyiv,50.411347,30.528254,270,2019-03,streetview
data/images/kyiv/50.490039_30.261027_h0.jpg,kyiv,50.490039,30.261027,0,2021-06,streetview
data/images/kyiv/50.490039_30.261027_h90.jpg,kyiv,50.490039,30.261027,90,2021-06,streetview
data/images/kyiv/50.490039_30.261027_h180.jpg,kyiv,50.490039,30.261027,180,2021-06,streetview
data/images/kyiv/50.490039_30.261027_h270.jpg,kyiv,50.490039,30.261027,270,2021-06,streetview
data/images/kyiv/50.393022_30.605923_h0.jpg,kyiv,50.393022,30.605923,0,2019-07,streetview
data/images/kyiv/50.393022_30.605923_h90.jpg,kyiv,50.393022,30.605923,90,2019-07,streetview
data/images/kyiv/50.393022_30.605923_h180.jpg,kyiv,50.393022,30.605923,180,2019-07,streetview
data/images/kyiv/50.393022_30.605923_h270.jpg,kyiv,50.393022,30.605923,270,2019-07,streetview
data/images/kyiv/50.409191_30.545156_h0.jpg,kyiv,50.409191,30.545156,0,2018-11,streetview
data/images/kyiv/50.409191_30.545156_h90.jpg,kyiv,50.409191,30.545156,90,2018-11,streetview
data/images/kyiv/50.409191_30.545156_h180.jpg,kyiv,50.409191,30.545156,180,2018-11,streetview
data/images/kyiv/50.409191_30.545156_h270.jpg,kyiv,50.409191,30.545156,270,2018-11,streetview
data/images/kyiv/50.22378_30.75289_h0.jpg,kyiv,50.22378,30.75289,0,2019-11,streetview
data/images/kyiv/50.22378_30.75289_h90.jpg,kyiv,50.22378,30.75289,90,2019-11,streetview
data/images/kyiv/50.22378_30.75289_h180.jpg,kyiv,50.22378,30.75289,180,2019-11,streetview
data/images/kyiv/50.22378_30.75289_h270.jpg,kyiv,50.22378,30.75289,270,2019-11,streetview
data/images/kyiv/50.256119_30.431207_h0.jpg,kyiv,50.256119,30.431207,0,2021-01,streetview
data/images/kyiv/50.256119_30.431207_h90.jpg,kyiv,50.256119,30.431207,90,2021-01,streetview
data/images/kyiv/50.256119_30.431207_h180.jpg,kyiv,50.256119,30.431207,180,2021-01,streetview
data/images/kyiv/50.256119_30.431207_h270.jpg,kyiv,50.256119,30.431207,270,2021-01,streetview
data/images/kyiv/50.408113_30.513012_h0.jpg,kyiv,50.408113,30.513012,0,2018-12,streetview
data/images/kyiv/50.408113_30.513012_h90.jpg,kyiv,50.408113,30.513012,90,2018-12,streetview
data/images/kyiv/50.408113_30.513012_h180.jpg,kyiv,50.408113,30.513012,180,2018-12,streetview
data/images/kyiv/50.408113_30.513012_h270.jpg,kyiv,50.408113,30.513012,270,2018-12,streetview
data/images/kyiv/50.454466_30.37614_h0.jpg,kyiv,50.454466,30.37614,0,2019-05,streetview
data/images/kyiv/50.454466_30.37614_h90.jpg,kyiv,50.454466,30.37614,90,2019-05,streetview
data/images/kyiv/50.454466_30.37614_h180.jpg,kyiv,50.454466,30.37614,180,2019-05,streetview
data/images/kyiv/50.454466_30.37614_h270.jpg,kyiv,50.454466,30.37614,270,2019-05,streetview
data/images/kyiv/50.43614_30.514866_h0.jpg,kyiv,50.43614,30.514866,0,2020-05,streetview
data/images/kyiv/50.43614_30.514866_h90.jpg,kyiv,50.43614,30.514866,90,2020-05,streetview
data/images/kyiv/50.43614_30.514866_h180.jpg,kyiv,50.43614,30.514866,180,2020-05,streetview
data/images/kyiv/50.43614_30.514866_h270.jpg,kyiv,50.43614,30.514866,270,2020-05,streetview
data/images/kyiv/50.343435_30.622431_h0.jpg,kyiv,50.343435,30.622431,0,2025-06,streetview
data/images/kyiv/50.343435_30.622431_h90.jpg,kyiv,50.343435,30.622431,90,2025-06,streetview
data/images/kyiv/50.343435_30.622431_h180.jpg,kyiv,50.343435,30.622431,180,2025-06,streetview
data/images/kyiv/50.343435_30.622431_h270.jpg,kyiv,50.343435,30.622431,270,2025-06,streetview
data/images/kyiv/50.284146_30.417824_h0.jpg,kyiv,50.284146,30.417824,0,2021-11,streetview
data/images/kyiv/50.284146_30.417824_h90.jpg,kyiv,50.284146,30.417824,90,2021-11,streetview
data/images/kyiv/50.284146_30.417824_h180.jpg,kyiv,50.284146,30.417824,180,2021-11,streetview
data/images/kyiv/50.284146_30.417824_h270.jpg,kyiv,50.284146,30.417824,270,2021-11,streetview
data/images/kyiv/50.497585_30.438967_h0.jpg,kyiv,50.497585,30.438967,0,2018-10,streetview
data/images/kyiv/50.497585_30.438967_h90.jpg,kyiv,50.497585,30.438967,90,2018-10,streetview
data/images/kyiv/50.497585_30.438967_h180.jpg,kyiv,50.497585,30.438967,180,2018-10,streetview
data/images/kyiv/50.497585_30.438967_h270.jpg,kyiv,50.497585,30.438967,270,2018-10,streetview
data/images/kyiv/50.412425_30.40985_h0.jpg,kyiv,50.412425,30.40985,0,2021-06,streetview
data/images/kyiv/50.412425_30.40985_h90.jpg,kyiv,50.412425,30.40985,90,2021-06,streetview
data/images/kyiv/50.412425_30.40985_h180.jpg,kyiv,50.412425,30.40985,180,2021-06,streetview
data/images/kyiv/50.412425_30.40985_h270.jpg,kyiv,50.412425,30.40985,270,2021-06,streetview
data/images/kyiv/50.417815_30.479232_h0.jpg,kyiv,50.417815,30.479232,0,2019-03,streetview
data/images/kyiv/50.417815_30.479232_h90.jpg,kyiv,50.417815,30.479232,90,2019-03,streetview
data/images/kyiv/50.417815_30.479232_h180.jpg,kyiv,50.417815,30.479232,180,2019-03,streetview
data/images/kyiv/50.417815_30.479232_h270.jpg,kyiv,50.417815,30.479232,270,2019-03,streetview
data/images/kyiv/50.474948_30.357567_h0.jpg,kyiv,50.474948,30.357567,0,2020-09,streetview
data/images/kyiv/50.474948_30.357567_h90.jpg,kyiv,50.474948,30.357567,90,2020-09,streetview
data/images/kyiv/50.474948_30.357567_h180.jpg,kyiv,50.474948,30.357567,180,2020-09,streetview
data/images/kyiv/50.474948_30.357567_h270.jpg,kyiv,50.474948,30.357567,270,2020-09,streetview
data/images/kyiv/50.431829_30.474226_h0.jpg,kyiv,50.431829,30.474226,0,2019-03,streetview
data/images/kyiv/50.431829_30.474226_h90.jpg,kyiv,50.431829,30.474226,90,2019-03,streetview
data/images/kyiv/50.431829_30.474226_h180.jpg,kyiv,50.431829,30.474226,180,2019-03,streetview
data/images/kyiv/50.431829_30.474226_h270.jpg,kyiv,50.431829,30.474226,270,2019-03,streetview
data/images/kyiv/50.490039_30.386409_h0.jpg,kyiv,50.490039,30.386409,0,2019-03,streetview
data/images/kyiv/50.490039_30.386409_h90.jpg,kyiv,50.490039,30.386409,90,2019-03,streetview
data/images/kyiv/50.490039_30.386409_h180.jpg,kyiv,50.490039,30.386409,180,2019-03,streetview
data/images/kyiv/50.490039_30.386409_h270.jpg,kyiv,50.490039,30.386409,270,2019-03,streetview
data/images/kyiv/50.456622_30.377839_h0.jpg,kyiv,50.456622,30.377839,0,2019-05,streetview
data/images/kyiv/50.456622_30.377839_h90.jpg,kyiv,50.456622,30.377839,90,2019-05,streetview
data/images/kyiv/50.456622_30.377839_h180.jpg,kyiv,50.456622,30.377839,180,2019-05,streetview
data/images/kyiv/50.456622_30.377839_h270.jpg,kyiv,50.456622,30.377839,270,2019-05,streetview
data/images/kyiv/50.407035_30.391225_h0.jpg,kyiv,50.407035,30.391225,0,2020-06,streetview
data/images/kyiv/50.407035_30.391225_h90.jpg,kyiv,50.407035,30.391225,90,2020-06,streetview
data/images/kyiv/50.407035_30.391225_h180.jpg,kyiv,50.407035,30.391225,180,2020-06,streetview
data/images/kyiv/50.407035_30.391225_h270.jpg,kyiv,50.407035,30.391225,270,2020-06,streetview
data/images/kyiv/50.415659_30.557039_h0.jpg,kyiv,50.415659,30.557039,0,2018-07,streetview
data/images/kyiv/50.415659_30.557039_h90.jpg,kyiv,50.415659,30.557039,90,2018-07,streetview
data/images/kyiv/50.415659_30.557039_h180.jpg,kyiv,50.415659,30.557039,180,2018-07,streetview
data/images/kyiv/50.415659_30.557039_h270.jpg,kyiv,50.415659,30.557039,270,2018-07,streetview
data/images/kyiv/50.395178_30.365823_h0.jpg,kyiv,50.395178,30.365823,0,2020-01,streetview
data/images/kyiv/50.395178_30.365823_h90.jpg,kyiv,50.395178,30.365823,90,2020-01,streetview
data/images/kyiv/50.395178_30.365823_h180.jpg,kyiv,50.395178,30.365823,180,2020-01,streetview
data/images/kyiv/50.395178_30.365823_h270.jpg,kyiv,50.395178,30.365823,270,2020-01,streetview
data/images/kyiv/50.247495_30.370486_h0.jpg,kyiv,50.247495,30.370486,0,2021-12,streetview
data/images/kyiv/50.247495_30.370486_h90.jpg,kyiv,50.247495,30.370486,90,2021-12,streetview
data/images/kyiv/50.247495_30.370486_h180.jpg,kyiv,50.247495,30.370486,180,2021-12,streetview
data/images/kyiv/50.247495_30.370486_h270.jpg,kyiv,50.247495,30.370486,270,2021-12,streetview
data/images/kyiv/50.415659_30.528281_h0.jpg,kyiv,50.415659,30.528281,0,2018-10,streetview
data/images/kyiv/50.415659_30.528281_h90.jpg,kyiv,50.415659,30.528281,90,2018-10,streetview
data/images/kyiv/50.415659_30.528281_h180.jpg,kyiv,50.415659,30.528281,180,2018-10,streetview
data/images/kyiv/50.415659_30.528281_h270.jpg,kyiv,50.415659,30.528281,270,2018-10,streetview
data/images/kyiv/50.523456_30.651021_h0.jpg,kyiv,50.523456,30.651021,0,2020-06,streetview
data/images/kyiv/50.523456_30.651021_h90.jpg,kyiv,50.523456,30.651021,90,2020-06,streetview
data/images/kyiv/50.523456_30.651021_h180.jpg,kyiv,50.523456,30.651021,180,2020-06,streetview
data/images/kyiv/50.523456_30.651021_h270.jpg,kyiv,50.523456,30.651021,270,2020-06,streetview
data/images/kyiv/50.283068_30.41782_h0.jpg,kyiv,50.283068,30.41782,0,2021-11,streetview
data/images/kyiv/50.283068_30.41782_h90.jpg,kyiv,50.283068,30.41782,90,2021-11,streetview
data/images/kyiv/50.283068_30.41782_h180.jpg,kyiv,50.283068,30.41782,180,2021-11,streetview
data/images/kyiv/50.283068_30.41782_h270.jpg,kyiv,50.283068,30.41782,270,2021-11,streetview
data/images/kyiv/50.492195_30.381333_h0.jpg,kyiv,50.492195,30.381333,0,2019-03,streetview
data/images/kyiv/50.492195_30.381333_h90.jpg,kyiv,50.492195,30.381333,90,2019-03,streetview
data/images/kyiv/50.492195_30.381333_h180.jpg,kyiv,50.492195,30.381333,180,2019-03,streetview
data/images/kyiv/50.492195_30.381333_h270.jpg,kyiv,50.492195,30.381333,270,2019-03,streetview
data/images/kyiv/50.407035_30.511314_h0.jpg,kyiv,50.407035,30.511314,0,2019-03,streetview
data/images/kyiv/50.407035_30.511314_h90.jpg,kyiv,50.407035,30.511314,90,2019-03,streetview
data/images/kyiv/50.407035_30.511314_h180.jpg,kyiv,50.407035,30.511314,180,2019-03,streetview
data/images/kyiv/50.407035_30.511314_h270.jpg,kyiv,50.407035,30.511314,270,2019-03,streetview
data/images/kyiv/50.454466_30.381219_h0.jpg,kyiv,50.454466,30.381219,0,2019-05,streetview
data/images/kyiv/50.454466_30.381219_h90.jpg,kyiv,50.454466,30.381219,90,2019-05,streetview
data/images/kyiv/50.454466_30.381219_h180.jpg,kyiv,50.454466,30.381219,180,2019-05,streetview
data/images/kyiv/50.454466_30.381219_h270.jpg,kyiv,50.454466,30.381219,270,2019-05,streetview
data/images/kyiv/50.422127_30.634912_h0.jpg,kyiv,50.422127,30.634912,0,2021-01,streetview
data/images/kyiv/50.422127_30.634912_h90.jpg,kyiv,50.422127,30.634912,90,2021-01,streetview
data/images/kyiv/50.422127_30.634912_h180.jpg,kyiv,50.422127,30.634912,180,2021-01,streetview
data/images/kyiv/50.422127_30.634912_h270.jpg,kyiv,50.422127,30.634912,270,2021-01,streetview
data/images/kyiv/50.373618_30.448585_h0.jpg,kyiv,50.373618,30.448585,0,2021-11,streetview
data/images/kyiv/50.373618_30.448585_h90.jpg,kyiv,50.373618,30.448585,90,2021-11,streetview
data/images/kyiv/50.373618_30.448585_h180.jpg,kyiv,50.373618,30.448585,180,2021-11,streetview
data/images/kyiv/50.373618_30.448585_h270.jpg,kyiv,50.373618,30.448585,270,2021-11,streetview
data/images/kyiv/50.415659_30.616249_h0.jpg,kyiv,50.415659,30.616249,0,2018-11,streetview
data/images/kyiv/50.415659_30.616249_h90.jpg,kyiv,50.415659,30.616249,90,2018-11,streetview
data/images/kyiv/50.415659_30.616249_h180.jpg,kyiv,50.415659,30.616249,180,2018-11,streetview
data/images/kyiv/50.415659_30.616249_h270.jpg,kyiv,50.415659,30.616249,270,2018-11,streetview
data/images/kyiv/50.525612_30.603562_h0.jpg,kyiv,50.525612,30.603562,0,2020-01,streetview
data/images/kyiv/50.525612_30.603562_h90.jpg,kyiv,50.525612,30.603562,90,2020-01,streetview
data/images/kyiv/50.525612_30.603562_h180.jpg,kyiv,50.525612,30.603562,180,2020-01,streetview
data/images/kyiv/50.525612_30.603562_h270.jpg,kyiv,50.525612,30.603562,270,2020-01,streetview
data/images/kyiv/50.520222_30.479753_h0.jpg,kyiv,50.520222,30.479753,0,2022-01,streetview
data/images/kyiv/50.520222_30.479753_h90.jpg,kyiv,50.520222,30.479753,90,2022-01,streetview
data/images/kyiv/50.520222_30.479753_h180.jpg,kyiv,50.520222,30.479753,180,2022-01,streetview
data/images/kyiv/50.520222_30.479753_h270.jpg,kyiv,50.520222,30.479753,270,2022-01,streetview
data/images/kyiv/50.504053_30.476281_h0.jpg,kyiv,50.504053,30.476281,0,2020-10,streetview
data/images/kyiv/50.504053_30.476281_h90.jpg,kyiv,50.504053,30.476281,90,2020-10,streetview
data/images/kyiv/50.504053_30.476281_h180.jpg,kyiv,50.504053,30.476281,180,2020-10,streetview
data/images/kyiv/50.504053_30.476281_h270.jpg,kyiv,50.504053,30.476281,270,2020-10,streetview
data/images/kyiv/50.38332_30.428341_h0.jpg,kyiv,50.38332,30.428341,0,2019-09,streetview
data/images/kyiv/50.38332_30.428341_h90.jpg,kyiv,50.38332,30.428341,90,2019-09,streetview
data/images/kyiv/50.38332_30.428341_h180.jpg,kyiv,50.38332,30.428341,180,2019-09,streetview
data/images/kyiv/50.38332_30.428341_h270.jpg,kyiv,50.38332,30.428341,270,2019-09,streetview
data/images/kyiv/50.567653_30.678562_h0.jpg,kyiv,50.567653,30.678562,0,2019-03,streetview
data/images/kyiv/50.567653_30.678562_h90.jpg,kyiv,50.567653,30.678562,90,2019-03,streetview
data/images/kyiv/50.567653_30.678562_h180.jpg,kyiv,50.567653,30.678562,180,2019-03,streetview
data/images/kyiv/50.567653_30.678562_h270.jpg,kyiv,50.567653,30.678562,270,2019-03,streetview
data/images/kyiv/50.4577_30.797757_h0.jpg,kyiv,50.4577,30.797757,0,2022-02,streetview
data/images/kyiv/50.4577_30.797757_h90.jpg,kyiv,50.4577,30.797757,90,2022-02,streetview
data/images/kyiv/50.4577_30.797757_h180.jpg,kyiv,50.4577,30.797757,180,2022-02,streetview
data/images/kyiv/50.4577_30.797757_h270.jpg,kyiv,50.4577,30.797757,270,2022-02,streetview
data/images/kyiv/50.513755_30.498367_h0.jpg,kyiv,50.513755,30.498367,0,2018-08,streetview
data/images/kyiv/50.513755_30.498367_h90.jpg,kyiv,50.513755,30.498367,90,2018-08,streetview
data/images/kyiv/50.513755_30.498367_h180.jpg,kyiv,50.513755,30.498367,180,2018-08,streetview
data/images/kyiv/50.513755_30.498367_h270.jpg,kyiv,50.513755,30.498367,270,2018-08,streetview
data/images/kyiv/50.2766_30.711291_h0.jpg,kyiv,50.2766,30.711291,0,2019-11,streetview
data/images/kyiv/50.2766_30.711291_h90.jpg,kyiv,50.2766,30.711291,90,2019-11,streetview
data/images/kyiv/50.2766_30.711291_h180.jpg,kyiv,50.2766,30.711291,180,2019-11,streetview
data/images/kyiv/50.2766_30.711291_h270.jpg,kyiv,50.2766,30.711291,270,2019-11,streetview
data/images/kyiv/50.402723_30.531584_h0.jpg,kyiv,50.402723,30.531584,0,2020-08,streetview
data/images/kyiv/50.402723_30.531584_h90.jpg,kyiv,50.402723,30.531584,90,2020-08,streetview
data/images/kyiv/50.402723_30.531584_h180.jpg,kyiv,50.402723,30.531584,180,2020-08,streetview
data/images/kyiv/50.402723_30.531584_h270.jpg,kyiv,50.402723,30.531584,270,2020-08,streetview
data/images/kyiv/50.500819_30.457622_h0.jpg,kyiv,50.500819,30.457622,0,2018-04,streetview
data/images/kyiv/50.500819_30.457622_h90.jpg,kyiv,50.500819,30.457622,90,2018-04,streetview
data/images/kyiv/50.500819_30.457622_h180.jpg,kyiv,50.500819,30.457622,180,2018-04,streetview
data/images/kyiv/50.500819_30.457622_h270.jpg,kyiv,50.500819,30.457622,270,2018-04,streetview
data/images/kyiv/50.260431_30.547571_h0.jpg,kyiv,50.260431,30.547571,0,2021-05,streetview
data/images/kyiv/50.260431_30.547571_h90.jpg,kyiv,50.260431,30.547571,90,2021-05,streetview
data/images/kyiv/50.260431_30.547571_h180.jpg,kyiv,50.260431,30.547571,180,2021-05,streetview
data/images/kyiv/50.260431_30.547571_h270.jpg,kyiv,50.260431,30.547571,270,2021-05,streetview
data/images/kyiv/50.488961_30.332188_h0.jpg,kyiv,50.488961,30.332188,0,2019-03,streetview
data/images/kyiv/50.488961_30.332188_h90.jpg,kyiv,50.488961,30.332188,90,2019-03,streetview
data/images/kyiv/50.488961_30.332188_h180.jpg,kyiv,50.488961,30.332188,180,2019-03,streetview
data/images/kyiv/50.488961_30.332188_h270.jpg,kyiv,50.488961,30.332188,270,2019-03,streetview
data/images/kyiv/50.386554_30.381016_h0.jpg,kyiv,50.386554,30.381016,0,2021-10,streetview
data/images/kyiv/50.386554_30.381016_h90.jpg,kyiv,50.386554,30.381016,90,2021-10,streetview
data/images/kyiv/50.386554_30.381016_h180.jpg,kyiv,50.386554,30.381016,180,2021-10,streetview
data/images/kyiv/50.386554_30.381016_h270.jpg,kyiv,50.386554,30.381016,270,2021-10,streetview
data/images/kyiv/50.429673_30.519905_h0.jpg,kyiv,50.429673,30.519905,0,2019-04,streetview
data/images/kyiv/50.429673_30.519905_h90.jpg,kyiv,50.429673,30.519905,90,2019-04,streetview
data/images/kyiv/50.429673_30.519905_h180.jpg,kyiv,50.429673,30.519905,180,2019-04,streetview
data/images/kyiv/50.429673_30.519905_h270.jpg,kyiv,50.429673,30.519905,270,2019-04,streetview
data/images/kyiv/50.499741_30.464396_h0.jpg,kyiv,50.499741,30.464396,0,2020-04,streetview
data/images/kyiv/50.499741_30.464396_h90.jpg,kyiv,50.499741,30.464396,90,2020-04,streetview
data/images/kyiv/50.499741_30.464396_h180.jpg,kyiv,50.499741,30.464396,180,2020-04,streetview
data/images/kyiv/50.499741_30.464396_h270.jpg,kyiv,50.499741,30.464396,270,2020-04,streetview
data/images/kyiv/50.488961_30.445707_h0.jpg,kyiv,50.488961,30.445707,0,2018-05,streetview
data/images/kyiv/50.488961_30.445707_h90.jpg,kyiv,50.488961,30.445707,90,2018-05,streetview
data/images/kyiv/50.488961_30.445707_h180.jpg,kyiv,50.488961,30.445707,180,2018-05,streetview
data/images/kyiv/50.488961_30.445707_h270.jpg,kyiv,50.488961,30.445707,270,2018-05,streetview
data/images/kyiv/50.3941_30.445293_h0.jpg,kyiv,50.3941,30.445293,0,2025-10,streetview
data/images/kyiv/50.3941_30.445293_h90.jpg,kyiv,50.3941,30.445293,90,2025-10,streetview
data/images/kyiv/50.3941_30.445293_h180.jpg,kyiv,50.3941,30.445293,180,2025-10,streetview
data/images/kyiv/50.3941_30.445293_h270.jpg,kyiv,50.3941,30.445293,270,2025-10,streetview
data/images/kyiv/50.512677_30.418688_h0.jpg,kyiv,50.512677,30.418688,0,2022-01,streetview
data/images/kyiv/50.512677_30.418688_h90.jpg,kyiv,50.512677,30.418688,90,2022-01,streetview
data/images/kyiv/50.512677_30.418688_h180.jpg,kyiv,50.512677,30.418688,180,2022-01,streetview
data/images/kyiv/50.512677_30.418688_h270.jpg,kyiv,50.512677,30.418688,270,2022-01,streetview
data/images/kyiv/50.393022_30.375962_h0.jpg,kyiv,50.393022,30.375962,0,2019-02,streetview
data/images/kyiv/50.393022_30.375962_h90.jpg,kyiv,50.393022,30.375962,90,2019-02,streetview
data/images/kyiv/50.393022_30.375962_h180.jpg,kyiv,50.393022,30.375962,180,2019-02,streetview
data/images/kyiv/50.393022_30.375962_h270.jpg,kyiv,50.393022,30.375962,270,2019-02,streetview
data/images/kyiv/50.459856_30.586122_h0.jpg,kyiv,50.459856,30.586122,0,2025-10,streetview
data/images/kyiv/50.459856_30.586122_h90.jpg,kyiv,50.459856,30.586122,90,2025-10,streetview
data/images/kyiv/50.459856_30.586122_h180.jpg,kyiv,50.459856,30.586122,180,2025-10,streetview
data/images/kyiv/50.459856_30.586122_h270.jpg,kyiv,50.459856,30.586122,270,2025-10,streetview
data/images/kyiv/50.438296_30.519956_h0.jpg,kyiv,50.438296,30.519956,0,2020-06,streetview
data/images/kyiv/50.438296_30.519956_h90.jpg,kyiv,50.438296,30.519956,90,2020-06,streetview
data/images/kyiv/50.438296_30.519956_h180.jpg,kyiv,50.438296,30.519956,180,2020-06,streetview
data/images/kyiv/50.438296_30.519956_h270.jpg,kyiv,50.438296,30.519956,270,2020-06,streetview
data/images/kyiv/50.422127_30.543547_h0.jpg,kyiv,50.422127,30.543547,0,2018-03,streetview
data/images/kyiv/50.422127_30.543547_h90.jpg,kyiv,50.422127,30.543547,90,2018-03,streetview
data/images/kyiv/50.422127_30.543547_h180.jpg,kyiv,50.422127,30.543547,180,2018-03,streetview
data/images/kyiv/50.422127_30.543547_h270.jpg,kyiv,50.422127,30.543547,270,2018-03,streetview
data/images/kyiv/50.440452_30.440418_h0.jpg,kyiv,50.440452,30.440418,0,2026-05,streetview
data/images/kyiv/50.440452_30.440418_h90.jpg,kyiv,50.440452,30.440418,90,2026-05,streetview
data/images/kyiv/50.440452_30.440418_h180.jpg,kyiv,50.440452,30.440418,180,2026-05,streetview
data/images/kyiv/50.440452_30.440418_h270.jpg,kyiv,50.440452,30.440418,270,2026-05,streetview
data/images/kyiv/50.453388_30.643638_h0.jpg,kyiv,50.453388,30.643638,0,2019-05,streetview
data/images/kyiv/50.453388_30.643638_h90.jpg,kyiv,50.453388,30.643638,90,2019-05,streetview
data/images/kyiv/50.453388_30.643638_h180.jpg,kyiv,50.453388,30.643638,180,2019-05,streetview
data/images/kyiv/50.453388_30.643638_h270.jpg,kyiv,50.453388,30.643638,270,2019-05,streetview
data/images/kyiv/50.413503_30.462294_h0.jpg,kyiv,50.413503,30.462294,0,2021-08,streetview
data/images/kyiv/50.413503_30.462294_h90.jpg,kyiv,50.413503,30.462294,90,2021-08,streetview
data/images/kyiv/50.413503_30.462294_h180.jpg,kyiv,50.413503,30.462294,180,2021-08,streetview
data/images/kyiv/50.413503_30.462294_h270.jpg,kyiv,50.413503,30.462294,270,2021-08,streetview
data/images/kyiv/50.386554_30.781702_h0.jpg,kyiv,50.386554,30.781702,0,2021-05,streetview
data/images/kyiv/50.386554_30.781702_h90.jpg,kyiv,50.386554,30.781702,90,2021-05,streetview
data/images/kyiv/50.386554_30.781702_h180.jpg,kyiv,50.386554,30.781702,180,2021-05,streetview
data/images/kyiv/50.386554_30.781702_h270.jpg,kyiv,50.386554,30.781702,270,2021-05,streetview
data/images/kyiv/50.386554_30.626161_h0.jpg,kyiv,50.386554,30.626161,0,2020-04,streetview
data/images/kyiv/50.386554_30.626161_h90.jpg,kyiv,50.386554,30.626161,90,2020-04,streetview
data/images/kyiv/50.386554_30.626161_h180.jpg,kyiv,50.386554,30.626161,180,2020-04,streetview
data/images/kyiv/50.386554_30.626161_h270.jpg,kyiv,50.386554,30.626161,270,2020-04,streetview
data/images/kyiv/50.492195_30.462666_h0.jpg,kyiv,50.492195,30.462666,0,2019-03,streetview
data/images/kyiv/50.492195_30.462666_h90.jpg,kyiv,50.492195,30.462666,90,2019-03,streetview
data/images/kyiv/50.492195_30.462666_h180.jpg,kyiv,50.492195,30.462666,180,2019-03,streetview
data/images/kyiv/50.492195_30.462666_h270.jpg,kyiv,50.492195,30.462666,270,2019-03,streetview
data/images/kyiv/50.418893_30.645036_h0.jpg,kyiv,50.418893,30.645036,0,2020-06,streetview
data/images/kyiv/50.418893_30.645036_h90.jpg,kyiv,50.418893,30.645036,90,2020-06,streetview
data/images/kyiv/50.418893_30.645036_h180.jpg,kyiv,50.418893,30.645036,180,2020-06,streetview
data/images/kyiv/50.418893_30.645036_h270.jpg,kyiv,50.418893,30.645036,270,2020-06,streetview
data/images/kyiv/50.373618_30.374216_h0.jpg,kyiv,50.373618,30.374216,0,2024-05,streetview
data/images/kyiv/50.373618_30.374216_h90.jpg,kyiv,50.373618,30.374216,90,2024-05,streetview
data/images/kyiv/50.373618_30.374216_h180.jpg,kyiv,50.373618,30.374216,180,2024-05,streetview
data/images/kyiv/50.373618_30.374216_h270.jpg,kyiv,50.373618,30.374216,270,2024-05,streetview
data/images/kyiv/50.400567_30.392896_h0.jpg,kyiv,50.400567,30.392896,0,2019-07,streetview
data/images/kyiv/50.400567_30.392896_h90.jpg,kyiv,50.400567,30.392896,90,2019-07,streetview
data/images/kyiv/50.400567_30.392896_h180.jpg,kyiv,50.400567,30.392896,180,2019-07,streetview
data/images/kyiv/50.400567_30.392896_h270.jpg,kyiv,50.400567,30.392896,270,2019-07,streetview
data/images/kyiv/50.238871_30.786761_h0.jpg,kyiv,50.238871,30.786761,0,2021-05,streetview
data/images/kyiv/50.238871_30.786761_h90.jpg,kyiv,50.238871,30.786761,90,2021-05,streetview
data/images/kyiv/50.238871_30.786761_h180.jpg,kyiv,50.238871,30.786761,180,2021-05,streetview
data/images/kyiv/50.238871_30.786761_h270.jpg,kyiv,50.238871,30.786761,270,2021-05,streetview
data/images/kyiv/50.469558_30.333843_h0.jpg,kyiv,50.469558,30.333843,0,2019-04,streetview
data/images/kyiv/50.469558_30.333843_h90.jpg,kyiv,50.469558,30.333843,90,2019-04,streetview
data/images/kyiv/50.469558_30.333843_h180.jpg,kyiv,50.469558,30.333843,180,2019-04,streetview
data/images/kyiv/50.469558_30.333843_h270.jpg,kyiv,50.469558,30.333843,270,2019-04,streetview
data/images/kyiv/50.449076_30.442147_h0.jpg,kyiv,50.449076,30.442147,0,2023-07,streetview
data/images/kyiv/50.449076_30.442147_h90.jpg,kyiv,50.449076,30.442147,90,2023-07,streetview
data/images/kyiv/50.449076_30.442147_h180.jpg,kyiv,50.449076,30.442147,180,2023-07,streetview
data/images/kyiv/50.449076_30.442147_h270.jpg,kyiv,50.449076,30.442147,270,2023-07,streetview
data/images/kyiv/50.442608_30.310092_h0.jpg,kyiv,50.442608,30.310092,0,2021-06,streetview
data/images/kyiv/50.442608_30.310092_h90.jpg,kyiv,50.442608,30.310092,90,2021-06,streetview
data/images/kyiv/50.442608_30.310092_h180.jpg,kyiv,50.442608,30.310092,180,2021-06,streetview
data/images/kyiv/50.442608_30.310092_h270.jpg,kyiv,50.442608,30.310092,270,2021-06,streetview
data/images/kyiv/50.447998_30.506471_h0.jpg,kyiv,50.447998,30.506471,0,2025-12,streetview
data/images/kyiv/50.447998_30.506471_h90.jpg,kyiv,50.447998,30.506471,90,2025-12,streetview
data/images/kyiv/50.447998_30.506471_h180.jpg,kyiv,50.447998,30.506471,180,2025-12,streetview
data/images/kyiv/50.447998_30.506471_h270.jpg,kyiv,50.447998,30.506471,270,2025-12,streetview
data/images/kyiv/50.508365_30.623769_h0.jpg,kyiv,50.508365,30.623769,0,2020-04,streetview
data/images/kyiv/50.508365_30.623769_h90.jpg,kyiv,50.508365,30.623769,90,2020-04,streetview
data/images/kyiv/50.508365_30.623769_h180.jpg,kyiv,50.508365,30.623769,180,2020-04,streetview
data/images/kyiv/50.508365_30.623769_h270.jpg,kyiv,50.508365,30.623769,270,2020-04,streetview
data/images/kyiv/50.384398_30.428345_h0.jpg,kyiv,50.384398,30.428345,0,2019-09,streetview
data/images/kyiv/50.384398_30.428345_h90.jpg,kyiv,50.384398,30.428345,90,2019-09,streetview
data/images/kyiv/50.384398_30.428345_h180.jpg,kyiv,50.384398,30.428345,180,2019-09,streetview
data/images/kyiv/50.384398_30.428345_h270.jpg,kyiv,50.384398,30.428345,270,2019-09,streetview
data/images/kyiv/50.46309_30.342297_h0.jpg,kyiv,50.46309,30.342297,0,2019-04,streetview
data/images/kyiv/50.46309_30.342297_h90.jpg,kyiv,50.46309,30.342297,90,2019-04,streetview
data/images/kyiv/50.46309_30.342297_h180.jpg,kyiv,50.46309,30.342297,180,2019-04,streetview
data/images/kyiv/50.46309_30.342297_h270.jpg,kyiv,50.46309,30.342297,270,2019-04,streetview
data/images/kyiv/50.564419_30.568225_h0.jpg,kyiv,50.564419,30.568225,0,2021-04,streetview
data/images/kyiv/50.564419_30.568225_h90.jpg,kyiv,50.564419,30.568225,90,2021-04,streetview
data/images/kyiv/50.564419_30.568225_h180.jpg,kyiv,50.564419,30.568225,180,2021-04,streetview
data/images/kyiv/50.564419_30.568225_h270.jpg,kyiv,50.564419,30.568225,270,2021-04,streetview
data/images/kyiv/50.410269_30.612823_h0.jpg,kyiv,50.410269,30.612823,0,2024-04,streetview
data/images/kyiv/50.410269_30.612823_h90.jpg,kyiv,50.410269,30.612823,90,2024-04,streetview
data/images/kyiv/50.410269_30.612823_h180.jpg,kyiv,50.410269,30.612823,180,2024-04,streetview
data/images/kyiv/50.410269_30.612823_h270.jpg,kyiv,50.410269,30.612823,270,2024-04,streetview
data/images/kyiv/50.38332_30.45539_h0.jpg,kyiv,50.38332,30.45539,0,2019-07,streetview
data/images/kyiv/50.38332_30.45539_h90.jpg,kyiv,50.38332,30.45539,90,2019-07,streetview
data/images/kyiv/50.38332_30.45539_h180.jpg,kyiv,50.38332,30.45539,180,2019-07,streetview
data/images/kyiv/50.38332_30.45539_h270.jpg,kyiv,50.38332,30.45539,270,2019-07,streetview
data/images/kyiv/50.414581_30.399708_h0.jpg,kyiv,50.414581,30.399708,0,2018-06,streetview
data/images/kyiv/50.414581_30.399708_h90.jpg,kyiv,50.414581,30.399708,90,2018-06,streetview
data/images/kyiv/50.414581_30.399708_h180.jpg,kyiv,50.414581,30.399708,180,2018-06,streetview
data/images/kyiv/50.414581_30.399708_h270.jpg,kyiv,50.414581,30.399708,270,2018-06,streetview
data/images/kyiv/50.393022_30.600851_h0.jpg,kyiv,50.393022,30.600851,0,2018-10,streetview
data/images/kyiv/50.393022_30.600851_h90.jpg,kyiv,50.393022,30.600851,90,2018-10,streetview
data/images/kyiv/50.393022_30.600851_h180.jpg,kyiv,50.393022,30.600851,180,2018-10,streetview
data/images/kyiv/50.393022_30.600851_h270.jpg,kyiv,50.393022,30.600851,270,2018-10,streetview
data/images/kyiv/50.401645_30.653344_h0.jpg,kyiv,50.401645,30.653344,0,2018-08,streetview
data/images/kyiv/50.401645_30.653344_h90.jpg,kyiv,50.401645,30.653344,90,2018-08,streetview
data/images/kyiv/50.401645_30.653344_h180.jpg,kyiv,50.401645,30.653344,180,2018-08,streetview
data/images/kyiv/50.401645_30.653344_h270.jpg,kyiv,50.401645,30.653344,270,2018-08,streetview
data/images/kyiv/50.462012_30.47607_h0.jpg,kyiv,50.462012,30.47607,0,2021-11,streetview
data/images/kyiv/50.462012_30.47607_h90.jpg,kyiv,50.462012,30.47607,90,2021-11,streetview
data/images/kyiv/50.462012_30.47607_h180.jpg,kyiv,50.462012,30.47607,180,2021-11,streetview
data/images/kyiv/50.462012_30.47607_h270.jpg,kyiv,50.462012,30.47607,270,2021-11,streetview
data/images/kyiv/50.583823_30.476683_h0.jpg,kyiv,50.583823,30.476683,0,2019-12,streetview
data/images/kyiv/50.583823_30.476683_h90.jpg,kyiv,50.583823,30.476683,90,2019-12,streetview
data/images/kyiv/50.583823_30.476683_h180.jpg,kyiv,50.583823,30.476683,180,2019-12,streetview
data/images/kyiv/50.583823_30.476683_h270.jpg,kyiv,50.583823,30.476683,270,2019-12,streetview
data/images/kyiv/50.43614_30.316852_h0.jpg,kyiv,50.43614,30.316852,0,2022-02,streetview
data/images/kyiv/50.43614_30.316852_h90.jpg,kyiv,50.43614,30.316852,90,2022-02,streetview
data/images/kyiv/50.43614_30.316852_h180.jpg,kyiv,50.43614,30.316852,180,2022-02,streetview
data/images/kyiv/50.43614_30.316852_h270.jpg,kyiv,50.43614,30.316852,270,2022-02,streetview
data/images/kyiv/50.422127_30.464027_h0.jpg,kyiv,50.422127,30.464027,0,2018-10,streetview
data/images/kyiv/50.422127_30.464027_h90.jpg,kyiv,50.422127,30.464027,90,2018-10,streetview
data/images/kyiv/50.422127_30.464027_h180.jpg,kyiv,50.422127,30.464027,180,2018-10,streetview
data/images/kyiv/50.422127_30.464027_h270.jpg,kyiv,50.422127,30.464027,270,2018-10,streetview
data/images/kyiv/50.411347_30.406463_h0.jpg,kyiv,50.411347,30.406463,0,2018-06,streetview
data/images/kyiv/50.411347_30.406463_h90.jpg,kyiv,50.411347,30.406463,90,2018-06,streetview
data/images/kyiv/50.411347_30.406463_h180.jpg,kyiv,50.411347,30.406463,180,2018-06,streetview
data/images/kyiv/50.411347_30.406463_h270.jpg,kyiv,50.411347,30.406463,270,2018-06,streetview
data/images/kyiv/50.45231_30.371055_h0.jpg,kyiv,50.45231,30.371055,0,2019-05,streetview
data/images/kyiv/50.45231_30.371055_h90.jpg,kyiv,50.45231,30.371055,90,2019-05,streetview
data/images/kyiv/50.45231_30.371055_h180.jpg,kyiv,50.45231,30.371055,180,2019-05,streetview
data/images/kyiv/50.45231_30.371055_h270.jpg,kyiv,50.45231,30.371055,270,2019-05,streetview
data/images/kyiv/50.370384_30.386037_h0.jpg,kyiv,50.370384,30.386037,0,2021-06,streetview
data/images/kyiv/50.370384_30.386037_h90.jpg,kyiv,50.370384,30.386037,90,2021-06,streetview
data/images/kyiv/50.370384_30.386037_h180.jpg,kyiv,50.370384,30.386037,180,2021-06,streetview
data/images/kyiv/50.370384_30.386037_h270.jpg,kyiv,50.370384,30.386037,270,2021-06,streetview
data/images/kyiv/50.481415_30.432122_h0.jpg,kyiv,50.481415,30.432122,0,2021-10,streetview
data/images/kyiv/50.481415_30.432122_h90.jpg,kyiv,50.481415,30.432122,90,2021-10,streetview
data/images/kyiv/50.481415_30.432122_h180.jpg,kyiv,50.481415,30.432122,180,2021-10,streetview
data/images/kyiv/50.481415_30.432122_h270.jpg,kyiv,50.481415,30.432122,270,2021-10,streetview
data/images/kyiv/50.426439_30.629871_h0.jpg,kyiv,50.426439,30.629871,0,2020-12,streetview
data/images/kyiv/50.426439_30.629871_h90.jpg,kyiv,50.426439,30.629871,90,2020-12,streetview
data/images/kyiv/50.426439_30.629871_h180.jpg,kyiv,50.426439,30.629871,180,2020-12,streetview
data/images/kyiv/50.426439_30.629871_h270.jpg,kyiv,50.426439,30.629871,270,2020-12,streetview
data/images/kyiv/50.515911_30.247476_h0.jpg,kyiv,50.515911,30.247476,0,2021-06,streetview
data/images/kyiv/50.515911_30.247476_h90.jpg,kyiv,50.515911,30.247476,90,2021-06,streetview
data/images/kyiv/50.515911_30.247476_h180.jpg,kyiv,50.515911,30.247476,180,2021-06,streetview
data/images/kyiv/50.515911_30.247476_h270.jpg,kyiv,50.515911,30.247476,270,2021-06,streetview
data/images/kyiv/50.422127_30.518168_h0.jpg,kyiv,50.422127,30.518168,0,2019-01,streetview
data/images/kyiv/50.422127_30.518168_h90.jpg,kyiv,50.422127,30.518168,90,2019-01,streetview
data/images/kyiv/50.422127_30.518168_h180.jpg,kyiv,50.422127,30.518168,180,2019-01,streetview
data/images/kyiv/50.422127_30.518168_h270.jpg,kyiv,50.422127,30.518168,270,2019-01,streetview
data/images/kyiv/50.499741_30.503375_h0.jpg,kyiv,50.499741,30.503375,0,2020-07,streetview
data/images/kyiv/50.499741_30.503375_h90.jpg,kyiv,50.499741,30.503375,90,2020-07,streetview
data/images/kyiv/50.499741_30.503375_h180.jpg,kyiv,50.499741,30.503375,180,2020-07,streetview
data/images/kyiv/50.499741_30.503375_h270.jpg,kyiv,50.499741,30.503375,270,2020-07,streetview
data/images/kyiv/50.362838_30.556685_h0.jpg,kyiv,50.362838,30.556685,0,2020-08,streetview
data/images/kyiv/50.362838_30.556685_h90.jpg,kyiv,50.362838,30.556685,90,2020-08,streetview
data/images/kyiv/50.362838_30.556685_h180.jpg,kyiv,50.362838,30.556685,180,2020-08,streetview
data/images/kyiv/50.362838_30.556685_h270.jpg,kyiv,50.362838,30.556685,270,2020-08,streetview
data/images/kyiv/50.458778_30.643685_h0.jpg,kyiv,50.458778,30.643685,0,2019-05,streetview
data/images/kyiv/50.458778_30.643685_h90.jpg,kyiv,50.458778,30.643685,90,2019-05,streetview
data/images/kyiv/50.458778_30.643685_h180.jpg,kyiv,50.458778,30.643685,180,2019-05,streetview
data/images/kyiv/50.458778_30.643685_h270.jpg,kyiv,50.458778,30.643685,270,2019-05,streetview
data/images/kyiv/50.501897_30.250864_h0.jpg,kyiv,50.501897,30.250864,0,2018-05,streetview
data/images/kyiv/50.501897_30.250864_h90.jpg,kyiv,50.501897,30.250864,90,2018-05,streetview
data/images/kyiv/50.501897_30.250864_h180.jpg,kyiv,50.501897,30.250864,180,2018-05,streetview
data/images/kyiv/50.501897_30.250864_h270.jpg,kyiv,50.501897,30.250864,270,2018-05,streetview
data/images/kyiv/50.348825_30.546456_h0.jpg,kyiv,50.348825,30.546456,0,2024-12,streetview
data/images/kyiv/50.348825_30.546456_h90.jpg,kyiv,50.348825,30.546456,90,2024-12,streetview
data/images/kyiv/50.348825_30.546456_h180.jpg,kyiv,50.348825,30.546456,180,2024-12,streetview
data/images/kyiv/50.348825_30.546456_h270.jpg,kyiv,50.348825,30.546456,270,2024-12,streetview
data/images/kyiv/50.228092_30.382228_h0.jpg,kyiv,50.228092,30.382228,0,2021-12,streetview
data/images/kyiv/50.228092_30.382228_h90.jpg,kyiv,50.228092,30.382228,90,2021-12,streetview
data/images/kyiv/50.228092_30.382228_h180.jpg,kyiv,50.228092,30.382228,180,2021-12,streetview
data/images/kyiv/50.228092_30.382228_h270.jpg,kyiv,50.228092,30.382228,270,2021-12,streetview
data/images/kyiv/50.4577_30.54039_h0.jpg,kyiv,50.4577,30.54039,0,2019-04,streetview
data/images/kyiv/50.4577_30.54039_h90.jpg,kyiv,50.4577,30.54039,90,2019-04,streetview
data/images/kyiv/50.4577_30.54039_h180.jpg,kyiv,50.4577,30.54039,180,2019-04,streetview
data/images/kyiv/50.4577_30.54039_h270.jpg,kyiv,50.4577,30.54039,270,2019-04,streetview
data/images/kyiv/50.407035_30.521462_h0.jpg,kyiv,50.407035,30.521462,0,2021-08,streetview
data/images/kyiv/50.407035_30.521462_h90.jpg,kyiv,50.407035,30.521462,90,2021-08,streetview
data/images/kyiv/50.407035_30.521462_h180.jpg,kyiv,50.407035,30.521462,180,2021-08,streetview
data/images/kyiv/50.407035_30.521462_h270.jpg,kyiv,50.407035,30.521462,270,2021-08,streetview
data/images/kyiv/50.283068_30.319975_h0.jpg,kyiv,50.283068,30.319975,0,2019-05,streetview
data/images/kyiv/50.283068_30.319975_h90.jpg,kyiv,50.283068,30.319975,90,2019-05,streetview
data/images/kyiv/50.283068_30.319975_h180.jpg,kyiv,50.283068,30.319975,180,2019-05,streetview
data/images/kyiv/50.283068_30.319975_h270.jpg,kyiv,50.283068,30.319975,270,2019-05,streetview
data/images/kyiv/50.529924_30.603595_h0.jpg,kyiv,50.529924,30.603595,0,2019-03,streetview
data/images/kyiv/50.529924_30.603595_h90.jpg,kyiv,50.529924,30.603595,90,2019-03,streetview
data/images/kyiv/50.529924_30.603595_h180.jpg,kyiv,50.529924,30.603595,180,2019-03,streetview
data/images/kyiv/50.529924_30.603595_h270.jpg,kyiv,50.529924,30.603595,270,2019-03,streetview
data/images/kyiv/50.419971_30.611208_h0.jpg,kyiv,50.419971,30.611208,0,2021-10,streetview
data/images/kyiv/50.419971_30.611208_h90.jpg,kyiv,50.419971,30.611208,90,2021-10,streetview
data/images/kyiv/50.419971_30.611208_h180.jpg,kyiv,50.419971,30.611208,180,2021-10,streetview
data/images/kyiv/50.419971_30.611208_h270.jpg,kyiv,50.419971,30.611208,270,2021-10,streetview
data/images/kyiv/50.451232_30.509875_h0.jpg,kyiv,50.451232,30.509875,0,2020-11,streetview
data/images/kyiv/50.451232_30.509875_h90.jpg,kyiv,50.451232,30.509875,90,2020-11,streetview
data/images/kyiv/50.451232_30.509875_h180.jpg,kyiv,50.451232,30.509875,180,2020-11,streetview
data/images/kyiv/50.451232_30.509875_h270.jpg,kyiv,50.451232,30.509875,270,2020-11,streetview
data/images/kyiv/50.405957_30.330333_h0.jpg,kyiv,50.405957,30.330333,0,2021-06,streetview
data/images/kyiv/50.405957_30.330333_h90.jpg,kyiv,50.405957,30.330333,90,2021-06,streetview
data/images/kyiv/50.405957_30.330333_h180.jpg,kyiv,50.405957,30.330333,180,2021-06,streetview
data/images/kyiv/50.405957_30.330333_h270.jpg,kyiv,50.405957,30.330333,270,2021-06,streetview
data/images/kyiv/50.46309_30.372778_h0.jpg,kyiv,50.46309,30.372778,0,2019-04,streetview
data/images/kyiv/50.46309_30.372778_h90.jpg,kyiv,50.46309,30.372778,90,2019-04,streetview
data/images/kyiv/50.46309_30.372778_h180.jpg,kyiv,50.46309,30.372778,180,2019-04,streetview
data/images/kyiv/50.46309_30.372778_h270.jpg,kyiv,50.46309,30.372778,270,2019-04,streetview
data/images/kyiv/50.411347_30.401388_h0.jpg,kyiv,50.411347,30.401388,0,2018-06,streetview
data/images/kyiv/50.411347_30.401388_h90.jpg,kyiv,50.411347,30.401388,90,2018-06,streetview
data/images/kyiv/50.411347_30.401388_h180.jpg,kyiv,50.411347,30.401388,180,2018-06,streetview
data/images/kyiv/50.411347_30.401388_h270.jpg,kyiv,50.411347,30.401388,270,2018-06,streetview
data/images/kyiv/50.522378_30.790045_h0.jpg,kyiv,50.522378,30.790045,0,2019-06,streetview
data/images/kyiv/50.522378_30.790045_h90.jpg,kyiv,50.522378,30.790045,90,2019-06,streetview
data/images/kyiv/50.522378_30.790045_h180.jpg,kyiv,50.522378,30.790045,180,2019-06,streetview
data/images/kyiv/50.522378_30.790045_h270.jpg,kyiv,50.522378,30.790045,270,2019-06,streetview
data/images/kyiv/50.456622_30.504827_h0.jpg,kyiv,50.456622,30.504827,0,2021-08,streetview
data/images/kyiv/50.456622_30.504827_h90.jpg,kyiv,50.456622,30.504827,90,2021-08,streetview
data/images/kyiv/50.456622_30.504827_h180.jpg,kyiv,50.456622,30.504827,180,2021-08,streetview
data/images/kyiv/50.456622_30.504827_h270.jpg,kyiv,50.456622,30.504827,270,2021-08,streetview
data/images/kyiv/50.251807_30.323294_h0.jpg,kyiv,50.251807,30.323294,0,2019-08,streetview
data/images/kyiv/50.251807_30.323294_h90.jpg,kyiv,50.251807,30.323294,90,2019-08,streetview
data/images/kyiv/50.251807_30.323294_h180.jpg,kyiv,50.251807,30.323294,180,2019-08,streetview
data/images/kyiv/50.251807_30.323294_h270.jpg,kyiv,50.251807,30.323294,270,2019-08,streetview
data/images/kyiv/50.510521_30.639043_h0.jpg,kyiv,50.510521,30.639043,0,2020-04,streetview
data/images/kyiv/50.510521_30.639043_h90.jpg,kyiv,50.510521,30.639043,90,2020-04,streetview
data/images/kyiv/50.510521_30.639043_h180.jpg,kyiv,50.510521,30.639043,180,2020-04,streetview
data/images/kyiv/50.510521_30.639043_h270.jpg,kyiv,50.510521,30.639043,270,2020-04,streetview
data/images/kyiv/50.546094_30.607113_h0.jpg,kyiv,50.546094,30.607113,0,2020-06,streetview
data/images/kyiv/50.546094_30.607113_h90.jpg,kyiv,50.546094,30.607113,90,2020-06,streetview
data/images/kyiv/50.546094_30.607113_h180.jpg,kyiv,50.546094,30.607113,180,2020-06,streetview
data/images/kyiv/50.546094_30.607113_h270.jpg,kyiv,50.546094,30.607113,270,2020-06,streetview
data/images/kyiv/50.55364_30.283113_h0.jpg,kyiv,50.55364,30.283113,0,2020-07,streetview
data/images/kyiv/50.55364_30.283113_h90.jpg,kyiv,50.55364,30.283113,90,2020-07,streetview
data/images/kyiv/50.55364_30.283113_h180.jpg,kyiv,50.55364,30.283113,180,2020-07,streetview
data/images/kyiv/50.55364_30.283113_h270.jpg,kyiv,50.55364,30.283113,270,2020-07,streetview
data/images/kyiv/50.44153_30.288086_h0.jpg,kyiv,50.44153,30.288086,0,2019-07,streetview
data/images/kyiv/50.44153_30.288086_h90.jpg,kyiv,50.44153,30.288086,90,2019-07,streetview
data/images/kyiv/50.44153_30.288086_h180.jpg,kyiv,50.44153,30.288086,180,2019-07,streetview
data/images/kyiv/50.44153_30.288086_h270.jpg,kyiv,50.44153,30.288086,270,2019-07,streetview
data/images/kyiv/50.354215_30.433294_h0.jpg,kyiv,50.354215,30.433294,0,2018-11,streetview
data/images/kyiv/50.354215_30.433294_h90.jpg,kyiv,50.354215,30.433294,90,2018-11,streetview
data/images/kyiv/50.354215_30.433294_h180.jpg,kyiv,50.354215,30.433294,180,2018-11,streetview
data/images/kyiv/50.354215_30.433294_h270.jpg,kyiv,50.354215,30.433294,270,2018-11,streetview
data/images/kyiv/50.38871_30.465559_h0.jpg,kyiv,50.38871,30.465559,0,2020-10,streetview
data/images/kyiv/50.38871_30.465559_h90.jpg,kyiv,50.38871,30.465559,90,2020-10,streetview
data/images/kyiv/50.38871_30.465559_h180.jpg,kyiv,50.38871,30.465559,180,2020-10,streetview
data/images/kyiv/50.38871_30.465559_h270.jpg,kyiv,50.38871,30.465559,270,2020-10,streetview
data/images/kyiv/50.348825_30.477194_h0.jpg,kyiv,50.348825,30.477194,0,2019-03,streetview
data/images/kyiv/50.348825_30.477194_h90.jpg,kyiv,50.348825,30.477194,90,2019-03,streetview
data/images/kyiv/50.348825_30.477194_h180.jpg,kyiv,50.348825,30.477194,180,2019-03,streetview
data/images/kyiv/50.348825_30.477194_h270.jpg,kyiv,50.348825,30.477194,270,2019-03,streetview
data/images/kyiv/50.491117_30.469438_h0.jpg,kyiv,50.491117,30.469438,0,2019-03,streetview
data/images/kyiv/50.491117_30.469438_h90.jpg,kyiv,50.491117,30.469438,90,2019-03,streetview
data/images/kyiv/50.491117_30.469438_h180.jpg,kyiv,50.491117,30.469438,180,2019-03,streetview
data/images/kyiv/50.491117_30.469438_h270.jpg,kyiv,50.491117,30.469438,270,2019-03,streetview
data/images/kyiv/50.497585_30.35593_h0.jpg,kyiv,50.497585,30.35593,0,2020-09,streetview
data/images/kyiv/50.497585_30.35593_h90.jpg,kyiv,50.497585,30.35593,90,2020-09,streetview
data/images/kyiv/50.497585_30.35593_h180.jpg,kyiv,50.497585,30.35593,180,2020-09,streetview
data/images/kyiv/50.497585_30.35593_h270.jpg,kyiv,50.497585,30.35593,270,2020-09,streetview
data/images/kyiv/50.520222_30.450931_h0.jpg,kyiv,50.520222,30.450931,0,2018-07,streetview
data/images/kyiv/50.520222_30.450931_h90.jpg,kyiv,50.520222,30.450931,90,2018-07,streetview
data/images/kyiv/50.520222_30.450931_h180.jpg,kyiv,50.520222,30.450931,180,2018-07,streetview
data/images/kyiv/50.520222_30.450931_h270.jpg,kyiv,50.520222,30.450931,270,2018-07,streetview
data/images/kyiv/50.437218_30.514873_h0.jpg,kyiv,50.437218,30.514873,0,2019-10,streetview
data/images/kyiv/50.437218_30.514873_h90.jpg,kyiv,50.437218,30.514873,90,2019-10,streetview
data/images/kyiv/50.437218_30.514873_h180.jpg,kyiv,50.437218,30.514873,180,2019-10,streetview
data/images/kyiv/50.437218_30.514873_h270.jpg,kyiv,50.437218,30.514873,270,2019-10,streetview
data/images/kyiv/50.466324_30.42698_h0.jpg,kyiv,50.466324,30.42698,0,2020-03,streetview
data/images/kyiv/50.466324_30.42698_h90.jpg,kyiv,50.466324,30.42698,90,2020-03,streetview
data/images/kyiv/50.466324_30.42698_h180.jpg,kyiv,50.466324,30.42698,180,2020-03,streetview
data/images/kyiv/50.466324_30.42698_h270.jpg,kyiv,50.466324,30.42698,270,2020-03,streetview
data/images/kyiv/50.416737_30.526595_h0.jpg,kyiv,50.416737,30.526595,0,2025-05,streetview
data/images/kyiv/50.416737_30.526595_h90.jpg,kyiv,50.416737,30.526595,90,2025-05,streetview
data/images/kyiv/50.416737_30.526595_h180.jpg,kyiv,50.416737,30.526595,180,2025-05,streetview
data/images/kyiv/50.416737_30.526595_h270.jpg,kyiv,50.416737,30.526595,270,2025-05,streetview
data/images/kyiv/50.53208_30.588349_h0.jpg,kyiv,50.53208,30.588349,0,2020-10,streetview
data/images/kyiv/50.53208_30.588349_h90.jpg,kyiv,50.53208,30.588349,90,2020-10,streetview
data/images/kyiv/50.53208_30.588349_h180.jpg,kyiv,50.53208,30.588349,180,2020-10,streetview
data/images/kyiv/50.53208_30.588349_h270.jpg,kyiv,50.53208,30.588349,270,2020-10,streetview
data/images/kyiv/50.402723_30.382755_h0.jpg,kyiv,50.402723,30.382755,0,2019-07,streetview
data/images/kyiv/50.402723_30.382755_h90.jpg,kyiv,50.402723,30.382755,90,2019-07,streetview
data/images/kyiv/50.402723_30.382755_h180.jpg,kyiv,50.402723,30.382755,180,2019-07,streetview
data/images/kyiv/50.402723_30.382755_h270.jpg,kyiv,50.402723,30.382755,270,2019-07,streetview
data/images/kyiv/50.385476_30.698849_h0.jpg,kyiv,50.385476,30.698849,0,2021-06,streetview
data/images/kyiv/50.385476_30.698849_h90.jpg,kyiv,50.385476,30.698849,90,2021-06,streetview
data/images/kyiv/50.385476_30.698849_h180.jpg,kyiv,50.385476,30.698849,180,2021-06,streetview
data/images/kyiv/50.385476_30.698849_h270.jpg,kyiv,50.385476,30.698849,270,2021-06,streetview
data/images/kyiv/50.437218_30.347318_h0.jpg,kyiv,50.437218,30.347318,0,2020-06,streetview
data/images/kyiv/50.437218_30.347318_h90.jpg,kyiv,50.437218,30.347318,90,2020-06,streetview
data/images/kyiv/50.437218_30.347318_h180.jpg,kyiv,50.437218,30.347318,180,2020-06,streetview
data/images/kyiv/50.437218_30.347318_h270.jpg,kyiv,50.437218,30.347318,270,2020-06,streetview
data/images/kyiv/50.449076_30.597893_h0.jpg,kyiv,50.449076,30.597893,0,2018-10,streetview
data/images/kyiv/50.449076_30.597893_h90.jpg,kyiv,50.449076,30.597893,90,2018-10,streetview
data/images/kyiv/50.449076_30.597893_h180.jpg,kyiv,50.449076,30.597893,180,2018-10,streetview
data/images/kyiv/50.449076_30.597893_h270.jpg,kyiv,50.449076,30.597893,270,2018-10,streetview
data/images/kyiv/50.43614_30.487787_h0.jpg,kyiv,50.43614,30.487787,0,2018-07,streetview
data/images/kyiv/50.43614_30.487787_h90.jpg,kyiv,50.43614,30.487787,90,2018-07,streetview
data/images/kyiv/50.43614_30.487787_h180.jpg,kyiv,50.43614,30.487787,180,2018-07,streetview
data/images/kyiv/50.43614_30.487787_h270.jpg,kyiv,50.43614,30.487787,270,2018-07,streetview
data/images/kyiv/50.415659_30.6467_h0.jpg,kyiv,50.415659,30.6467,0,2021-02,streetview
data/images/kyiv/50.415659_30.6467_h90.jpg,kyiv,50.415659,30.6467,90,2021-02,streetview
data/images/kyiv/50.415659_30.6467_h180.jpg,kyiv,50.415659,30.6467,180,2021-02,streetview
data/images/kyiv/50.415659_30.6467_h270.jpg,kyiv,50.415659,30.6467,270,2021-02,streetview
data/images/kyiv/50.432907_30.528386_h0.jpg,kyiv,50.432907,30.528386,0,2018-10,streetview
data/images/kyiv/50.432907_30.528386_h90.jpg,kyiv,50.432907,30.528386,90,2018-10,streetview
data/images/kyiv/50.432907_30.528386_h180.jpg,kyiv,50.432907,30.528386,180,2018-10,streetview
data/images/kyiv/50.432907_30.528386_h270.jpg,kyiv,50.432907,30.528386,270,2018-10,streetview
data/images/kyiv/50.495429_30.427096_h0.jpg,kyiv,50.495429,30.427096,0,2020-10,streetview
data/images/kyiv/50.495429_30.427096_h90.jpg,kyiv,50.495429,30.427096,90,2020-10,streetview
data/images/kyiv/50.495429_30.427096_h180.jpg,kyiv,50.495429,30.427096,180,2020-10,streetview
data/images/kyiv/50.495429_30.427096_h270.jpg,kyiv,50.495429,30.427096,270,2020-10,streetview
data/images/kyiv/50.491117_30.425384_h0.jpg,kyiv,50.491117,30.425384,0,2019-04,streetview
data/images/kyiv/50.491117_30.425384_h90.jpg,kyiv,50.491117,30.425384,90,2019-04,streetview
data/images/kyiv/50.491117_30.425384_h180.jpg,kyiv,50.491117,30.425384,180,2019-04,streetview
data/images/kyiv/50.491117_30.425384_h270.jpg,kyiv,50.491117,30.425384,270,2019-04,streetview
data/images/kyiv/50.384398_30.458776_h0.jpg,kyiv,50.384398,30.458776,0,2019-02,streetview
data/images/kyiv/50.384398_30.458776_h90.jpg,kyiv,50.384398,30.458776,90,2019-02,streetview
data/images/kyiv/50.384398_30.458776_h180.jpg,kyiv,50.384398,30.458776,180,2019-02,streetview
data/images/kyiv/50.384398_30.458776_h270.jpg,kyiv,50.384398,30.458776,270,2019-02,streetview
data/images/kyiv/50.405957_30.392913_h0.jpg,kyiv,50.405957,30.392913,0,2021-02,streetview
data/images/kyiv/50.405957_30.392913_h90.jpg,kyiv,50.405957,30.392913,90,2021-02,streetview
data/images/kyiv/50.405957_30.392913_h180.jpg,kyiv,50.405957,30.392913,180,2021-02,streetview
data/images/kyiv/50.405957_30.392913_h270.jpg,kyiv,50.405957,30.392913,270,2021-02,streetview
data/images/kyiv/50.386554_30.783393_h0.jpg,kyiv,50.386554,30.783393,0,2020-07,streetview
data/images/kyiv/50.386554_30.783393_h90.jpg,kyiv,50.386554,30.783393,90,2020-07,streetview
data/images/kyiv/50.386554_30.783393_h180.jpg,kyiv,50.386554,30.783393,180,2020-07,streetview
data/images/kyiv/50.386554_30.783393_h270.jpg,kyiv,50.386554,30.783393,270,2020-07,streetview
data/images/kyiv/50.507287_30.796648_h0.jpg,kyiv,50.507287,30.796648,0,2020-07,streetview
data/images/kyiv/50.507287_30.796648_h90.jpg,kyiv,50.507287,30.796648,90,2020-07,streetview
data/images/kyiv/50.507287_30.796648_h180.jpg,kyiv,50.507287,30.796648,180,2020-07,streetview
data/images/kyiv/50.507287_30.796648_h270.jpg,kyiv,50.507287,30.796648,270,2020-07,streetview
data/images/kyiv/50.496507_30.38304_h0.jpg,kyiv,50.496507,30.38304,0,2019-09,streetview
data/images/kyiv/50.496507_30.38304_h90.jpg,kyiv,50.496507,30.38304,90,2019-09,streetview
data/images/kyiv/50.496507_30.38304_h180.jpg,kyiv,50.496507,30.38304,180,2019-09,streetview
data/images/kyiv/50.496507_30.38304_h270.jpg,kyiv,50.496507,30.38304,270,2019-09,streetview
data/images/kyiv/50.429673_30.374376_h0.jpg,kyiv,50.429673,30.374376,0,2018-10,streetview
data/images/kyiv/50.429673_30.374376_h90.jpg,kyiv,50.429673,30.374376,90,2018-10,streetview
data/images/kyiv/50.429673_30.374376_h180.jpg,kyiv,50.429673,30.374376,180,2018-10,streetview
data/images/kyiv/50.429673_30.374376_h270.jpg,kyiv,50.429673,30.374376,270,2018-10,streetview
data/images/kyiv/50.442608_30.62662_h0.jpg,kyiv,50.442608,30.62662,0,2019-03,streetview
data/images/kyiv/50.442608_30.62662_h90.jpg,kyiv,50.442608,30.62662,90,2019-03,streetview
data/images/kyiv/50.442608_30.62662_h180.jpg,kyiv,50.442608,30.62662,180,2019-03,streetview
data/images/kyiv/50.442608_30.62662_h270.jpg,kyiv,50.442608,30.62662,270,2019-03,streetview
data/images/kyiv/50.422127_30.523244_h0.jpg,kyiv,50.422127,30.523244,0,2018-10,streetview
data/images/kyiv/50.422127_30.523244_h90.jpg,kyiv,50.422127,30.523244,90,2018-10,streetview
data/images/kyiv/50.422127_30.523244_h180.jpg,kyiv,50.422127,30.523244,180,2018-10,streetview
data/images/kyiv/50.422127_30.523244_h270.jpg,kyiv,50.422127,30.523244,270,2018-10,streetview
data/images/kyiv/50.43614_30.543638_h0.jpg,kyiv,50.43614,30.543638,0,2019-04,streetview
data/images/kyiv/50.43614_30.543638_h90.jpg,kyiv,50.43614,30.543638,90,2019-04,streetview
data/images/kyiv/50.43614_30.543638_h180.jpg,kyiv,50.43614,30.543638,180,2019-04,streetview
data/images/kyiv/50.43614_30.543638_h270.jpg,kyiv,50.43614,30.543638,270,2019-04,streetview
data/images/kyiv/50.21839_30.756201_h0.jpg,kyiv,50.21839,30.756201,0,2019-11,streetview
data/images/kyiv/50.21839_30.756201_h90.jpg,kyiv,50.21839,30.756201,90,2019-11,streetview
data/images/kyiv/50.21839_30.756201_h180.jpg,kyiv,50.21839,30.756201,180,2019-11,streetview
data/images/kyiv/50.21839_30.756201_h270.jpg,kyiv,50.21839,30.756201,270,2019-11,streetview
data/images/kyiv/50.504053_30.472891_h0.jpg,kyiv,50.504053,30.472891,0,2020-10,streetview
data/images/kyiv/50.504053_30.472891_h90.jpg,kyiv,50.504053,30.472891,90,2020-10,streetview
data/images/kyiv/50.504053_30.472891_h180.jpg,kyiv,50.504053,30.472891,180,2020-10,streetview
data/images/kyiv/50.504053_30.472891_h270.jpg,kyiv,50.504053,30.472891,270,2020-10,streetview
data/images/kyiv/50.546094_30.484974_h0.jpg,kyiv,50.546094,30.484974,0,2018-10,streetview
data/images/kyiv/50.546094_30.484974_h90.jpg,kyiv,50.546094,30.484974,90,2018-10,streetview
data/images/kyiv/50.546094_30.484974_h180.jpg,kyiv,50.546094,30.484974,180,2018-10,streetview
data/images/kyiv/50.546094_30.484974_h270.jpg,kyiv,50.546094,30.484974,270,2018-10,streetview
data/images/kyiv/50.421049_30.45387_h0.jpg,kyiv,50.421049,30.45387,0,2018-02,streetview
data/images/kyiv/50.421049_30.45387_h90.jpg,kyiv,50.421049,30.45387,90,2018-02,streetview
data/images/kyiv/50.421049_30.45387_h180.jpg,kyiv,50.421049,30.45387,180,2018-02,streetview
data/images/kyiv/50.421049_30.45387_h270.jpg,kyiv,50.421049,30.45387,270,2018-02,streetview
data/images/kyiv/50.242105_30.734546_h0.jpg,kyiv,50.242105,30.734546,0,2019-11,streetview
data/images/kyiv/50.242105_30.734546_h90.jpg,kyiv,50.242105,30.734546,90,2019-11,streetview
data/images/kyiv/50.242105_30.734546_h180.jpg,kyiv,50.242105,30.734546,180,2019-11,streetview
data/images/kyiv/50.242105_30.734546_h270.jpg,kyiv,50.242105,30.734546,270,2019-11,streetview
data/images/kyiv/50.353137_30.734015_h0.jpg,kyiv,50.353137,30.734015,0,2020-08,streetview
data/images/kyiv/50.353137_30.734015_h90.jpg,kyiv,50.353137,30.734015,90,2020-08,streetview
data/images/kyiv/50.353137_30.734015_h180.jpg,kyiv,50.353137,30.734015,180,2020-08,streetview
data/images/kyiv/50.353137_30.734015_h270.jpg,kyiv,50.353137,30.734015,270,2020-08,streetview
data/images/kyiv/50.403801_30.348933_h0.jpg,kyiv,50.403801,30.348933,0,2018-11,streetview
data/images/kyiv/50.403801_30.348933_h90.jpg,kyiv,50.403801,30.348933,90,2018-11,streetview
data/images/kyiv/50.403801_30.348933_h180.jpg,kyiv,50.403801,30.348933,180,2018-11,streetview
data/images/kyiv/50.403801_30.348933_h270.jpg,kyiv,50.403801,30.348933,270,2018-11,streetview
data/images/kyiv/50.256119_30.631844_h0.jpg,kyiv,50.256119,30.631844,0,2018-03,streetview
data/images/kyiv/50.256119_30.631844_h90.jpg,kyiv,50.256119,30.631844,90,2018-03,streetview
data/images/kyiv/50.256119_30.631844_h180.jpg,kyiv,50.256119,30.631844,180,2018-03,streetview
data/images/kyiv/50.256119_30.631844_h270.jpg,kyiv,50.256119,30.631844,270,2018-03,streetview
data/images/kyiv/50.386554_30.458786_h0.jpg,kyiv,50.386554,30.458786,0,2019-09,streetview
data/images/kyiv/50.386554_30.458786_h90.jpg,kyiv,50.386554,30.458786,90,2019-09,streetview
data/images/kyiv/50.386554_30.458786_h180.jpg,kyiv,50.386554,30.458786,180,2019-09,streetview
data/images/kyiv/50.386554_30.458786_h270.jpg,kyiv,50.386554,30.458786,270,2019-09,streetview
data/images/kyiv/50.328343_30.759085_h0.jpg,kyiv,50.328343,30.759085,0,2020-08,streetview
data/images/kyiv/50.328343_30.759085_h90.jpg,kyiv,50.328343,30.759085,90,2020-08,streetview
data/images/kyiv/50.328343_30.759085_h180.jpg,kyiv,50.328343,30.759085,180,2020-08,streetview
data/images/kyiv/50.328343_30.759085_h270.jpg,kyiv,50.328343,30.759085,270,2020-08,streetview
data/images/kyiv/50.515911_30.244086_h0.jpg,kyiv,50.515911,30.244086,0,2021-06,streetview
data/images/kyiv/50.515911_30.244086_h90.jpg,kyiv,50.515911,30.244086,90,2021-06,streetview
data/images/kyiv/50.515911_30.244086_h180.jpg,kyiv,50.515911,30.244086,180,2021-06,streetview
data/images/kyiv/50.515911_30.244086_h270.jpg,kyiv,50.515911,30.244086,270,2021-06,streetview
data/images/kyiv/50.478181_30.447354_h0.jpg,kyiv,50.478181,30.447354,0,2021-10,streetview
data/images/kyiv/50.478181_30.447354_h90.jpg,kyiv,50.478181,30.447354,90,2021-10,streetview
data/images/kyiv/50.478181_30.447354_h180.jpg,kyiv,50.478181,30.447354,180,2021-10,streetview
data/images/kyiv/50.478181_30.447354_h270.jpg,kyiv,50.478181,30.447354,270,2021-10,streetview
data/images/kyiv/50.423205_30.643381_h0.jpg,kyiv,50.423205,30.643381,0,2018-09,streetview
data/images/kyiv/50.423205_30.643381_h90.jpg,kyiv,50.423205,30.643381,90,2018-09,streetview
data/images/kyiv/50.423205_30.643381_h180.jpg,kyiv,50.423205,30.643381,180,2018-09,streetview
data/images/kyiv/50.423205_30.643381_h270.jpg,kyiv,50.423205,30.643381,270,2018-09,streetview
data/images/kyiv/50.502975_30.413567_h0.jpg,kyiv,50.502975,30.413567,0,2020-07,streetview
data/images/kyiv/50.502975_30.413567_h90.jpg,kyiv,50.502975,30.413567,90,2020-07,streetview
data/images/kyiv/50.502975_30.413567_h180.jpg,kyiv,50.502975,30.413567,180,2020-07,streetview
data/images/kyiv/50.502975_30.413567_h270.jpg,kyiv,50.502975,30.413567,270,2020-07,streetview
data/images/kyiv/50.450154_30.443845_h0.jpg,kyiv,50.450154,30.443845,0,2021-06,streetview
data/images/kyiv/50.450154_30.443845_h90.jpg,kyiv,50.450154,30.443845,90,2021-06,streetview
data/images/kyiv/50.450154_30.443845_h180.jpg,kyiv,50.450154,30.443845,180,2021-06,streetview
data/images/kyiv/50.450154_30.443845_h270.jpg,kyiv,50.450154,30.443845,270,2021-06,streetview
data/images/kyiv/50.439374_30.521655_h0.jpg,kyiv,50.439374,30.521655,0,2018-10,streetview
data/images/kyiv/50.439374_30.521655_h90.jpg,kyiv,50.439374,30.521655,90,2018-10,streetview
data/images/kyiv/50.439374_30.521655_h180.jpg,kyiv,50.439374,30.521655,180,2018-10,streetview
data/images/kyiv/50.439374_30.521655_h270.jpg,kyiv,50.439374,30.521655,270,2018-10,streetview
data/images/kyiv/50.458778_30.613206_h0.jpg,kyiv,50.458778,30.613206,0,2026-01,streetview
data/images/kyiv/50.458778_30.613206_h90.jpg,kyiv,50.458778,30.613206,90,2026-01,streetview
data/images/kyiv/50.458778_30.613206_h180.jpg,kyiv,50.458778,30.613206,180,2026-01,streetview
data/images/kyiv/50.458778_30.613206_h270.jpg,kyiv,50.458778,30.613206,270,2026-01,streetview
data/images/kyiv/50.494351_30.245778_h0.jpg,kyiv,50.494351,30.245778,0,2019-06,streetview
data/images/kyiv/50.494351_30.245778_h90.jpg,kyiv,50.494351,30.245778,90,2019-06,streetview
data/images/kyiv/50.494351_30.245778_h180.jpg,kyiv,50.494351,30.245778,180,2019-06,streetview
data/images/kyiv/50.494351_30.245778_h270.jpg,kyiv,50.494351,30.245778,270,2019-06,streetview
data/images/kyiv/50.373618_30.538165_h0.jpg,kyiv,50.373618,30.538165,0,2021-05,streetview
data/images/kyiv/50.373618_30.538165_h90.jpg,kyiv,50.373618,30.538165,90,2021-05,streetview
data/images/kyiv/50.373618_30.538165_h180.jpg,kyiv,50.373618,30.538165,180,2021-05,streetview
data/images/kyiv/50.373618_30.538165_h270.jpg,kyiv,50.373618,30.538165,270,2021-05,streetview
data/images/kyiv/50.277678_30.45997_h0.jpg,kyiv,50.277678,30.45997,0,2023-04,streetview
data/images/kyiv/50.277678_30.45997_h90.jpg,kyiv,50.277678,30.45997,90,2023-04,streetview
data/images/kyiv/50.277678_30.45997_h180.jpg,kyiv,50.277678,30.45997,180,2023-04,streetview
data/images/kyiv/50.277678_30.45997_h270.jpg,kyiv,50.277678,30.45997,270,2023-04,streetview
data/images/kyiv/50.28199_30.689414_h0.jpg,kyiv,50.28199,30.689414,0,2019-11,streetview
data/images/kyiv/50.28199_30.689414_h90.jpg,kyiv,50.28199,30.689414,90,2019-11,streetview
data/images/kyiv/50.28199_30.689414_h180.jpg,kyiv,50.28199,30.689414,180,2019-11,streetview
data/images/kyiv/50.28199_30.689414_h270.jpg,kyiv,50.28199,30.689414,270,2019-11,streetview
data/images/kyiv/50.251807_30.481766_h0.jpg,kyiv,50.251807,30.481766,0,2020-05,streetview
data/images/kyiv/50.251807_30.481766_h90.jpg,kyiv,50.251807,30.481766,90,2020-05,streetview
data/images/kyiv/50.251807_30.481766_h180.jpg,kyiv,50.251807,30.481766,180,2020-05,streetview
data/images/kyiv/50.251807_30.481766_h270.jpg,kyiv,50.251807,30.481766,270,2020-05,streetview
data/images/kyiv/50.236715_30.363715_h0.jpg,kyiv,50.236715,30.363715,0,2021-12,streetview
data/images/kyiv/50.236715_30.363715_h90.jpg,kyiv,50.236715,30.363715,90,2021-12,streetview
data/images/kyiv/50.236715_30.363715_h180.jpg,kyiv,50.236715,30.363715,180,2021-12,streetview
data/images/kyiv/50.236715_30.363715_h270.jpg,kyiv,50.236715,30.363715,270,2021-12,streetview
data/images/kyiv/50.470636_30.51168_h0.jpg,kyiv,50.470636,30.51168,0,2019-09,streetview
data/images/kyiv/50.470636_30.51168_h90.jpg,kyiv,50.470636,30.51168,90,2019-09,streetview
data/images/kyiv/50.470636_30.51168_h180.jpg,kyiv,50.470636,30.51168,180,2019-09,streetview
data/images/kyiv/50.470636_30.51168_h270.jpg,kyiv,50.470636,30.51168,270,2019-09,streetview
data/images/kyiv/50.410269_30.629738_h0.jpg,kyiv,50.410269,30.629738,0,2022-01,streetview
data/images/kyiv/50.410269_30.629738_h90.jpg,kyiv,50.410269,30.629738,90,2022-01,streetview
data/images/kyiv/50.410269_30.629738_h180.jpg,kyiv,50.410269,30.629738,180,2022-01,streetview
data/images/kyiv/50.410269_30.629738_h270.jpg,kyiv,50.410269,30.629738,270,2022-01,streetview
data/images/kyiv/50.340201_30.747392_h0.jpg,kyiv,50.340201,30.747392,0,2020-08,streetview
data/images/kyiv/50.340201_30.747392_h90.jpg,kyiv,50.340201,30.747392,90,2020-08,streetview
data/images/kyiv/50.340201_30.747392_h180.jpg,kyiv,50.340201,30.747392,180,2020-08,streetview
data/images/kyiv/50.340201_30.747392_h270.jpg,kyiv,50.340201,30.747392,270,2020-08,streetview
data/images/kyiv/50.422127_30.641679_h0.jpg,kyiv,50.422127,30.641679,0,2018-09,streetview
data/images/kyiv/50.422127_30.641679_h90.jpg,kyiv,50.422127,30.641679,90,2018-09,streetview
data/images/kyiv/50.422127_30.641679_h180.jpg,kyiv,50.422127,30.641679,180,2018-09,streetview
data/images/kyiv/50.422127_30.641679_h270.jpg,kyiv,50.422127,30.641679,270,2018-09,streetview
data/images/kyiv/50.515911_30.601792_h0.jpg,kyiv,50.515911,30.601792,0,2025-12,streetview
data/images/kyiv/50.515911_30.601792_h90.jpg,kyiv,50.515911,30.601792,90,2025-12,streetview
data/images/kyiv/50.515911_30.601792_h180.jpg,kyiv,50.515911,30.601792,180,2025-12,streetview
data/images/kyiv/50.515911_30.601792_h270.jpg,kyiv,50.515911,30.601792,270,2025-12,streetview
data/images/kyiv/50.399489_30.521417_h0.jpg,kyiv,50.399489,30.521417,0,2019-11,streetview
data/images/kyiv/50.399489_30.521417_h90.jpg,kyiv,50.399489,30.521417,90,2019-11,streetview
data/images/kyiv/50.399489_30.521417_h180.jpg,kyiv,50.399489,30.521417,180,2019-11,streetview
data/images/kyiv/50.399489_30.521417_h270.jpg,kyiv,50.399489,30.521417,270,2019-11,streetview
data/images/kyiv/50.438296_30.305008_h0.jpg,kyiv,50.438296,30.305008,0,2020-06,streetview
data/images/kyiv/50.438296_30.305008_h90.jpg,kyiv,50.438296,30.305008,90,2020-06,streetview
data/images/kyiv/50.438296_30.305008_h180.jpg,kyiv,50.438296,30.305008,180,2020-06,streetview
data/images/kyiv/50.438296_30.305008_h270.jpg,kyiv,50.438296,30.305008,270,2020-06,streetview
data/images/kyiv/50.513755_30.413607_h0.jpg,kyiv,50.513755,30.413607,0,2019-09,streetview
data/images/kyiv/50.513755_30.413607_h90.jpg,kyiv,50.513755,30.413607,90,2019-09,streetview
data/images/kyiv/50.513755_30.413607_h180.jpg,kyiv,50.513755,30.413607,180,2019-09,streetview
data/images/kyiv/50.513755_30.413607_h270.jpg,kyiv,50.513755,30.413607,270,2019-09,streetview
data/images/kyiv/50.427517_30.530045_h0.jpg,kyiv,50.427517,30.530045,0,2019-06,streetview
data/images/kyiv/50.427517_30.530045_h90.jpg,kyiv,50.427517,30.530045,90,2019-06,streetview
data/images/kyiv/50.427517_30.530045_h180.jpg,kyiv,50.427517,30.530045,180,2019-06,streetview
data/images/kyiv/50.427517_30.530045_h270.jpg,kyiv,50.427517,30.530045,270,2019-06,streetview
data/images/kyiv/50.515911_30.503465_h0.jpg,kyiv,50.515911,30.503465,0,2023-07,streetview
data/images/kyiv/50.515911_30.503465_h90.jpg,kyiv,50.515911,30.503465,90,2023-07,streetview
data/images/kyiv/50.515911_30.503465_h180.jpg,kyiv,50.515911,30.503465,180,2023-07,streetview
data/images/kyiv/50.515911_30.503465_h270.jpg,kyiv,50.515911,30.503465,270,2023-07,streetview
data/images/kyiv/50.516989_30.606886_h0.jpg,kyiv,50.516989,30.606886,0,2021-08,streetview
data/images/kyiv/50.516989_30.606886_h90.jpg,kyiv,50.516989,30.606886,90,2021-08,streetview
data/images/kyiv/50.516989_30.606886_h180.jpg,kyiv,50.516989,30.606886,180,2021-08,streetview
data/images/kyiv/50.516989_30.606886_h270.jpg,kyiv,50.516989,30.606886,270,2021-08,streetview
data/images/kyiv/50.494351_30.376256_h0.jpg,kyiv,50.494351,30.376256,0,2019-03,streetview
data/images/kyiv/50.494351_30.376256_h90.jpg,kyiv,50.494351,30.376256,90,2019-03,streetview
data/images/kyiv/50.494351_30.376256_h180.jpg,kyiv,50.494351,30.376256,180,2019-03,streetview
data/images/kyiv/50.494351_30.376256_h270.jpg,kyiv,50.494351,30.376256,270,2019-03,streetview
data/images/kyiv/50.353137_30.4316_h0.jpg,kyiv,50.353137,30.4316,0,2018-11,streetview
data/images/kyiv/50.353137_30.4316_h90.jpg,kyiv,50.353137,30.4316,90,2018-11,streetview
data/images/kyiv/50.353137_30.4316_h180.jpg,kyiv,50.353137,30.4316,180,2018-11,streetview
data/images/kyiv/50.353137_30.4316_h270.jpg,kyiv,50.353137,30.4316,270,2018-11,streetview
data/images/kyiv/50.260431_30.557688_h0.jpg,kyiv,50.260431,30.557688,0,2018-09,streetview
data/images/kyiv/50.260431_30.557688_h90.jpg,kyiv,50.260431,30.557688,90,2018-09,streetview
data/images/kyiv/50.260431_30.557688_h180.jpg,kyiv,50.260431,30.557688,180,2018-09,streetview
data/images/kyiv/50.260431_30.557688_h270.jpg,kyiv,50.260431,30.557688,270,2018-09,streetview
data/images/kyiv/50.52669_30.462829_h0.jpg,kyiv,50.52669,30.462829,0,2020-05,streetview
data/images/kyiv/50.52669_30.462829_h90.jpg,kyiv,50.52669,30.462829,90,2020-05,streetview
data/images/kyiv/50.52669_30.462829_h180.jpg,kyiv,50.52669,30.462829,180,2020-05,streetview
data/images/kyiv/50.52669_30.462829_h270.jpg,kyiv,50.52669,30.462829,270,2020-05,streetview
data/images/kyiv/50.570887_30.675198_h0.jpg,kyiv,50.570887,30.675198,0,2019-03,streetview
data/images/kyiv/50.570887_30.675198_h90.jpg,kyiv,50.570887,30.675198,90,2019-03,streetview
data/images/kyiv/50.570887_30.675198_h180.jpg,kyiv,50.570887,30.675198,180,2019-03,streetview
data/images/kyiv/50.570887_30.675198_h270.jpg,kyiv,50.570887,30.675198,270,2019-03,streetview
data/images/kyiv/50.433985_30.384542_h0.jpg,kyiv,50.433985,30.384542,0,2020-04,streetview
data/images/kyiv/50.433985_30.384542_h90.jpg,kyiv,50.433985,30.384542,90,2020-04,streetview
data/images/kyiv/50.433985_30.384542_h180.jpg,kyiv,50.433985,30.384542,180,2020-04,streetview
data/images/kyiv/50.433985_30.384542_h270.jpg,kyiv,50.433985,30.384542,270,2020-04,streetview
data/images/kyiv/50.504053_30.411876_h0.jpg,kyiv,50.504053,30.411876,0,2021-09,streetview
data/images/kyiv/50.504053_30.411876_h90.jpg,kyiv,50.504053,30.411876,90,2021-09,streetview
data/images/kyiv/50.504053_30.411876_h180.jpg,kyiv,50.504053,30.411876,180,2021-09,streetview
data/images/kyiv/50.504053_30.411876_h270.jpg,kyiv,50.504053,30.411876,270,2021-09,streetview
data/images/kyiv/50.433985_30.492853_h0.jpg,kyiv,50.433985,30.492853,0,2020-06,streetview
data/images/kyiv/50.433985_30.492853_h90.jpg,kyiv,50.433985,30.492853,90,2020-06,streetview
data/images/kyiv/50.433985_30.492853_h180.jpg,kyiv,50.433985,30.492853,180,2020-06,streetview
data/images/kyiv/50.433985_30.492853_h270.jpg,kyiv,50.433985,30.492853,270,2020-06,streetview
data/images/kyiv/50.555796_30.301779_h0.jpg,kyiv,50.555796,30.301779,0,2022-06,streetview
data/images/kyiv/50.555796_30.301779_h90.jpg,kyiv,50.555796,30.301779,90,2022-06,streetview
data/images/kyiv/50.555796_30.301779_h180.jpg,kyiv,50.555796,30.301779,180,2022-06,streetview
data/images/kyiv/50.555796_30.301779_h270.jpg,kyiv,50.555796,30.301779,270,2022-06,streetview
data/images/kyiv/50.4577_30.36599_h0.jpg,kyiv,50.4577,30.36599,0,2021-06,streetview
data/images/kyiv/50.4577_30.36599_h90.jpg,kyiv,50.4577,30.36599,90,2021-06,streetview
data/images/kyiv/50.4577_30.36599_h180.jpg,kyiv,50.4577,30.36599,180,2021-06,streetview
data/images/kyiv/50.4577_30.36599_h270.jpg,kyiv,50.4577,30.36599,270,2021-06,streetview
data/images/kyiv/50.539626_30.250873_h0.jpg,kyiv,50.539626,30.250873,0,2025-04,streetview
data/images/kyiv/50.539626_30.250873_h90.jpg,kyiv,50.539626,30.250873,90,2025-04,streetview
data/images/kyiv/50.539626_30.250873_h180.jpg,kyiv,50.539626,30.250873,180,2025-04,streetview
data/images/kyiv/50.539626_30.250873_h270.jpg,kyiv,50.539626,30.250873,270,2025-04,streetview
data/images/kyiv/50.477103_30.484615_h0.jpg,kyiv,50.477103,30.484615,0,2025-09,streetview
data/images/kyiv/50.477103_30.484615_h90.jpg,kyiv,50.477103,30.484615,90,2025-09,streetview
data/images/kyiv/50.477103_30.484615_h180.jpg,kyiv,50.477103,30.484615,180,2025-09,streetview
data/images/kyiv/50.477103_30.484615_h270.jpg,kyiv,50.477103,30.484615,270,2025-09,streetview
data/images/kyiv/50.47387_30.447335_h0.jpg,kyiv,50.47387,30.447335,0,2024-02,streetview
data/images/kyiv/50.47387_30.447335_h90.jpg,kyiv,50.47387,30.447335,90,2024-02,streetview
data/images/kyiv/50.47387_30.447335_h180.jpg,kyiv,50.47387,30.447335,180,2024-02,streetview
data/images/kyiv/50.47387_30.447335_h270.jpg,kyiv,50.47387,30.447335,270,2024-02,streetview
data/images/kyiv/50.491117_30.46605_h0.jpg,kyiv,50.491117,30.46605,0,2024-12,streetview
data/images/kyiv/50.491117_30.46605_h90.jpg,kyiv,50.491117,30.46605,90,2024-12,streetview
data/images/kyiv/50.491117_30.46605_h180.jpg,kyiv,50.491117,30.46605,180,2024-12,streetview
data/images/kyiv/50.491117_30.46605_h270.jpg,kyiv,50.491117,30.46605,270,2024-12,streetview
data/images/kyiv/50.508365_30.601734_h0.jpg,kyiv,50.508365,30.601734,0,2022-06,streetview
data/images/kyiv/50.508365_30.601734_h90.jpg,kyiv,50.508365,30.601734,90,2022-06,streetview
data/images/kyiv/50.508365_30.601734_h180.jpg,kyiv,50.508365,30.601734,180,2022-06,streetview
data/images/kyiv/50.508365_30.601734_h270.jpg,kyiv,50.508365,30.601734,270,2022-06,streetview
data/images/kyiv/50.437218_30.349011_h0.jpg,kyiv,50.437218,30.349011,0,2019-05,streetview
data/images/kyiv/50.437218_30.349011_h90.jpg,kyiv,50.437218,30.349011,90,2019-05,streetview
data/images/kyiv/50.437218_30.349011_h180.jpg,kyiv,50.437218,30.349011,180,2019-05,streetview
data/images/kyiv/50.437218_30.349011_h270.jpg,kyiv,50.437218,30.349011,270,2019-05,streetview
data/images/kyiv/50.330499_30.755732_h0.jpg,kyiv,50.330499,30.755732,0,2020-08,streetview
data/images/kyiv/50.330499_30.755732_h90.jpg,kyiv,50.330499,30.755732,90,2020-08,streetview
data/images/kyiv/50.330499_30.755732_h180.jpg,kyiv,50.330499,30.755732,180,2020-08,streetview
data/images/kyiv/50.330499_30.755732_h270.jpg,kyiv,50.330499,30.755732,270,2020-08,streetview
data/images/kyiv/50.3941_30.320165_h0.jpg,kyiv,50.3941,30.320165,0,2018-11,streetview
data/images/kyiv/50.3941_30.320165_h90.jpg,kyiv,50.3941,30.320165,90,2018-11,streetview
data/images/kyiv/50.3941_30.320165_h180.jpg,kyiv,50.3941,30.320165,180,2018-11,streetview
data/images/kyiv/50.3941_30.320165_h270.jpg,kyiv,50.3941,30.320165,270,2018-11,streetview
data/images/kyiv/50.250729_30.373867_h0.jpg,kyiv,50.250729,30.373867,0,2021-12,streetview
data/images/kyiv/50.250729_30.373867_h90.jpg,kyiv,50.250729,30.373867,90,2021-12,streetview
data/images/kyiv/50.250729_30.373867_h180.jpg,kyiv,50.250729,30.373867,180,2021-12,streetview
data/images/kyiv/50.250729_30.373867_h270.jpg,kyiv,50.250729,30.373867,270,2021-12,streetview
data/images/kyiv/50.404879_30.633076_h0.jpg,kyiv,50.404879,30.633076,0,2018-09,streetview
data/images/kyiv/50.404879_30.633076_h90.jpg,kyiv,50.404879,30.633076,90,2018-09,streetview
data/images/kyiv/50.404879_30.633076_h180.jpg,kyiv,50.404879,30.633076,180,2018-09,streetview
data/images/kyiv/50.404879_30.633076_h270.jpg,kyiv,50.404879,30.633076,270,2018-09,streetview
data/images/kyiv/50.330499_30.814835_h0.jpg,kyiv,50.330499,30.814835,0,2021-03,streetview
data/images/kyiv/50.330499_30.814835_h90.jpg,kyiv,50.330499,30.814835,90,2021-03,streetview
data/images/kyiv/50.330499_30.814835_h180.jpg,kyiv,50.330499,30.814835,180,2021-03,streetview
data/images/kyiv/50.330499_30.814835_h270.jpg,kyiv,50.330499,30.814835,270,2021-03,streetview
data/images/kyiv/50.504053_30.42374_h0.jpg,kyiv,50.504053,30.42374,0,2018-11,streetview
data/images/kyiv/50.504053_30.42374_h90.jpg,kyiv,50.504053,30.42374,90,2018-11,streetview
data/images/kyiv/50.504053_30.42374_h180.jpg,kyiv,50.504053,30.42374,180,2018-11,streetview
data/images/kyiv/50.504053_30.42374_h270.jpg,kyiv,50.504053,30.42374,270,2018-11,streetview
data/images/kyiv/50.397333_30.343845_h0.jpg,kyiv,50.397333,30.343845,0,2018-06,streetview
data/images/kyiv/50.397333_30.343845_h90.jpg,kyiv,50.397333,30.343845,90,2018-06,streetview
data/images/kyiv/50.397333_30.343845_h180.jpg,kyiv,50.397333,30.343845,180,2018-06,streetview
data/images/kyiv/50.397333_30.343845_h270.jpg,kyiv,50.397333,30.343845,270,2018-06,streetview
data/images/kyiv/50.426439_30.658637_h0.jpg,kyiv,50.426439,30.658637,0,2019-05,streetview
data/images/kyiv/50.426439_30.658637_h90.jpg,kyiv,50.426439,30.658637,90,2019-05,streetview
data/images/kyiv/50.426439_30.658637_h180.jpg,kyiv,50.426439,30.658637,180,2019-05,streetview
data/images/kyiv/50.426439_30.658637_h270.jpg,kyiv,50.426439,30.658637,270,2019-05,streetview
data/images/kyiv/50.493273_30.576201_h0.jpg,kyiv,50.493273,30.576201,0,2021-11,streetview
data/images/kyiv/50.493273_30.576201_h90.jpg,kyiv,50.493273,30.576201,90,2021-11,streetview
data/images/kyiv/50.493273_30.576201_h180.jpg,kyiv,50.493273,30.576201,180,2021-11,streetview
data/images/kyiv/50.493273_30.576201_h270.jpg,kyiv,50.493273,30.576201,270,2021-11,streetview
data/images/kyiv/50.484649_30.474489_h0.jpg,kyiv,50.484649,30.474489,0,2019-03,streetview
data/images/kyiv/50.484649_30.474489_h90.jpg,kyiv,50.484649,30.474489,90,2019-03,streetview
data/images/kyiv/50.484649_30.474489_h180.jpg,kyiv,50.484649,30.474489,180,2019-03,streetview
data/images/kyiv/50.484649_30.474489_h270.jpg,kyiv,50.484649,30.474489,270,2019-03,streetview
data/images/kyiv/50.430751_30.508066_h0.jpg,kyiv,50.430751,30.508066,0,2021-08,streetview
data/images/kyiv/50.430751_30.508066_h90.jpg,kyiv,50.430751,30.508066,90,2021-08,streetview
data/images/kyiv/50.430751_30.508066_h180.jpg,kyiv,50.430751,30.508066,180,2021-08,streetview
data/images/kyiv/50.430751_30.508066_h270.jpg,kyiv,50.430751,30.508066,270,2021-08,streetview
data/images/kyiv/50.330499_30.803014_h0.jpg,kyiv,50.330499,30.803014,0,2020-08,streetview
data/images/kyiv/50.330499_30.803014_h90.jpg,kyiv,50.330499,30.803014,90,2020-08,streetview
data/images/kyiv/50.330499_30.803014_h180.jpg,kyiv,50.330499,30.803014,180,2020-08,streetview
data/images/kyiv/50.330499_30.803014_h270.jpg,kyiv,50.330499,30.803014,270,2020-08,streetview
data/images/kyiv/50.580589_30.491945_h0.jpg,kyiv,50.580589,30.491945,0,2020-11,streetview
data/images/kyiv/50.580589_30.491945_h90.jpg,kyiv,50.580589,30.491945,90,2020-11,streetview
data/images/kyiv/50.580589_30.491945_h180.jpg,kyiv,50.580589,30.491945,180,2020-11,streetview
data/images/kyiv/50.580589_30.491945_h270.jpg,kyiv,50.580589,30.491945,270,2020-11,streetview
data/images/kyiv/50.407035_30.51808_h0.jpg,kyiv,50.407035,30.51808,0,2019-03,streetview
data/images/kyiv/50.407035_30.51808_h90.jpg,kyiv,50.407035,30.51808,90,2019-03,streetview
data/images/kyiv/50.407035_30.51808_h180.jpg,kyiv,50.407035,30.51808,180,2019-03,streetview
data/images/kyiv/50.407035_30.51808_h270.jpg,kyiv,50.407035,30.51808,270,2019-03,streetview
data/images/kyiv/50.438296_30.384556_h0.jpg,kyiv,50.438296,30.384556,0,2020-11,streetview
data/images/kyiv/50.438296_30.384556_h90.jpg,kyiv,50.438296,30.384556,90,2020-11,streetview
data/images/kyiv/50.438296_30.384556_h180.jpg,kyiv,50.438296,30.384556,180,2020-11,streetview
data/images/kyiv/50.438296_30.384556_h270.jpg,kyiv,50.438296,30.384556,270,2020-11,streetview
data/images/kyiv/50.456622_30.365987_h0.jpg,kyiv,50.456622,30.365987,0,2018-05,streetview
data/images/kyiv/50.456622_30.365987_h90.jpg,kyiv,50.456622,30.365987,90,2018-05,streetview
data/images/kyiv/50.456622_30.365987_h180.jpg,kyiv,50.456622,30.365987,180,2018-05,streetview
data/images/kyiv/50.456622_30.365987_h270.jpg,kyiv,50.456622,30.365987,270,2018-05,streetview
data/images/kyiv/50.531002_30.613779_h0.jpg,kyiv,50.531002,30.613779,0,2018-05,streetview
data/images/kyiv/50.531002_30.613779_h90.jpg,kyiv,50.531002,30.613779,90,2018-05,streetview
data/images/kyiv/50.531002_30.613779_h180.jpg,kyiv,50.531002,30.613779,180,2018-05,streetview
data/images/kyiv/50.531002_30.613779_h270.jpg,kyiv,50.531002,30.613779,270,2018-05,streetview
data/images/kyiv/50.506209_30.447478_h0.jpg,kyiv,50.506209,30.447478,0,2019-03,streetview
data/images/kyiv/50.506209_30.447478_h90.jpg,kyiv,50.506209,30.447478,90,2019-03,streetview
data/images/kyiv/50.506209_30.447478_h180.jpg,kyiv,50.506209,30.447478,180,2019-03,streetview
data/images/kyiv/50.506209_30.447478_h270.jpg,kyiv,50.506209,30.447478,270,2019-03,streetview
data/images/kyiv/50.425361_30.506343_h0.jpg,kyiv,50.425361,30.506343,0,2020-09,streetview
data/images/kyiv/50.425361_30.506343_h90.jpg,kyiv,50.425361,30.506343,90,2020-09,streetview
data/images/kyiv/50.425361_30.506343_h180.jpg,kyiv,50.425361,30.506343,180,2020-09,streetview
data/images/kyiv/50.425361_30.506343_h270.jpg,kyiv,50.425361,30.506343,270,2020-09,streetview
data/images/kyiv/50.465246_30.357543_h0.jpg,kyiv,50.465246,30.357543,0,2019-04,streetview
data/images/kyiv/50.465246_30.357543_h90.jpg,kyiv,50.465246,30.357543,90,2019-04,streetview
data/images/kyiv/50.465246_30.357543_h180.jpg,kyiv,50.465246,30.357543,180,2019-04,streetview
data/images/kyiv/50.465246_30.357543_h270.jpg,kyiv,50.465246,30.357543,270,2019-04,streetview
data/images/kyiv/50.562263_30.69039_h0.jpg,kyiv,50.562263,30.69039,0,2019-03,streetview
data/images/kyiv/50.562263_30.69039_h90.jpg,kyiv,50.562263,30.69039,90,2019-03,streetview
data/images/kyiv/50.562263_30.69039_h180.jpg,kyiv,50.562263,30.69039,180,2019-03,streetview
data/images/kyiv/50.562263_30.69039_h270.jpg,kyiv,50.562263,30.69039,270,2019-03,streetview
data/images/kyiv/50.349903_30.477199_h0.jpg,kyiv,50.349903,30.477199,0,2019-03,streetview
data/images/kyiv/50.349903_30.477199_h90.jpg,kyiv,50.349903,30.477199,90,2019-03,streetview
data/images/kyiv/50.349903_30.477199_h180.jpg,kyiv,50.349903,30.477199,180,2019-03,streetview
data/images/kyiv/50.349903_30.477199_h270.jpg,kyiv,50.349903,30.477199,270,2019-03,streetview
data/images/kyiv/50.488961_30.486371_h0.jpg,kyiv,50.488961,30.486371,0,2021-08,streetview
data/images/kyiv/50.488961_30.486371_h90.jpg,kyiv,50.488961,30.486371,90,2021-08,streetview
data/images/kyiv/50.488961_30.486371_h180.jpg,kyiv,50.488961,30.486371,180,2021-08,streetview
data/images/kyiv/50.488961_30.486371_h270.jpg,kyiv,50.488961,30.486371,270,2021-08,streetview
data/images/kyiv/50.443686_30.604623_h0.jpg,kyiv,50.443686,30.604623,0,2020-07,streetview
data/images/kyiv/50.443686_30.604623_h90.jpg,kyiv,50.443686,30.604623,90,2020-07,streetview
data/images/kyiv/50.443686_30.604623_h180.jpg,kyiv,50.443686,30.604623,180,2020-07,streetview
data/images/kyiv/50.443686_30.604623_h270.jpg,kyiv,50.443686,30.604623,270,2020-07,streetview
data/images/kyiv/50.46309_30.474382_h0.jpg,kyiv,50.46309,30.474382,0,2021-11,streetview
data/images/kyiv/50.46309_30.474382_h90.jpg,kyiv,50.46309,30.474382,90,2021-11,streetview
data/images/kyiv/50.46309_30.474382_h180.jpg,kyiv,50.46309,30.474382,180,2021-11,streetview
data/images/kyiv/50.46309_30.474382_h270.jpg,kyiv,50.46309,30.474382,270,2021-11,streetview
data/images/kyiv/50.456622_30.36768_h0.jpg,kyiv,50.456622,30.36768,0,2021-06,streetview
data/images/kyiv/50.456622_30.36768_h90.jpg,kyiv,50.456622,30.36768,90,2021-06,streetview
data/images/kyiv/50.456622_30.36768_h180.jpg,kyiv,50.456622,30.36768,180,2021-06,streetview
data/images/kyiv/50.456622_30.36768_h270.jpg,kyiv,50.456622,30.36768,270,2021-06,streetview
data/images/kyiv/50.492195_30.366083_h0.jpg,kyiv,50.492195,30.366083,0,2019-02,streetview
data/images/kyiv/50.492195_30.366083_h90.jpg,kyiv,50.492195,30.366083,90,2019-02,streetview
data/images/kyiv/50.492195_30.366083_h180.jpg,kyiv,50.492195,30.366083,180,2019-02,streetview
data/images/kyiv/50.492195_30.366083_h270.jpg,kyiv,50.492195,30.366083,270,2019-02,streetview
data/images/kyiv/50.583823_30.653247_h0.jpg,kyiv,50.583823,30.653247,0,2019-03,streetview
data/images/kyiv/50.583823_30.653247_h90.jpg,kyiv,50.583823,30.653247,90,2019-03,streetview
data/images/kyiv/50.583823_30.653247_h180.jpg,kyiv,50.583823,30.653247,180,2019-03,streetview
data/images/kyiv/50.583823_30.653247_h270.jpg,kyiv,50.583823,30.653247,270,2019-03,streetview
data/images/kyiv/50.444764_30.481062_h0.jpg,kyiv,50.444764,30.481062,0,2019-03,streetview
data/images/kyiv/50.444764_30.481062_h90.jpg,kyiv,50.444764,30.481062,90,2019-03,streetview
data/images/kyiv/50.444764_30.481062_h180.jpg,kyiv,50.444764,30.481062,180,2019-03,streetview
data/images/kyiv/50.444764_30.481062_h270.jpg,kyiv,50.444764,30.481062,270,2019-03,streetview
data/images/kyiv/50.464168_30.338913_h0.jpg,kyiv,50.464168,30.338913,0,2019-02,streetview
data/images/kyiv/50.464168_30.338913_h90.jpg,kyiv,50.464168,30.338913,90,2019-02,streetview
data/images/kyiv/50.464168_30.338913_h180.jpg,kyiv,50.464168,30.338913,180,2019-02,streetview
data/images/kyiv/50.464168_30.338913_h270.jpg,kyiv,50.464168,30.338913,270,2019-02,streetview
data/images/kyiv/50.382242_30.431718_h0.jpg,kyiv,50.382242,30.431718,0,2019-09,streetview
data/images/kyiv/50.382242_30.431718_h90.jpg,kyiv,50.382242,30.431718,90,2019-09,streetview
data/images/kyiv/50.382242_30.431718_h180.jpg,kyiv,50.382242,30.431718,180,2019-09,streetview
data/images/kyiv/50.382242_30.431718_h270.jpg,kyiv,50.382242,30.431718,270,2019-09,streetview
data/images/kyiv/50.430751_30.472529_h0.jpg,kyiv,50.430751,30.472529,0,2019-03,streetview
data/images/kyiv/50.430751_30.472529_h90.jpg,kyiv,50.430751,30.472529,90,2019-03,streetview
data/images/kyiv/50.430751_30.472529_h180.jpg,kyiv,50.430751,30.472529,180,2019-03,streetview
data/images/kyiv/50.430751_30.472529_h270.jpg,kyiv,50.430751,30.472529,270,2019-03,streetview
data/images/kyiv/50.349903_30.47551_h0.jpg,kyiv,50.349903,30.47551,0,2021-03,streetview
data/images/kyiv/50.349903_30.47551_h90.jpg,kyiv,50.349903,30.47551,90,2021-03,streetview
data/images/kyiv/50.349903_30.47551_h180.jpg,kyiv,50.349903,30.47551,180,2021-03,streetview
data/images/kyiv/50.349903_30.47551_h270.jpg,kyiv,50.349903,30.47551,270,2021-03,streetview
data/images/kyiv/50.427517_30.538506_h0.jpg,kyiv,50.427517,30.538506,0,2024-06,streetview
data/images/kyiv/50.427517_30.538506_h90.jpg,kyiv,50.427517,30.538506,90,2024-06,streetview
data/images/kyiv/50.427517_30.538506_h180.jpg,kyiv,50.427517,30.538506,180,2024-06,streetview
data/images/kyiv/50.427517_30.538506_h270.jpg,kyiv,50.427517,30.538506,270,2024-06,streetview
data/images/kyiv/50.494351_30.252556_h0.jpg,kyiv,50.494351,30.252556,0,2019-06,streetview
data/images/kyiv/50.494351_30.252556_h90.jpg,kyiv,50.494351,30.252556,90,2019-06,streetview
data/images/kyiv/50.494351_30.252556_h180.jpg,kyiv,50.494351,30.252556,180,2019-06,streetview
data/images/kyiv/50.494351_30.252556_h270.jpg,kyiv,50.494351,30.252556,270,2019-06,streetview
data/images/kyiv/50.502975_30.544069_h0.jpg,kyiv,50.502975,30.544069,0,2021-09,streetview
data/images/kyiv/50.502975_30.544069_h90.jpg,kyiv,50.502975,30.544069,90,2021-09,streetview
data/images/kyiv/50.502975_30.544069_h180.jpg,kyiv,50.502975,30.544069,180,2021-09,streetview
data/images/kyiv/50.502975_30.544069_h270.jpg,kyiv,50.502975,30.544069,270,2021-09,streetview
data/images/kyiv/50.244261_30.732883_h0.jpg,kyiv,50.244261,30.732883,0,2019-11,streetview
data/images/kyiv/50.244261_30.732883_h90.jpg,kyiv,50.244261,30.732883,90,2019-11,streetview
data/images/kyiv/50.244261_30.732883_h180.jpg,kyiv,50.244261,30.732883,180,2019-11,streetview
data/images/kyiv/50.244261_30.732883_h270.jpg,kyiv,50.244261,30.732883,270,2019-11,streetview
data/images/kyiv/50.439374_30.464109_h0.jpg,kyiv,50.439374,30.464109,0,2018-06,streetview
data/images/kyiv/50.439374_30.464109_h90.jpg,kyiv,50.439374,30.464109,90,2018-06,streetview
data/images/kyiv/50.439374_30.464109_h180.jpg,kyiv,50.439374,30.464109,180,2018-06,streetview
data/images/kyiv/50.439374_30.464109_h270.jpg,kyiv,50.439374,30.464109,270,2018-06,streetview
data/images/kyiv/50.46309_30.476075_h0.jpg,kyiv,50.46309,30.476075,0,2021-11,streetview
data/images/kyiv/50.46309_30.476075_h90.jpg,kyiv,50.46309,30.476075,90,2021-11,streetview
data/images/kyiv/50.46309_30.476075_h180.jpg,kyiv,50.46309,30.476075,180,2021-11,streetview
data/images/kyiv/50.46309_30.476075_h270.jpg,kyiv,50.46309,30.476075,270,2021-11,streetview
data/images/kyiv/50.386554_30.472311_h0.jpg,kyiv,50.386554,30.472311,0,2018-09,streetview
data/images/kyiv/50.386554_30.472311_h90.jpg,kyiv,50.386554,30.472311,90,2018-09,streetview
data/images/kyiv/50.386554_30.472311_h180.jpg,kyiv,50.386554,30.472311,180,2018-09,streetview
data/images/kyiv/50.386554_30.472311_h270.jpg,kyiv,50.386554,30.472311,270,2018-09,streetview
data/images/kyiv/50.493273_30.544006_h0.jpg,kyiv,50.493273,30.544006,0,2018-06,streetview
data/images/kyiv/50.493273_30.544006_h90.jpg,kyiv,50.493273,30.544006,90,2018-06,streetview
data/images/kyiv/50.493273_30.544006_h180.jpg,kyiv,50.493273,30.544006,180,2018-06,streetview
data/images/kyiv/50.493273_30.544006_h270.jpg,kyiv,50.493273,30.544006,270,2018-06,streetview
data/images/kyiv/50.525612_30.462824_h0.jpg,kyiv,50.525612,30.462824,0,2018-10,streetview
data/images/kyiv/50.525612_30.462824_h90.jpg,kyiv,50.525612,30.462824,90,2018-10,streetview
data/images/kyiv/50.525612_30.462824_h180.jpg,kyiv,50.525612,30.462824,180,2018-10,streetview
data/images/kyiv/50.525612_30.462824_h270.jpg,kyiv,50.525612,30.462824,270,2018-10,streetview
data/images/kyiv/50.498663_30.769432_h0.jpg,kyiv,50.498663,30.769432,0,2021-11,streetview
data/images/kyiv/50.498663_30.769432_h90.jpg,kyiv,50.498663,30.769432,90,2021-11,streetview
data/images/kyiv/50.498663_30.769432_h180.jpg,kyiv,50.498663,30.769432,180,2021-11,streetview
data/images/kyiv/50.498663_30.769432_h270.jpg,kyiv,50.498663,30.769432,270,2021-11,streetview
data/images/kyiv/50.516989_30.77981_h0.jpg,kyiv,50.516989,30.77981,0,2018-06,streetview
data/images/kyiv/50.516989_30.77981_h90.jpg,kyiv,50.516989,30.77981,90,2018-06,streetview
data/images/kyiv/50.516989_30.77981_h180.jpg,kyiv,50.516989,30.77981,180,2018-06,streetview
data/images/kyiv/50.516989_30.77981_h270.jpg,kyiv,50.516989,30.77981,270,2018-06,streetview
data/images/kyiv/50.426439_30.524962_h0.jpg,kyiv,50.426439,30.524962,0,2020-03,streetview
data/images/kyiv/50.426439_30.524962_h90.jpg,kyiv,50.426439,30.524962,90,2020-03,streetview
data/images/kyiv/50.426439_30.524962_h180.jpg,kyiv,50.426439,30.524962,180,2020-03,streetview
data/images/kyiv/50.426439_30.524962_h270.jpg,kyiv,50.426439,30.524962,270,2020-03,streetview
data/images/kyiv/50.573043_30.67352_h0.jpg,kyiv,50.573043,30.67352,0,2019-03,streetview
data/images/kyiv/50.573043_30.67352_h90.jpg,kyiv,50.573043,30.67352,90,2019-03,streetview
data/images/kyiv/50.573043_30.67352_h180.jpg,kyiv,50.573043,30.67352,180,2019-03,streetview
data/images/kyiv/50.573043_30.67352_h270.jpg,kyiv,50.573043,30.67352,270,2019-03,streetview
data/images/kyiv/50.515911_30.605183_h0.jpg,kyiv,50.515911,30.605183,0,2021-08,streetview
data/images/kyiv/50.515911_30.605183_h90.jpg,kyiv,50.515911,30.605183,90,2021-08,streetview
data/images/kyiv/50.515911_30.605183_h180.jpg,kyiv,50.515911,30.605183,180,2021-08,streetview
data/images/kyiv/50.515911_30.605183_h270.jpg,kyiv,50.515911,30.605183,270,2021-08,streetview
data/images/kyiv/50.4577_30.401547_h0.jpg,kyiv,50.4577,30.401547,0,2021-06,streetview
data/images/kyiv/50.4577_30.401547_h90.jpg,kyiv,50.4577,30.401547,90,2021-06,streetview
data/images/kyiv/50.4577_30.401547_h180.jpg,kyiv,50.4577,30.401547,180,2021-06,streetview
data/images/kyiv/50.4577_30.401547_h270.jpg,kyiv,50.4577,30.401547,270,2021-06,streetview
data/images/kyiv/50.278756_30.379007_h0.jpg,kyiv,50.278756,30.379007,0,2021-04,streetview
data/images/kyiv/50.278756_30.379007_h90.jpg,kyiv,50.278756,30.379007,90,2021-04,streetview
data/images/kyiv/50.278756_30.379007_h180.jpg,kyiv,50.278756,30.379007,180,2021-04,streetview
data/images/kyiv/50.278756_30.379007_h270.jpg,kyiv,50.278756,30.379007,270,2021-04,streetview
data/images/kyiv/50.54286_30.264444_h0.jpg,kyiv,50.54286,30.264444,0,2019-06,streetview
data/images/kyiv/50.54286_30.264444_h90.jpg,kyiv,50.54286,30.264444,90,2019-06,streetview
data/images/kyiv/50.54286_30.264444_h180.jpg,kyiv,50.54286,30.264444,180,2019-06,streetview
data/images/kyiv/50.54286_30.264444_h270.jpg,kyiv,50.54286,30.264444,270,2019-06,streetview
data/images/kyiv/50.506209_30.472902_h0.jpg,kyiv,50.506209,30.472902,0,2020-10,streetview
data/images/kyiv/50.506209_30.472902_h90.jpg,kyiv,50.506209,30.472902,90,2020-10,streetview
data/images/kyiv/50.506209_30.472902_h180.jpg,kyiv,50.506209,30.472902,180,2020-10,streetview
data/images/kyiv/50.506209_30.472902_h270.jpg,kyiv,50.506209,30.472902,270,2020-10,streetview
data/images/kyiv/50.409191_30.543464_h0.jpg,kyiv,50.409191,30.543464,0,2021-09,streetview
data/images/kyiv/50.409191_30.543464_h90.jpg,kyiv,50.409191,30.543464,90,2021-09,streetview
data/images/kyiv/50.409191_30.543464_h180.jpg,kyiv,50.409191,30.543464,180,2021-09,streetview
data/images/kyiv/50.409191_30.543464_h270.jpg,kyiv,50.409191,30.543464,270,2021-09,streetview
data/images/kyiv/50.454466_30.643648_h0.jpg,kyiv,50.454466,30.643648,0,2019-05,streetview
data/images/kyiv/50.454466_30.643648_h90.jpg,kyiv,50.454466,30.643648,90,2019-05,streetview
data/images/kyiv/50.454466_30.643648_h180.jpg,kyiv,50.454466,30.643648,180,2019-05,streetview
data/images/kyiv/50.454466_30.643648_h270.jpg,kyiv,50.454466,30.643648,270,2019-05,streetview
data/images/kyiv/50.389788_30.382716_h0.jpg,kyiv,50.389788,30.382716,0,2021-10,streetview
data/images/kyiv/50.389788_30.382716_h90.jpg,kyiv,50.389788,30.382716,90,2021-10,streetview
data/images/kyiv/50.389788_30.382716_h180.jpg,kyiv,50.389788,30.382716,180,2021-10,streetview
data/images/kyiv/50.389788_30.382716_h270.jpg,kyiv,50.389788,30.382716,270,2021-10,streetview
data/images/kyiv/50.46848_30.359245_h0.jpg,kyiv,50.46848,30.359245,0,2021-06,streetview
data/images/kyiv/50.46848_30.359245_h90.jpg,kyiv,50.46848,30.359245,90,2021-06,streetview
data/images/kyiv/50.46848_30.359245_h180.jpg,kyiv,50.46848,30.359245,180,2021-06,streetview
data/images/kyiv/50.46848_30.359245_h270.jpg,kyiv,50.46848,30.359245,270,2021-06,streetview
data/images/kyiv/50.491117_30.415218_h0.jpg,kyiv,50.491117,30.415218,0,2019-04,streetview
data/images/kyiv/50.491117_30.415218_h90.jpg,kyiv,50.491117,30.415218,90,2019-04,streetview
data/images/kyiv/50.491117_30.415218_h180.jpg,kyiv,50.491117,30.415218,180,2019-04,streetview
data/images/kyiv/50.491117_30.415218_h270.jpg,kyiv,50.491117,30.415218,270,2019-04,streetview
data/images/kyiv/50.415659_30.538431_h0.jpg,kyiv,50.415659,30.538431,0,2021-09,streetview
data/images/kyiv/50.415659_30.538431_h90.jpg,kyiv,50.415659,30.538431,90,2021-09,streetview
data/images/kyiv/50.415659_30.538431_h180.jpg,kyiv,50.415659,30.538431,180,2021-09,streetview
data/images/kyiv/50.415659_30.538431_h270.jpg,kyiv,50.415659,30.538431,270,2021-09,streetview
data/images/kyiv/50.443686_30.443817_h0.jpg,kyiv,50.443686,30.443817,0,2020-05,streetview
data/images/kyiv/50.443686_30.443817_h90.jpg,kyiv,50.443686,30.443817,90,2020-05,streetview
data/images/kyiv/50.443686_30.443817_h180.jpg,kyiv,50.443686,30.443817,180,2020-05,streetview
data/images/kyiv/50.443686_30.443817_h270.jpg,kyiv,50.443686,30.443817,270,2020-05,streetview
data/images/kyiv/50.464168_30.609862_h0.jpg,kyiv,50.464168,30.609862,0,2025-12,streetview
data/images/kyiv/50.464168_30.609862_h90.jpg,kyiv,50.464168,30.609862,90,2025-12,streetview
data/images/kyiv/50.464168_30.609862_h180.jpg,kyiv,50.464168,30.609862,180,2025-12,streetview
data/images/kyiv/50.464168_30.609862_h270.jpg,kyiv,50.464168,30.609862,270,2025-12,streetview
data/images/kyiv/50.46848_30.430375_h0.jpg,kyiv,50.46848,30.430375,0,2020-04,streetview
data/images/kyiv/50.46848_30.430375_h90.jpg,kyiv,50.46848,30.430375,90,2020-04,streetview
data/images/kyiv/50.46848_30.430375_h180.jpg,kyiv,50.46848,30.430375,180,2020-04,streetview
data/images/kyiv/50.46848_30.430375_h270.jpg,kyiv,50.46848,30.430375,270,2020-04,streetview
data/images/kyiv/50.433985_30.531777_h0.jpg,kyiv,50.433985,30.531777,0,2021-10,streetview
data/images/kyiv/50.433985_30.531777_h90.jpg,kyiv,50.433985,30.531777,90,2021-10,streetview
data/images/kyiv/50.433985_30.531777_h180.jpg,kyiv,50.433985,30.531777,180,2021-10,streetview
data/images/kyiv/50.433985_30.531777_h270.jpg,kyiv,50.433985,30.531777,270,2021-10,streetview
data/images/kyiv/50.582745_30.488561_h0.jpg,kyiv,50.582745,30.488561,0,2021-01,streetview
data/images/kyiv/50.582745_30.488561_h90.jpg,kyiv,50.582745,30.488561,90,2021-01,streetview
data/images/kyiv/50.582745_30.488561_h180.jpg,kyiv,50.582745,30.488561,180,2021-01,streetview
data/images/kyiv/50.582745_30.488561_h270.jpg,kyiv,50.582745,30.488561,270,2021-01,streetview
data/images/kyiv/50.447998_30.447221_h0.jpg,kyiv,50.447998,30.447221,0,2021-06,streetview
data/images/kyiv/50.447998_30.447221_h90.jpg,kyiv,50.447998,30.447221,90,2021-06,streetview
data/images/kyiv/50.447998_30.447221_h180.jpg,kyiv,50.447998,30.447221,180,2021-06,streetview
data/images/kyiv/50.447998_30.447221_h270.jpg,kyiv,50.447998,30.447221,270,2021-06,streetview
data/images/kyiv/50.497585_30.384738_h0.jpg,kyiv,50.497585,30.384738,0,2019-09,streetview
data/images/kyiv/50.497585_30.384738_h90.jpg,kyiv,50.497585,30.384738,90,2019-09,streetview
data/images/kyiv/50.497585_30.384738_h180.jpg,kyiv,50.497585,30.384738,180,2019-09,streetview
data/images/kyiv/50.497585_30.384738_h270.jpg,kyiv,50.497585,30.384738,270,2019-09,streetview
data/images/kyiv/50.239949_30.505302_h0.jpg,kyiv,50.239949,30.505302,0,2020-09,streetview
data/images/kyiv/50.239949_30.505302_h90.jpg,kyiv,50.239949,30.505302,90,2020-09,streetview
data/images/kyiv/50.239949_30.505302_h180.jpg,kyiv,50.239949,30.505302,180,2020-09,streetview
data/images/kyiv/50.239949_30.505302_h270.jpg,kyiv,50.239949,30.505302,270,2020-09,streetview
data/images/kyiv/50.326187_30.303163_h0.jpg,kyiv,50.326187,30.303163,0,2021-09,streetview
data/images/kyiv/50.326187_30.303163_h90.jpg,kyiv,50.326187,30.303163,90,2021-09,streetview
data/images/kyiv/50.326187_30.303163_h180.jpg,kyiv,50.326187,30.303163,180,2021-09,streetview
data/images/kyiv/50.326187_30.303163_h270.jpg,kyiv,50.326187,30.303163,270,2021-09,streetview
data/images/kyiv/50.374696_30.374219_h0.jpg,kyiv,50.374696,30.374219,0,2024-09,streetview
data/images/kyiv/50.374696_30.374219_h90.jpg,kyiv,50.374696,30.374219,90,2024-09,streetview
data/images/kyiv/50.374696_30.374219_h180.jpg,kyiv,50.374696,30.374219,180,2024-09,streetview
data/images/kyiv/50.374696_30.374219_h270.jpg,kyiv,50.374696,30.374219,270,2024-09,streetview
data/images/kyiv/50.518066_30.247477_h0.jpg,kyiv,50.518066,30.247477,0,2021-06,streetview
data/images/kyiv/50.518066_30.247477_h90.jpg,kyiv,50.518066,30.247477,90,2021-06,streetview
data/images/kyiv/50.518066_30.247477_h180.jpg,kyiv,50.518066,30.247477,180,2021-06,streetview
data/images/kyiv/50.518066_30.247477_h270.jpg,kyiv,50.518066,30.247477,270,2021-06,streetview
data/images/kyiv/50.453388_30.520046_h0.jpg,kyiv,50.453388,30.520046,0,2021-08,streetview
data/images/kyiv/50.453388_30.520046_h90.jpg,kyiv,50.453388,30.520046,90,2021-08,streetview
data/images/kyiv/50.453388_30.520046_h180.jpg,kyiv,50.453388,30.520046,180,2021-08,streetview
data/images/kyiv/50.453388_30.520046_h270.jpg,kyiv,50.453388,30.520046,270,2021-08,streetview
data/images/kyiv/50.242105_30.3671_h0.jpg,kyiv,50.242105,30.3671,0,2021-12,streetview
data/images/kyiv/50.242105_30.3671_h90.jpg,kyiv,50.242105,30.3671,90,2021-12,streetview
data/images/kyiv/50.242105_30.3671_h180.jpg,kyiv,50.242105,30.3671,180,2021-12,streetview
data/images/kyiv/50.242105_30.3671_h270.jpg,kyiv,50.242105,30.3671,270,2021-12,streetview
data/images/kyiv/50.450154_30.43538_h0.jpg,kyiv,50.450154,30.43538,0,2021-06,streetview
data/images/kyiv/50.450154_30.43538_h90.jpg,kyiv,50.450154,30.43538,90,2021-06,streetview
data/images/kyiv/50.450154_30.43538_h180.jpg,kyiv,50.450154,30.43538,180,2021-06,streetview
data/images/kyiv/50.450154_30.43538_h270.jpg,kyiv,50.450154,30.43538,270,2021-06,streetview
data/images/kyiv/50.432907_30.481001_h0.jpg,kyiv,50.432907,30.481001,0,2019-03,streetview
data/images/kyiv/50.432907_30.481001_h90.jpg,kyiv,50.432907,30.481001,90,2019-03,streetview
data/images/kyiv/50.432907_30.481001_h180.jpg,kyiv,50.432907,30.481001,180,2019-03,streetview
data/images/kyiv/50.432907_30.481001_h270.jpg,kyiv,50.432907,30.481001,270,2019-03,streetview
data/images/kyiv/50.432907_30.56054_h0.jpg,kyiv,50.432907,30.56054,0,2019-06,streetview
data/images/kyiv/50.432907_30.56054_h90.jpg,kyiv,50.432907,30.56054,90,2019-06,streetview
data/images/kyiv/50.432907_30.56054_h180.jpg,kyiv,50.432907,30.56054,180,2019-06,streetview
data/images/kyiv/50.432907_30.56054_h270.jpg,kyiv,50.432907,30.56054,270,2019-06,streetview
data/images/kyiv/50.46309_30.50317_h0.jpg,kyiv,50.46309,30.50317,0,2018-11,streetview
data/images/kyiv/50.46309_30.50317_h90.jpg,kyiv,50.46309,30.50317,90,2018-11,streetview
data/images/kyiv/50.46309_30.50317_h180.jpg,kyiv,50.46309,30.50317,180,2018-11,streetview
data/images/kyiv/50.46309_30.50317_h270.jpg,kyiv,50.46309,30.50317,270,2018-11,streetview
data/images/kyiv/50.516989_30.615363_h0.jpg,kyiv,50.516989,30.615363,0,2026-05,streetview
data/images/kyiv/50.516989_30.615363_h90.jpg,kyiv,50.516989,30.615363,90,2026-05,streetview
data/images/kyiv/50.516989_30.615363_h180.jpg,kyiv,50.516989,30.615363,180,2026-05,streetview
data/images/kyiv/50.516989_30.615363_h270.jpg,kyiv,50.516989,30.615363,270,2026-05,streetview
data/images/kyiv/50.417815_30.633184_h0.jpg,kyiv,50.417815,30.633184,0,2025-06,streetview
data/images/kyiv/50.417815_30.633184_h90.jpg,kyiv,50.417815,30.633184,90,2025-06,streetview
data/images/kyiv/50.417815_30.633184_h180.jpg,kyiv,50.417815,30.633184,180,2025-06,streetview
data/images/kyiv/50.417815_30.633184_h270.jpg,kyiv,50.417815,30.633184,270,2025-06,streetview
data/images/kyiv/50.495429_30.42879_h0.jpg,kyiv,50.495429,30.42879,0,2021-05,streetview
data/images/kyiv/50.495429_30.42879_h90.jpg,kyiv,50.495429,30.42879,90,2021-05,streetview
data/images/kyiv/50.495429_30.42879_h180.jpg,kyiv,50.495429,30.42879,180,2021-05,streetview
data/images/kyiv/50.495429_30.42879_h270.jpg,kyiv,50.495429,30.42879,270,2021-05,streetview
data/images/kyiv/50.421049_30.545232_h0.jpg,kyiv,50.421049,30.545232,0,2020-07,streetview
data/images/kyiv/50.421049_30.545232_h90.jpg,kyiv,50.421049,30.545232,90,2020-07,streetview
data/images/kyiv/50.421049_30.545232_h180.jpg,kyiv,50.421049,30.545232,180,2020-07,streetview
data/images/kyiv/50.421049_30.545232_h270.jpg,kyiv,50.421049,30.545232,270,2020-07,streetview
data/images/kyiv/50.221624_30.754551_h0.jpg,kyiv,50.221624,30.754551,0,2019-11,streetview
data/images/kyiv/50.221624_30.754551_h90.jpg,kyiv,50.221624,30.754551,90,2019-11,streetview
data/images/kyiv/50.221624_30.754551_h180.jpg,kyiv,50.221624,30.754551,180,2019-11,streetview
data/images/kyiv/50.221624_30.754551_h270.jpg,kyiv,50.221624,30.754551,270,2019-11,streetview
data/images/kyiv/50.440452_30.526739_h0.jpg,kyiv,50.440452,30.526739,0,2018-06,streetview
data/images/kyiv/50.440452_30.526739_h90.jpg,kyiv,50.440452,30.526739,90,2018-06,streetview
data/images/kyiv/50.440452_30.526739_h180.jpg,kyiv,50.440452,30.526739,180,2018-06,streetview
data/images/kyiv/50.440452_30.526739_h270.jpg,kyiv,50.440452,30.526739,270,2018-06,streetview
data/images/kyiv/50.341279_30.423106_h0.jpg,kyiv,50.341279,30.423106,0,2021-07,streetview
data/images/kyiv/50.341279_30.423106_h90.jpg,kyiv,50.341279,30.423106,90,2021-07,streetview
data/images/kyiv/50.341279_30.423106_h180.jpg,kyiv,50.341279,30.423106,180,2021-07,streetview
data/images/kyiv/50.341279_30.423106_h270.jpg,kyiv,50.341279,30.423106,270,2021-07,streetview
data/images/kyiv/50.464168_30.462533_h0.jpg,kyiv,50.464168,30.462533,0,2019-03,streetview
data/images/kyiv/50.464168_30.462533_h90.jpg,kyiv,50.464168,30.462533,90,2019-03,streetview
data/images/kyiv/50.464168_30.462533_h180.jpg,kyiv,50.464168,30.462533,180,2019-03,streetview
data/images/kyiv/50.464168_30.462533_h270.jpg,kyiv,50.464168,30.462533,270,2019-03,streetview
data/images/kyiv/50.302472_30.667668_h0.jpg,kyiv,50.302472,30.667668,0,2019-11,streetview
data/images/kyiv/50.302472_30.667668_h90.jpg,kyiv,50.302472,30.667668,90,2019-11,streetview
data/images/kyiv/50.302472_30.667668_h180.jpg,kyiv,50.302472,30.667668,180,2019-11,streetview
data/images/kyiv/50.302472_30.667668_h270.jpg,kyiv,50.302472,30.667668,270,2019-11,streetview
data/images/kyiv/50.470636_30.482888_h0.jpg,kyiv,50.470636,30.482888,0,2021-05,streetview
data/images/kyiv/50.470636_30.482888_h90.jpg,kyiv,50.470636,30.482888,90,2021-05,streetview
data/images/kyiv/50.470636_30.482888_h180.jpg,kyiv,50.470636,30.482888,180,2021-05,streetview
data/images/kyiv/50.470636_30.482888_h270.jpg,kyiv,50.470636,30.482888,270,2021-05,streetview
data/images/kyiv/50.373618_30.418161_h0.jpg,kyiv,50.373618,30.418161,0,2024-07,streetview
data/images/kyiv/50.373618_30.418161_h90.jpg,kyiv,50.373618,30.418161,90,2024-07,streetview
data/images/kyiv/50.373618_30.418161_h180.jpg,kyiv,50.373618,30.418161,180,2024-07,streetview
data/images/kyiv/50.373618_30.418161_h270.jpg,kyiv,50.373618,30.418161,270,2024-07,streetview
data/images/kyiv/50.491117_30.36608_h0.jpg,kyiv,50.491117,30.36608,0,2020-12,streetview
data/images/kyiv/50.491117_30.36608_h90.jpg,kyiv,50.491117,30.36608,90,2020-12,streetview
data/images/kyiv/50.491117_30.36608_h180.jpg,kyiv,50.491117,30.36608,180,2020-12,streetview
data/images/kyiv/50.491117_30.36608_h270.jpg,kyiv,50.491117,30.36608,270,2020-12,streetview
data/images/kyiv/50.462012_30.349068_h0.jpg,kyiv,50.462012,30.349068,0,2021-05,streetview
data/images/kyiv/50.462012_30.349068_h90.jpg,kyiv,50.462012,30.349068,90,2021-05,streetview
data/images/kyiv/50.462012_30.349068_h180.jpg,kyiv,50.462012,30.349068,180,2021-05,streetview
data/images/kyiv/50.462012_30.349068_h270.jpg,kyiv,50.462012,30.349068,270,2021-05,streetview
data/images/kyiv/50.505131_30.450863_h0.jpg,kyiv,50.505131,30.450863,0,2020-03,streetview
data/images/kyiv/50.505131_30.450863_h90.jpg,kyiv,50.505131,30.450863,90,2020-03,streetview
data/images/kyiv/50.505131_30.450863_h180.jpg,kyiv,50.505131,30.450863,180,2020-03,streetview
data/images/kyiv/50.505131_30.450863_h270.jpg,kyiv,50.505131,30.450863,270,2020-03,streetview
data/images/kyiv/50.428595_30.560511_h0.jpg,kyiv,50.428595,30.560511,0,2021-04,streetview
data/images/kyiv/50.428595_30.560511_h90.jpg,kyiv,50.428595,30.560511,90,2021-04,streetview
data/images/kyiv/50.428595_30.560511_h180.jpg,kyiv,50.428595,30.560511,180,2021-04,streetview
data/images/kyiv/50.428595_30.560511_h270.jpg,kyiv,50.428595,30.560511,270,2021-04,streetview
data/images/kyiv/50.483571_30.342342_h0.jpg,kyiv,50.483571,30.342342,0,2019-03,streetview
data/images/kyiv/50.483571_30.342342_h90.jpg,kyiv,50.483571,30.342342,90,2019-03,streetview
data/images/kyiv/50.483571_30.342342_h180.jpg,kyiv,50.483571,30.342342,180,2019-03,streetview
data/images/kyiv/50.483571_30.342342_h270.jpg,kyiv,50.483571,30.342342,270,2019-03,streetview
data/images/kyiv/50.453388_30.357513_h0.jpg,kyiv,50.453388,30.357513,0,2020-04,streetview
data/images/kyiv/50.453388_30.357513_h90.jpg,kyiv,50.453388,30.357513,90,2020-04,streetview
data/images/kyiv/50.453388_30.357513_h180.jpg,kyiv,50.453388,30.357513,180,2020-04,streetview
data/images/kyiv/50.453388_30.357513_h270.jpg,kyiv,50.453388,30.357513,270,2020-04,streetview
data/images/kyiv/50.512677_30.574644_h0.jpg,kyiv,50.512677,30.574644,0,2021-04,streetview
data/images/kyiv/50.512677_30.574644_h90.jpg,kyiv,50.512677,30.574644,90,2021-04,streetview
data/images/kyiv/50.512677_30.574644_h180.jpg,kyiv,50.512677,30.574644,180,2021-04,streetview
data/images/kyiv/50.512677_30.574644_h270.jpg,kyiv,50.512677,30.574644,270,2021-04,streetview
data/images/kyiv/50.411347_30.436911_h0.jpg,kyiv,50.411347,30.436911,0,2019-03,streetview
data/images/kyiv/50.411347_30.436911_h90.jpg,kyiv,50.411347,30.436911,90,2019-03,streetview
data/images/kyiv/50.411347_30.436911_h180.jpg,kyiv,50.411347,30.436911,180,2019-03,streetview
data/images/kyiv/50.411347_30.436911_h270.jpg,kyiv,50.411347,30.436911,270,2019-03,streetview
data/images/kyiv/50.515911_30.781493_h0.jpg,kyiv,50.515911,30.781493,0,2018-06,streetview
data/images/kyiv/50.515911_30.781493_h90.jpg,kyiv,50.515911,30.781493,90,2018-06,streetview
data/images/kyiv/50.515911_30.781493_h180.jpg,kyiv,50.515911,30.781493,180,2018-06,streetview
data/images/kyiv/50.515911_30.781493_h270.jpg,kyiv,50.515911,30.781493,270,2018-06,streetview
data/images/kyiv/50.547172_30.479891_h0.jpg,kyiv,50.547172,30.479891,0,2018-10,streetview
data/images/kyiv/50.547172_30.479891_h90.jpg,kyiv,50.547172,30.479891,90,2018-10,streetview
data/images/kyiv/50.547172_30.479891_h180.jpg,kyiv,50.547172,30.479891,180,2018-10,streetview
data/images/kyiv/50.547172_30.479891_h270.jpg,kyiv,50.547172,30.479891,270,2018-10,streetview
data/images/kyiv/50.38332_30.45708_h0.jpg,kyiv,50.38332,30.45708,0,2019-06,streetview
data/images/kyiv/50.38332_30.45708_h90.jpg,kyiv,50.38332,30.45708,90,2019-06,streetview
data/images/kyiv/50.38332_30.45708_h180.jpg,kyiv,50.38332,30.45708,180,2019-06,streetview
data/images/kyiv/50.38332_30.45708_h270.jpg,kyiv,50.38332,30.45708,270,2019-06,streetview
data/images/kyiv/50.437218_30.360858_h0.jpg,kyiv,50.437218,30.360858,0,2019-03,streetview
data/images/kyiv/50.437218_30.360858_h90.jpg,kyiv,50.437218,30.360858,90,2019-03,streetview
data/images/kyiv/50.437218_30.360858_h180.jpg,kyiv,50.437218,30.360858,180,2019-03,streetview
data/images/kyiv/50.437218_30.360858_h270.jpg,kyiv,50.437218,30.360858,270,2019-03,streetview
data/images/kyiv/50.328343_30.769217_h0.jpg,kyiv,50.328343,30.769217,0,2020-08,streetview
data/images/kyiv/50.328343_30.769217_h90.jpg,kyiv,50.328343,30.769217,90,2020-08,streetview
data/images/kyiv/50.328343_30.769217_h180.jpg,kyiv,50.328343,30.769217,180,2020-08,streetview
data/images/kyiv/50.328343_30.769217_h270.jpg,kyiv,50.328343,30.769217,270,2020-08,streetview
data/images/kyiv/50.54825_30.612219_h0.jpg,kyiv,50.54825,30.612219,0,2021-08,streetview
data/images/kyiv/50.54825_30.612219_h90.jpg,kyiv,50.54825,30.612219,90,2021-08,streetview
data/images/kyiv/50.54825_30.612219_h180.jpg,kyiv,50.54825,30.612219,180,2021-08,streetview
data/images/kyiv/50.54825_30.612219_h270.jpg,kyiv,50.54825,30.612219,270,2021-08,streetview
data/images/kyiv/50.580589_30.485154_h0.jpg,kyiv,50.580589,30.485154,0,2021-08,streetview
data/images/kyiv/50.580589_30.485154_h90.jpg,kyiv,50.580589,30.485154,90,2021-08,streetview
data/images/kyiv/50.580589_30.485154_h180.jpg,kyiv,50.580589,30.485154,180,2021-08,streetview
data/images/kyiv/50.580589_30.485154_h270.jpg,kyiv,50.580589,30.485154,270,2021-08,streetview
data/images/kyiv/50.485727_30.474495_h0.jpg,kyiv,50.485727,30.474495,0,2019-08,streetview
data/images/kyiv/50.485727_30.474495_h90.jpg,kyiv,50.485727,30.474495,90,2019-08,streetview
data/images/kyiv/50.485727_30.474495_h180.jpg,kyiv,50.485727,30.474495,180,2019-08,streetview
data/images/kyiv/50.485727_30.474495_h270.jpg,kyiv,50.485727,30.474495,270,2019-08,streetview
data/images/kyiv/50.387632_30.499368_h0.jpg,kyiv,50.387632,30.499368,0,2021-05,streetview
data/images/kyiv/50.387632_30.499368_h90.jpg,kyiv,50.387632,30.499368,90,2021-05,streetview
data/images/kyiv/50.387632_30.499368_h180.jpg,kyiv,50.387632,30.499368,180,2021-05,streetview
data/images/kyiv/50.387632_30.499368_h270.jpg,kyiv,50.387632,30.499368,270,2021-05,streetview
data/images/kyiv/50.510521_30.24239_h0.jpg,kyiv,50.510521,30.24239,0,2020-05,streetview
data/images/kyiv/50.510521_30.24239_h90.jpg,kyiv,50.510521,30.24239,90,2020-05,streetview
data/images/kyiv/50.510521_30.24239_h180.jpg,kyiv,50.510521,30.24239,180,2020-05,streetview
data/images/kyiv/50.510521_30.24239_h270.jpg,kyiv,50.510521,30.24239,270,2020-05,streetview
data/images/kyiv/50.589213_30.497085_h0.jpg,kyiv,50.589213,30.497085,0,2020-09,streetview
data/images/kyiv/50.589213_30.497085_h90.jpg,kyiv,50.589213,30.497085,90,2020-09,streetview
data/images/kyiv/50.589213_30.497085_h180.jpg,kyiv,50.589213,30.497085,180,2020-09,streetview
data/images/kyiv/50.589213_30.497085_h270.jpg,kyiv,50.589213,30.497085,270,2020-09,streetview
data/images/kyiv/50.508365_30.454267_h0.jpg,kyiv,50.508365,30.454267,0,2019-10,streetview
data/images/kyiv/50.508365_30.454267_h90.jpg,kyiv,50.508365,30.454267,90,2019-10,streetview
data/images/kyiv/50.508365_30.454267_h180.jpg,kyiv,50.508365,30.454267,180,2019-10,streetview
data/images/kyiv/50.508365_30.454267_h270.jpg,kyiv,50.508365,30.454267,270,2019-10,streetview
data/images/kyiv/50.488961_30.498231_h0.jpg,kyiv,50.488961,30.498231,0,2021-08,streetview
data/images/kyiv/50.488961_30.498231_h90.jpg,kyiv,50.488961,30.498231,90,2021-08,streetview
data/images/kyiv/50.488961_30.498231_h180.jpg,kyiv,50.488961,30.498231,180,2021-08,streetview
data/images/kyiv/50.488961_30.498231_h270.jpg,kyiv,50.488961,30.498231,270,2021-08,streetview
data/images/kyiv/50.488961_30.488065_h0.jpg,kyiv,50.488961,30.488065,0,2021-06,streetview
data/images/kyiv/50.488961_30.488065_h90.jpg,kyiv,50.488961,30.488065,90,2021-06,streetview
data/images/kyiv/50.488961_30.488065_h180.jpg,kyiv,50.488961,30.488065,180,2021-06,streetview
data/images/kyiv/50.488961_30.488065_h270.jpg,kyiv,50.488961,30.488065,270,2021-06,streetview
data/images/kyiv/50.252885_30.326667_h0.jpg,kyiv,50.252885,30.326667,0,2022-06,streetview
data/images/kyiv/50.252885_30.326667_h90.jpg,kyiv,50.252885,30.326667,90,2022-06,streetview
data/images/kyiv/50.252885_30.326667_h180.jpg,kyiv,50.252885,30.326667,180,2022-06,streetview
data/images/kyiv/50.252885_30.326667_h270.jpg,kyiv,50.252885,30.326667,270,2022-06,streetview
data/images/kyiv/50.444764_30.530151_h0.jpg,kyiv,50.444764,30.530151,0,2019-09,streetview
data/images/kyiv/50.444764_30.530151_h90.jpg,kyiv,50.444764,30.530151,90,2019-09,streetview
data/images/kyiv/50.444764_30.530151_h180.jpg,kyiv,50.444764,30.530151,180,2019-09,streetview
data/images/kyiv/50.444764_30.530151_h270.jpg,kyiv,50.444764,30.530151,270,2019-09,streetview
data/images/kyiv/50.408113_30.379389_h0.jpg,kyiv,50.408113,30.379389,0,2020-11,streetview
data/images/kyiv/50.408113_30.379389_h90.jpg,kyiv,50.408113,30.379389,90,2020-11,streetview
data/images/kyiv/50.408113_30.379389_h180.jpg,kyiv,50.408113,30.379389,180,2020-11,streetview
data/images/kyiv/50.408113_30.379389_h270.jpg,kyiv,50.408113,30.379389,270,2020-11,streetview
data/images/kyiv/50.483571_30.598155_h0.jpg,kyiv,50.483571,30.598155,0,2018-04,streetview
data/images/kyiv/50.483571_30.598155_h90.jpg,kyiv,50.483571,30.598155,90,2018-04,streetview
data/images/kyiv/50.483571_30.598155_h180.jpg,kyiv,50.483571,30.598155,180,2018-04,streetview
data/images/kyiv/50.483571_30.598155_h270.jpg,kyiv,50.483571,30.598155,270,2018-04,streetview
data/images/kyiv/50.494351_30.550791_h0.jpg,kyiv,50.494351,30.550791,0,2019-03,streetview
data/images/kyiv/50.494351_30.550791_h90.jpg,kyiv,50.494351,30.550791,90,2019-03,streetview
data/images/kyiv/50.494351_30.550791_h180.jpg,kyiv,50.494351,30.550791,180,2019-03,streetview
data/images/kyiv/50.494351_30.550791_h270.jpg,kyiv,50.494351,30.550791,270,2019-03,streetview
data/images/kyiv/50.491117_30.411829_h0.jpg,kyiv,50.491117,30.411829,0,2019-04,streetview
data/images/kyiv/50.491117_30.411829_h90.jpg,kyiv,50.491117,30.411829,90,2019-04,streetview
data/images/kyiv/50.491117_30.411829_h180.jpg,kyiv,50.491117,30.411829,180,2019-04,streetview
data/images/kyiv/50.491117_30.411829_h270.jpg,kyiv,50.491117,30.411829,270,2019-04,streetview
data/images/kyiv/50.413503_30.445378_h0.jpg,kyiv,50.413503,30.445378,0,2019-03,streetview
data/images/kyiv/50.413503_30.445378_h90.jpg,kyiv,50.413503,30.445378,90,2019-03,streetview
data/images/kyiv/50.413503_30.445378_h180.jpg,kyiv,50.413503,30.445378,180,2019-03,streetview
data/images/kyiv/50.413503_30.445378_h270.jpg,kyiv,50.413503,30.445378,270,2019-03,streetview
data/images/kyiv/50.415659_30.628091_h0.jpg,kyiv,50.415659,30.628091,0,2018-11,streetview
data/images/kyiv/50.415659_30.628091_h90.jpg,kyiv,50.415659,30.628091,90,2018-11,streetview
data/images/kyiv/50.415659_30.628091_h180.jpg,kyiv,50.415659,30.628091,180,2018-11,streetview
data/images/kyiv/50.415659_30.628091_h270.jpg,kyiv,50.415659,30.628091,270,2018-11,streetview
data/images/kyiv/50.547172_30.501944_h0.jpg,kyiv,50.547172,30.501944,0,2021-05,streetview
data/images/kyiv/50.547172_30.501944_h90.jpg,kyiv,50.547172,30.501944,90,2021-05,streetview
data/images/kyiv/50.547172_30.501944_h180.jpg,kyiv,50.547172,30.501944,180,2021-05,streetview
data/images/kyiv/50.547172_30.501944_h270.jpg,kyiv,50.547172,30.501944,270,2021-05,streetview
data/images/kyiv/50.419971_30.529999_h0.jpg,kyiv,50.419971,30.529999,0,2018-11,streetview
data/images/kyiv/50.419971_30.529999_h90.jpg,kyiv,50.419971,30.529999,90,2018-11,streetview
data/images/kyiv/50.419971_30.529999_h180.jpg,kyiv,50.419971,30.529999,180,2018-11,streetview
data/images/kyiv/50.419971_30.529999_h270.jpg,kyiv,50.419971,30.529999,270,2018-11,streetview
data/images/kyiv/50.414581_30.655149_h0.jpg,kyiv,50.414581,30.655149,0,2018-08,streetview
data/images/kyiv/50.414581_30.655149_h90.jpg,kyiv,50.414581,30.655149,90,2018-08,streetview
data/images/kyiv/50.414581_30.655149_h180.jpg,kyiv,50.414581,30.655149,180,2018-08,streetview
data/images/kyiv/50.414581_30.655149_h270.jpg,kyiv,50.414581,30.655149,270,2018-08,streetview
data/images/kyiv/50.449076_30.614822_h0.jpg,kyiv,50.449076,30.614822,0,2020-07,streetview
data/images/kyiv/50.449076_30.614822_h90.jpg,kyiv,50.449076,30.614822,90,2020-07,streetview
data/images/kyiv/50.449076_30.614822_h180.jpg,kyiv,50.449076,30.614822,180,2020-07,streetview
data/images/kyiv/50.449076_30.614822_h270.jpg,kyiv,50.449076,30.614822,270,2020-07,streetview
data/images/kyiv/50.583823_30.491962_h0.jpg,kyiv,50.583823,30.491962,0,2020-07,streetview
data/images/kyiv/50.583823_30.491962_h90.jpg,kyiv,50.583823,30.491962,90,2020-07,streetview
data/images/kyiv/50.583823_30.491962_h180.jpg,kyiv,50.583823,30.491962,180,2020-07,streetview
data/images/kyiv/50.583823_30.491962_h270.jpg,kyiv,50.583823,30.491962,270,2020-07,streetview
data/images/kyiv/50.44692_30.489537_h0.jpg,kyiv,50.44692,30.489537,0,2018-11,streetview
data/images/kyiv/50.44692_30.489537_h90.jpg,kyiv,50.44692,30.489537,90,2018-11,streetview
data/images/kyiv/50.44692_30.489537_h180.jpg,kyiv,50.44692,30.489537,180,2018-11,streetview
data/images/kyiv/50.44692_30.489537_h270.jpg,kyiv,50.44692,30.489537,270,2018-11,streetview
data/images/kyiv/50.234559_30.742894_h0.jpg,kyiv,50.234559,30.742894,0,2019-11,streetview
data/images/kyiv/50.234559_30.742894_h90.jpg,kyiv,50.234559,30.742894,90,2019-11,streetview
data/images/kyiv/50.234559_30.742894_h180.jpg,kyiv,50.234559,30.742894,180,2019-11,streetview
data/images/kyiv/50.234559_30.742894_h270.jpg,kyiv,50.234559,30.742894,270,2019-11,streetview
data/images/kyiv/50.232404_30.791742_h0.jpg,kyiv,50.232404,30.791742,0,2021-05,streetview
data/images/kyiv/50.232404_30.791742_h90.jpg,kyiv,50.232404,30.791742,90,2021-05,streetview
data/images/kyiv/50.232404_30.791742_h180.jpg,kyiv,50.232404,30.791742,180,2021-05,streetview
data/images/kyiv/50.232404_30.791742_h270.jpg,kyiv,50.232404,30.791742,270,2021-05,streetview
data/images/kyiv/50.430751_30.509758_h0.jpg,kyiv,50.430751,30.509758,0,2019-04,streetview
data/images/kyiv/50.430751_30.509758_h90.jpg,kyiv,50.430751,30.509758,90,2019-04,streetview
data/images/kyiv/50.430751_30.509758_h180.jpg,kyiv,50.430751,30.509758,180,2019-04,streetview
data/images/kyiv/50.430751_30.509758_h270.jpg,kyiv,50.430751,30.509758,270,2019-04,streetview
data/images/kyiv/50.243183_30.510377_h0.jpg,kyiv,50.243183,30.510377,0,2020-09,streetview
data/images/kyiv/50.243183_30.510377_h90.jpg,kyiv,50.243183,30.510377,90,2020-09,streetview
data/images/kyiv/50.243183_30.510377_h180.jpg,kyiv,50.243183,30.510377,180,2020-09,streetview
data/images/kyiv/50.243183_30.510377_h270.jpg,kyiv,50.243183,30.510377,270,2020-09,streetview
data/images/kyiv/50.482493_30.442291_h0.jpg,kyiv,50.482493,30.442291,0,2019-03,streetview
data/images/kyiv/50.482493_30.442291_h90.jpg,kyiv,50.482493,30.442291,90,2019-03,streetview
data/images/kyiv/50.482493_30.442291_h180.jpg,kyiv,50.482493,30.442291,180,2019-03,streetview
data/images/kyiv/50.482493_30.442291_h270.jpg,kyiv,50.482493,30.442291,270,2019-03,streetview
data/images/kyiv/50.28199_30.444807_h0.jpg,kyiv,50.28199,30.444807,0,2023-04,streetview
data/images/kyiv/50.28199_30.444807_h90.jpg,kyiv,50.28199,30.444807,90,2023-04,streetview
data/images/kyiv/50.28199_30.444807_h180.jpg,kyiv,50.28199,30.444807,180,2023-04,streetview
data/images/kyiv/50.28199_30.444807_h270.jpg,kyiv,50.28199,30.444807,270,2023-04,streetview
data/images/kyiv/50.447998_30.530171_h0.jpg,kyiv,50.447998,30.530171,0,2020-03,streetview
data/images/kyiv/50.447998_30.530171_h90.jpg,kyiv,50.447998,30.530171,90,2020-03,streetview
data/images/kyiv/50.447998_30.530171_h180.jpg,kyiv,50.447998,30.530171,180,2020-03,streetview
data/images/kyiv/50.447998_30.530171_h270.jpg,kyiv,50.447998,30.530171,270,2020-03,streetview
data/images/kyiv/50.549328_30.613924_h0.jpg,kyiv,50.549328,30.613924,0,2021-08,streetview
data/images/kyiv/50.549328_30.613924_h90.jpg,kyiv,50.549328,30.613924,90,2021-08,streetview
data/images/kyiv/50.549328_30.613924_h180.jpg,kyiv,50.549328,30.613924,180,2021-08,streetview
data/images/kyiv/50.549328_30.613924_h270.jpg,kyiv,50.549328,30.613924,270,2021-08,streetview
data/images/kyiv/50.438296_30.506416_h0.jpg,kyiv,50.438296,30.506416,0,2021-05,streetview
data/images/kyiv/50.438296_30.506416_h90.jpg,kyiv,50.438296,30.506416,90,2021-05,streetview
data/images/kyiv/50.438296_30.506416_h180.jpg,kyiv,50.438296,30.506416,180,2021-05,streetview
data/images/kyiv/50.438296_30.506416_h270.jpg,kyiv,50.438296,30.506416,270,2021-05,streetview
data/images/kyiv/50.456622_30.638587_h0.jpg,kyiv,50.456622,30.638587,0,2019-05,streetview
data/images/kyiv/50.456622_30.638587_h90.jpg,kyiv,50.456622,30.638587,90,2019-05,streetview
data/images/kyiv/50.456622_30.638587_h180.jpg,kyiv,50.456622,30.638587,180,2019-05,streetview
data/images/kyiv/50.456622_30.638587_h270.jpg,kyiv,50.456622,30.638587,270,2019-05,streetview
data/images/kyiv/50.435063_30.51486_h0.jpg,kyiv,50.435063,30.51486,0,2019-06,streetview
data/images/kyiv/50.435063_30.51486_h90.jpg,kyiv,50.435063,30.51486,90,2019-06,streetview
data/images/kyiv/50.435063_30.51486_h180.jpg,kyiv,50.435063,30.51486,180,2019-06,streetview
data/images/kyiv/50.435063_30.51486_h270.jpg,kyiv,50.435063,30.51486,270,2019-06,streetview
data/images/kyiv/50.459856_30.35753_h0.jpg,kyiv,50.459856,30.35753,0,2020-04,streetview
data/images/kyiv/50.459856_30.35753_h90.jpg,kyiv,50.459856,30.35753,90,2020-04,streetview
data/images/kyiv/50.459856_30.35753_h180.jpg,kyiv,50.459856,30.35753,180,2020-04,streetview
data/images/kyiv/50.459856_30.35753_h270.jpg,kyiv,50.459856,30.35753,270,2020-04,streetview
data/images/kyiv/50.43614_30.36424_h0.jpg,kyiv,50.43614,30.36424,0,2019-05,streetview
data/images/kyiv/50.43614_30.36424_h90.jpg,kyiv,50.43614,30.36424,90,2019-05,streetview
data/images/kyiv/50.43614_30.36424_h180.jpg,kyiv,50.43614,30.36424,180,2019-05,streetview
data/images/kyiv/50.43614_30.36424_h270.jpg,kyiv,50.43614,30.36424,270,2019-05,streetview
data/images/kyiv/50.432907_30.533463_h0.jpg,kyiv,50.432907,30.533463,0,2021-11,streetview
data/images/kyiv/50.432907_30.533463_h90.jpg,kyiv,50.432907,30.533463,90,2021-11,streetview
data/images/kyiv/50.432907_30.533463_h180.jpg,kyiv,50.432907,30.533463,180,2021-11,streetview
data/images/kyiv/50.432907_30.533463_h270.jpg,kyiv,50.432907,30.533463,270,2021-11,streetview
data/images/kyiv/50.402723_30.631367_h0.jpg,kyiv,50.402723,30.631367,0,2021-03,streetview
data/images/kyiv/50.402723_30.631367_h90.jpg,kyiv,50.402723,30.631367,90,2021-03,streetview
data/images/kyiv/50.402723_30.631367_h180.jpg,kyiv,50.402723,30.631367,180,2021-03,streetview
data/images/kyiv/50.402723_30.631367_h270.jpg,kyiv,50.402723,30.631367,270,2021-03,streetview
data/images/kyiv/50.380086_30.382687_h0.jpg,kyiv,50.380086,30.382687,0,2021-11,streetview
data/images/kyiv/50.380086_30.382687_h90.jpg,kyiv,50.380086,30.382687,90,2021-11,streetview
data/images/kyiv/50.380086_30.382687_h180.jpg,kyiv,50.380086,30.382687,180,2021-11,streetview
data/images/kyiv/50.380086_30.382687_h270.jpg,kyiv,50.380086,30.382687,270,2021-11,streetview
data/images/kyiv/50.422127_30.433572_h0.jpg,kyiv,50.422127,30.433572,0,2024-01,streetview
data/images/kyiv/50.422127_30.433572_h90.jpg,kyiv,50.422127,30.433572,90,2024-01,streetview
data/images/kyiv/50.422127_30.433572_h180.jpg,kyiv,50.422127,30.433572,180,2024-01,streetview
data/images/kyiv/50.422127_30.433572_h270.jpg,kyiv,50.422127,30.433572,270,2024-01,streetview
data/images/kyiv/50.439374_30.514885_h0.jpg,kyiv,50.439374,30.514885,0,2019-09,streetview
data/images/kyiv/50.439374_30.514885_h90.jpg,kyiv,50.439374,30.514885,90,2019-09,streetview
data/images/kyiv/50.439374_30.514885_h180.jpg,kyiv,50.439374,30.514885,180,2019-09,streetview
data/images/kyiv/50.439374_30.514885_h270.jpg,kyiv,50.439374,30.514885,270,2019-09,streetview
data/images/kyiv/50.477103_30.672638_h0.jpg,kyiv,50.477103,30.672638,0,2018-11,streetview
data/images/kyiv/50.477103_30.672638_h90.jpg,kyiv,50.477103,30.672638,90,2018-11,streetview
data/images/kyiv/50.477103_30.672638_h180.jpg,kyiv,50.477103,30.672638,180,2018-11,streetview
data/images/kyiv/50.477103_30.672638_h270.jpg,kyiv,50.477103,30.672638,270,2018-11,streetview
data/images/kyiv/50.44692_30.526779_h0.jpg,kyiv,50.44692,30.526779,0,2024-06,streetview
data/images/kyiv/50.44692_30.526779_h90.jpg,kyiv,50.44692,30.526779,90,2024-06,streetview
data/images/kyiv/50.44692_30.526779_h180.jpg,kyiv,50.44692,30.526779,180,2024-06,streetview
data/images/kyiv/50.44692_30.526779_h270.jpg,kyiv,50.44692,30.526779,270,2024-06,streetview
data/images/kyiv/50.331577_30.82498_h0.jpg,kyiv,50.331577,30.82498,0,2020-08,streetview
data/images/kyiv/50.331577_30.82498_h90.jpg,kyiv,50.331577,30.82498,90,2020-08,streetview
data/images/kyiv/50.331577_30.82498_h180.jpg,kyiv,50.331577,30.82498,180,2020-08,streetview
data/images/kyiv/50.331577_30.82498_h270.jpg,kyiv,50.331577,30.82498,270,2020-08,streetview
data/images/kyiv/50.257197_30.726273_h0.jpg,kyiv,50.257197,30.726273,0,2019-11,streetview
data/images/kyiv/50.257197_30.726273_h90.jpg,kyiv,50.257197,30.726273,90,2019-11,streetview
data/images/kyiv/50.257197_30.726273_h180.jpg,kyiv,50.257197,30.726273,180,2019-11,streetview
data/images/kyiv/50.257197_30.726273_h270.jpg,kyiv,50.257197,30.726273,270,2019-11,streetview
data/images/kyiv/50.496507_30.433878_h0.jpg,kyiv,50.496507,30.433878,0,2019-04,streetview
data/images/kyiv/50.496507_30.433878_h90.jpg,kyiv,50.496507,30.433878,90,2019-04,streetview
data/images/kyiv/50.496507_30.433878_h180.jpg,kyiv,50.496507,30.433878,180,2019-04,streetview
data/images/kyiv/50.496507_30.433878_h270.jpg,kyiv,50.496507,30.433878,270,2019-04,streetview
data/images/kyiv/50.524534_30.488253_h0.jpg,kyiv,50.524534,30.488253,0,2022-02,streetview
data/images/kyiv/50.524534_30.488253_h90.jpg,kyiv,50.524534,30.488253,90,2022-02,streetview
data/images/kyiv/50.524534_30.488253_h180.jpg,kyiv,50.524534,30.488253,180,2022-02,streetview
data/images/kyiv/50.524534_30.488253_h270.jpg,kyiv,50.524534,30.488253,270,2022-02,streetview
data/images/kyiv/50.404879_30.338788_h0.jpg,kyiv,50.404879,30.338788,0,2021-02,streetview
data/images/kyiv/50.404879_30.338788_h90.jpg,kyiv,50.404879,30.338788,90,2021-02,streetview
data/images/kyiv/50.404879_30.338788_h180.jpg,kyiv,50.404879,30.338788,180,2021-02,streetview
data/images/kyiv/50.404879_30.338788_h270.jpg,kyiv,50.404879,30.338788,270,2021-02,streetview
data/images/kyiv/50.399489_30.382745_h0.jpg,kyiv,50.399489,30.382745,0,2018-07,streetview
data/images/kyiv/50.399489_30.382745_h90.jpg,kyiv,50.399489,30.382745,90,2018-07,streetview
data/images/kyiv/50.399489_30.382745_h180.jpg,kyiv,50.399489,30.382745,180,2018-07,streetview
data/images/kyiv/50.399489_30.382745_h270.jpg,kyiv,50.399489,30.382745,270,2018-07,streetview
data/images/kyiv/50.355292_30.728969_h0.jpg,kyiv,50.355292,30.728969,0,2020-08,streetview
data/images/kyiv/50.355292_30.728969_h90.jpg,kyiv,50.355292,30.728969,90,2020-08,streetview
data/images/kyiv/50.355292_30.728969_h180.jpg,kyiv,50.355292,30.728969,180,2020-08,streetview
data/images/kyiv/50.355292_30.728969_h270.jpg,kyiv,50.355292,30.728969,270,2020-08,streetview
data/images/kyiv/50.396255_30.616095_h0.jpg,kyiv,50.396255,30.616095,0,2018-09,streetview
data/images/kyiv/50.396255_30.616095_h90.jpg,kyiv,50.396255,30.616095,90,2018-09,streetview
data/images/kyiv/50.396255_30.616095_h180.jpg,kyiv,50.396255,30.616095,180,2018-09,streetview
data/images/kyiv/50.396255_30.616095_h270.jpg,kyiv,50.396255,30.616095,270,2018-09,streetview
data/images/kyiv/50.398411_30.389506_h0.jpg,kyiv,50.398411,30.389506,0,2024-02,streetview
data/images/kyiv/50.398411_30.389506_h90.jpg,kyiv,50.398411,30.389506,90,2024-02,streetview
data/images/kyiv/50.398411_30.389506_h180.jpg,kyiv,50.398411,30.389506,180,2024-02,streetview
data/images/kyiv/50.398411_30.389506_h270.jpg,kyiv,50.398411,30.389506,270,2024-02,streetview
data/images/kyiv/50.427517_30.521585_h0.jpg,kyiv,50.427517,30.521585,0,2019-04,streetview
data/images/kyiv/50.427517_30.521585_h90.jpg,kyiv,50.427517,30.521585,90,2019-04,streetview
data/images/kyiv/50.427517_30.521585_h180.jpg,kyiv,50.427517,30.521585,180,2019-04,streetview
data/images/kyiv/50.427517_30.521585_h270.jpg,kyiv,50.427517,30.521585,270,2019-04,streetview
data/images/kyiv/50.424283_30.484341_h0.jpg,kyiv,50.424283,30.484341,0,2020-04,streetview
data/images/kyiv/50.424283_30.484341_h90.jpg,kyiv,50.424283,30.484341,90,2020-04,streetview
data/images/kyiv/50.424283_30.484341_h180.jpg,kyiv,50.424283,30.484341,180,2020-04,streetview
data/images/kyiv/50.424283_30.484341_h270.jpg,kyiv,50.424283,30.484341,270,2020-04,streetview
data/images/kyiv/50.4577_30.354138_h0.jpg,kyiv,50.4577,30.354138,0,2021-06,streetview
data/images/kyiv/50.4577_30.354138_h90.jpg,kyiv,50.4577,30.354138,90,2021-06,streetview
data/images/kyiv/50.4577_30.354138_h180.jpg,kyiv,50.4577,30.354138,180,2021-06,streetview
data/images/kyiv/50.4577_30.354138_h270.jpg,kyiv,50.4577,30.354138,270,2021-06,streetview
data/images/kyiv/50.545016_30.501932_h0.jpg,kyiv,50.545016,30.501932,0,2021-05,streetview
data/images/kyiv/50.545016_30.501932_h90.jpg,kyiv,50.545016,30.501932,90,2021-05,streetview
data/images/kyiv/50.545016_30.501932_h180.jpg,kyiv,50.545016,30.501932,180,2021-05,streetview
data/images/kyiv/50.545016_30.501932_h270.jpg,kyiv,50.545016,30.501932,270,2021-05,streetview
data/images/kyiv/50.414581_30.629774_h0.jpg,kyiv,50.414581,30.629774,0,2018-10,streetview
data/images/kyiv/50.414581_30.629774_h90.jpg,kyiv,50.414581,30.629774,90,2018-10,streetview
data/images/kyiv/50.414581_30.629774_h180.jpg,kyiv,50.414581,30.629774,180,2018-10,streetview
data/images/kyiv/50.414581_30.629774_h270.jpg,kyiv,50.414581,30.629774,270,2018-10,streetview
data/images/kyiv/50.400567_30.626276_h0.jpg,kyiv,50.400567,30.626276,0,2021-07,streetview
data/images/kyiv/50.400567_30.626276_h90.jpg,kyiv,50.400567,30.626276,90,2021-07,streetview
data/images/kyiv/50.400567_30.626276_h180.jpg,kyiv,50.400567,30.626276,180,2021-07,streetview
data/images/kyiv/50.400567_30.626276_h270.jpg,kyiv,50.400567,30.626276,270,2021-07,streetview
data/images/kyiv/50.429673_30.389606_h0.jpg,kyiv,50.429673,30.389606,0,2020-11,streetview
data/images/kyiv/50.429673_30.389606_h90.jpg,kyiv,50.429673,30.389606,90,2020-11,streetview
data/images/kyiv/50.429673_30.389606_h180.jpg,kyiv,50.429673,30.389606,180,2020-11,streetview
data/images/kyiv/50.429673_30.389606_h270.jpg,kyiv,50.429673,30.389606,270,2020-11,streetview
data/images/kyiv/50.341279_30.553163_h0.jpg,kyiv,50.341279,30.553163,0,2020-12,streetview
data/images/kyiv/50.341279_30.553163_h90.jpg,kyiv,50.341279,30.553163,90,2020-12,streetview
data/images/kyiv/50.341279_30.553163_h180.jpg,kyiv,50.341279,30.553163,180,2020-12,streetview
data/images/kyiv/50.341279_30.553163_h270.jpg,kyiv,50.341279,30.553163,270,2020-12,streetview
data/images/kyiv/50.396255_30.477432_h0.jpg,kyiv,50.396255,30.477432,0,2021-02,streetview
data/images/kyiv/50.396255_30.477432_h90.jpg,kyiv,50.396255,30.477432,90,2021-02,streetview
data/images/kyiv/50.396255_30.477432_h180.jpg,kyiv,50.396255,30.477432,180,2021-02,streetview
data/images/kyiv/50.396255_30.477432_h270.jpg,kyiv,50.396255,30.477432,270,2021-02,streetview
data/images/kyiv/50.425361_30.47081_h0.jpg,kyiv,50.425361,30.47081,0,2019-03,streetview
data/images/kyiv/50.425361_30.47081_h90.jpg,kyiv,50.425361,30.47081,90,2019-03,streetview
data/images/kyiv/50.425361_30.47081_h180.jpg,kyiv,50.425361,30.47081,180,2019-03,streetview
data/images/kyiv/50.425361_30.47081_h270.jpg,kyiv,50.425361,30.47081,270,2019-03,streetview
data/images/kyiv/50.454466_30.49127_h0.jpg,kyiv,50.454466,30.49127,0,2018-05,streetview
data/images/kyiv/50.454466_30.49127_h90.jpg,kyiv,50.454466,30.49127,90,2018-05,streetview
data/images/kyiv/50.454466_30.49127_h180.jpg,kyiv,50.454466,30.49127,180,2018-05,streetview
data/images/kyiv/50.454466_30.49127_h270.jpg,kyiv,50.454466,30.49127,270,2018-05,streetview
data/images/kyiv/50.453388_30.330425_h0.jpg,kyiv,50.453388,30.330425,0,2020-06,streetview
data/images/kyiv/50.453388_30.330425_h90.jpg,kyiv,50.453388,30.330425,90,2020-06,streetview
data/images/kyiv/50.453388_30.330425_h180.jpg,kyiv,50.453388,30.330425,180,2020-06,streetview
data/images/kyiv/50.453388_30.330425_h270.jpg,kyiv,50.453388,30.330425,270,2020-06,streetview
data/images/kyiv/50.444764_30.518302_h0.jpg,kyiv,50.444764,30.518302,0,2023-09,streetview
data/images/kyiv/50.444764_30.518302_h90.jpg,kyiv,50.444764,30.518302,90,2023-09,streetview
data/images/kyiv/50.444764_30.518302_h180.jpg,kyiv,50.444764,30.518302,180,2023-09,streetview
data/images/kyiv/50.444764_30.518302_h270.jpg,kyiv,50.444764,30.518302,270,2023-09,streetview
data/images/kyiv/50.3941_30.382729_h0.jpg,kyiv,50.3941,30.382729,0,2019-02,streetview
data/images/kyiv/50.3941_30.382729_h90.jpg,kyiv,50.3941,30.382729,90,2019-02,streetview
data/images/kyiv/50.3941_30.382729_h180.jpg,kyiv,50.3941,30.382729,180,2019-02,streetview
data/images/kyiv/50.3941_30.382729_h270.jpg,kyiv,50.3941,30.382729,270,2019-02,streetview
data/images/kyiv/50.497585_30.242389_h0.jpg,kyiv,50.497585,30.242389,0,2021-03,streetview
data/images/kyiv/50.497585_30.242389_h90.jpg,kyiv,50.497585,30.242389,90,2021-03,streetview
data/images/kyiv/50.497585_30.242389_h180.jpg,kyiv,50.497585,30.242389,180,2021-03,streetview
data/images/kyiv/50.497585_30.242389_h270.jpg,kyiv,50.497585,30.242389,270,2021-03,streetview
data/images/kyiv/50.458778_30.337208_h0.jpg,kyiv,50.458778,30.337208,0,2018-04,streetview
data/images/kyiv/50.458778_30.337208_h90.jpg,kyiv,50.458778,30.337208,90,2018-04,streetview
data/images/kyiv/50.458778_30.337208_h180.jpg,kyiv,50.458778,30.337208,180,2018-04,streetview
data/images/kyiv/50.458778_30.337208_h270.jpg,kyiv,50.458778,30.337208,270,2018-04,streetview
data/images/kyiv/50.373618_30.539856_h0.jpg,kyiv,50.373618,30.539856,0,2021-05,streetview
data/images/kyiv/50.373618_30.539856_h90.jpg,kyiv,50.373618,30.539856,90,2021-05,streetview
data/images/kyiv/50.373618_30.539856_h180.jpg,kyiv,50.373618,30.539856,180,2021-05,streetview
data/images/kyiv/50.373618_30.539856_h270.jpg,kyiv,50.373618,30.539856,270,2021-05,streetview
data/images/kyiv/50.44153_30.506435_h0.jpg,kyiv,50.44153,30.506435,0,2021-03,streetview
data/images/kyiv/50.44153_30.506435_h90.jpg,kyiv,50.44153,30.506435,90,2021-03,streetview
data/images/kyiv/50.44153_30.506435_h180.jpg,kyiv,50.44153,30.506435,180,2021-03,streetview
data/images/kyiv/50.44153_30.506435_h270.jpg,kyiv,50.44153,30.506435,270,2021-03,streetview
data/images/kyiv/50.506209_30.51358_h0.jpg,kyiv,50.506209,30.51358,0,2021-04,streetview
data/images/kyiv/50.506209_30.51358_h90.jpg,kyiv,50.506209,30.51358,90,2021-04,streetview
data/images/kyiv/50.506209_30.51358_h180.jpg,kyiv,50.506209,30.51358,180,2021-04,streetview
data/images/kyiv/50.506209_30.51358_h270.jpg,kyiv,50.506209,30.51358,270,2021-04,streetview
data/images/kyiv/50.471714_30.33046_h0.jpg,kyiv,50.471714,30.33046,0,2019-03,streetview
data/images/kyiv/50.471714_30.33046_h90.jpg,kyiv,50.471714,30.33046,90,2019-03,streetview
data/images/kyiv/50.471714_30.33046_h180.jpg,kyiv,50.471714,30.33046,180,2019-03,streetview
data/images/kyiv/50.471714_30.33046_h270.jpg,kyiv,50.471714,30.33046,270,2019-03,streetview
data/images/kyiv/50.514833_30.591612_h0.jpg,kyiv,50.514833,30.591612,0,2018-12,streetview
data/images/kyiv/50.514833_30.591612_h90.jpg,kyiv,50.514833,30.591612,90,2018-12,streetview
data/images/kyiv/50.514833_30.591612_h180.jpg,kyiv,50.514833,30.591612,180,2018-12,streetview
data/images/kyiv/50.514833_30.591612_h270.jpg,kyiv,50.514833,30.591612,270,2018-12,streetview
data/images/kyiv/50.46848_30.333841_h0.jpg,kyiv,50.46848,30.333841,0,2019-04,streetview
data/images/kyiv/50.46848_30.333841_h90.jpg,kyiv,50.46848,30.333841,90,2019-04,streetview
data/images/kyiv/50.46848_30.333841_h180.jpg,kyiv,50.46848,30.333841,180,2019-04,streetview
data/images/kyiv/50.46848_30.333841_h270.jpg,kyiv,50.46848,30.333841,270,2019-04,streetview
data/images/kyiv/50.567653_30.486784_h0.jpg,kyiv,50.567653,30.486784,0,2021-05,streetview
data/images/kyiv/50.567653_30.486784_h90.jpg,kyiv,50.567653,30.486784,90,2021-05,streetview
data/images/kyiv/50.567653_30.486784_h180.jpg,kyiv,50.567653,30.486784,180,2021-05,streetview
data/images/kyiv/50.567653_30.486784_h270.jpg,kyiv,50.567653,30.486784,270,2021-05,streetview
data/images/kyiv/50.455544_30.476038_h0.jpg,kyiv,50.455544,30.476038,0,2020-07,streetview
data/images/kyiv/50.455544_30.476038_h90.jpg,kyiv,50.455544,30.476038,90,2020-07,streetview
data/images/kyiv/50.455544_30.476038_h180.jpg,kyiv,50.455544,30.476038,180,2020-07,streetview
data/images/kyiv/50.455544_30.476038_h270.jpg,kyiv,50.455544,30.476038,270,2020-07,streetview
data/images/kyiv/50.529924_30.61377_h0.jpg,kyiv,50.529924,30.61377,0,2018-05,streetview
data/images/kyiv/50.529924_30.61377_h90.jpg,kyiv,50.529924,30.61377,90,2018-05,streetview
data/images/kyiv/50.529924_30.61377_h180.jpg,kyiv,50.529924,30.61377,180,2018-05,streetview
data/images/kyiv/50.529924_30.61377_h270.jpg,kyiv,50.529924,30.61377,270,2018-05,streetview
data/images/kyiv/50.435063_30.491166_h0.jpg,kyiv,50.435063,30.491166,0,2026-05,streetview
data/images/kyiv/50.435063_30.491166_h90.jpg,kyiv,50.435063,30.491166,90,2026-05,streetview
data/images/kyiv/50.435063_30.491166_h180.jpg,kyiv,50.435063,30.491166,180,2026-05,streetview
data/images/kyiv/50.435063_30.491166_h270.jpg,kyiv,50.435063,30.491166,270,2026-05,streetview
data/images/kyiv/50.286302_30.449887_h0.jpg,kyiv,50.286302,30.449887,0,2020-07,streetview
data/images/kyiv/50.286302_30.449887_h90.jpg,kyiv,50.286302,30.449887,90,2020-07,streetview
data/images/kyiv/50.286302_30.449887_h180.jpg,kyiv,50.286302,30.449887,180,2020-07,streetview
data/images/kyiv/50.286302_30.449887_h270.jpg,kyiv,50.286302,30.449887,270,2020-07,streetview
data/images/kyiv/50.384398_30.604166_h0.jpg,kyiv,50.384398,30.604166,0,2019-08,streetview
data/images/kyiv/50.384398_30.604166_h90.jpg,kyiv,50.384398,30.604166,90,2019-08,streetview
data/images/kyiv/50.384398_30.604166_h180.jpg,kyiv,50.384398,30.604166,180,2019-08,streetview
data/images/kyiv/50.384398_30.604166_h270.jpg,kyiv,50.384398,30.604166,270,2019-08,streetview
data/images/kyiv/50.466324_30.520123_h0.jpg,kyiv,50.466324,30.520123,0,2019-05,streetview
data/images/kyiv/50.466324_30.520123_h90.jpg,kyiv,50.466324,30.520123,90,2019-05,streetview
data/images/kyiv/50.466324_30.520123_h180.jpg,kyiv,50.466324,30.520123,180,2019-05,streetview
data/images/kyiv/50.466324_30.520123_h270.jpg,kyiv,50.466324,30.520123,270,2019-05,streetview
data/images/kyiv/50.519144_30.479748_h0.jpg,kyiv,50.519144,30.479748,0,2018-03,streetview
data/images/kyiv/50.519144_30.479748_h90.jpg,kyiv,50.519144,30.479748,90,2018-03,streetview
data/images/kyiv/50.519144_30.479748_h180.jpg,kyiv,50.519144,30.479748,180,2018-03,streetview
data/images/kyiv/50.519144_30.479748_h270.jpg,kyiv,50.519144,30.479748,270,2018-03,streetview
data/images/kyiv/50.403801_30.514678_h0.jpg,kyiv,50.403801,30.514678,0,2019-11,streetview
data/images/kyiv/50.403801_30.514678_h90.jpg,kyiv,50.403801,30.514678,90,2019-11,streetview
data/images/kyiv/50.403801_30.514678_h180.jpg,kyiv,50.403801,30.514678,180,2019-11,streetview
data/images/kyiv/50.403801_30.514678_h270.jpg,kyiv,50.403801,30.514678,270,2019-11,streetview
data/images/kyiv/50.390866_30.480786_h0.jpg,kyiv,50.390866,30.480786,0,2018-09,streetview
data/images/kyiv/50.390866_30.480786_h90.jpg,kyiv,50.390866,30.480786,90,2018-09,streetview
data/images/kyiv/50.390866_30.480786_h180.jpg,kyiv,50.390866,30.480786,180,2018-09,streetview
data/images/kyiv/50.390866_30.480786_h270.jpg,kyiv,50.390866,30.480786,270,2018-09,streetview
data/images/kyiv/50.407035_30.624637_h0.jpg,kyiv,50.407035,30.624637,0,2024-04,streetview
data/images/kyiv/50.407035_30.624637_h90.jpg,kyiv,50.407035,30.624637,90,2024-04,streetview
data/images/kyiv/50.407035_30.624637_h180.jpg,kyiv,50.407035,30.624637,180,2024-04,streetview
data/images/kyiv/50.407035_30.624637_h270.jpg,kyiv,50.407035,30.624637,270,2024-04,streetview
data/images/kyiv/50.449076_30.653759_h0.jpg,kyiv,50.449076,30.653759,0,2020-12,streetview
data/images/kyiv/50.449076_30.653759_h90.jpg,kyiv,50.449076,30.653759,90,2020-12,streetview
data/images/kyiv/50.449076_30.653759_h180.jpg,kyiv,50.449076,30.653759,180,2020-12,streetview
data/images/kyiv/50.449076_30.653759_h270.jpg,kyiv,50.449076,30.653759,270,2020-12,streetview
data/images/kyiv/50.437218_30.374398_h0.jpg,kyiv,50.437218,30.374398,0,2018-05,streetview
data/images/kyiv/50.437218_30.374398_h90.jpg,kyiv,50.437218,30.374398,90,2018-05,streetview
data/images/kyiv/50.437218_30.374398_h180.jpg,kyiv,50.437218,30.374398,180,2018-05,streetview
data/images/kyiv/50.437218_30.374398_h270.jpg,kyiv,50.437218,30.374398,270,2018-05,streetview
data/images/kyiv/50.435063_30.519937_h0.jpg,kyiv,50.435063,30.519937,0,2019-09,streetview
data/images/kyiv/50.435063_30.519937_h90.jpg,kyiv,50.435063,30.519937,90,2019-09,streetview
data/images/kyiv/50.435063_30.519937_h180.jpg,kyiv,50.435063,30.519937,180,2019-09,streetview
data/images/kyiv/50.435063_30.519937_h270.jpg,kyiv,50.435063,30.519937,270,2019-09,streetview
data/images/kyiv/50.516989_30.778114_h0.jpg,kyiv,50.516989,30.778114,0,2020-07,streetview
data/images/kyiv/50.516989_30.778114_h90.jpg,kyiv,50.516989,30.778114,90,2020-07,streetview
data/images/kyiv/50.516989_30.778114_h180.jpg,kyiv,50.516989,30.778114,180,2020-07,streetview
data/images/kyiv/50.516989_30.778114_h270.jpg,kyiv,50.516989,30.778114,270,2020-07,streetview
data/images/kyiv/50.439374_30.624901_h0.jpg,kyiv,50.439374,30.624901,0,2020-07,streetview
data/images/kyiv/50.439374_30.624901_h90.jpg,kyiv,50.439374,30.624901,90,2020-07,streetview
data/images/kyiv/50.439374_30.624901_h180.jpg,kyiv,50.439374,30.624901,180,2020-07,streetview
data/images/kyiv/50.439374_30.624901_h270.jpg,kyiv,50.439374,30.624901,270,2020-07,streetview
data/images/kyiv/50.359604_30.477248_h0.jpg,kyiv,50.359604,30.477248,0,2018-12,streetview
data/images/kyiv/50.359604_30.477248_h90.jpg,kyiv,50.359604,30.477248,90,2018-12,streetview
data/images/kyiv/50.359604_30.477248_h180.jpg,kyiv,50.359604,30.477248,180,2018-12,streetview
data/images/kyiv/50.359604_30.477248_h270.jpg,kyiv,50.359604,30.477248,270,2018-12,streetview
data/images/kyiv/50.43614_30.523328_h0.jpg,kyiv,50.43614,30.523328,0,2018-07,streetview
data/images/kyiv/50.43614_30.523328_h90.jpg,kyiv,50.43614,30.523328,90,2018-07,streetview
data/images/kyiv/50.43614_30.523328_h180.jpg,kyiv,50.43614,30.523328,180,2018-07,streetview
data/images/kyiv/50.43614_30.523328_h270.jpg,kyiv,50.43614,30.523328,270,2018-07,streetview
data/images/kyiv/50.52669_30.606962_h0.jpg,kyiv,50.52669,30.606962,0,2020-01,streetview
data/images/kyiv/50.52669_30.606962_h90.jpg,kyiv,50.52669,30.606962,90,2020-01,streetview
data/images/kyiv/50.52669_30.606962_h180.jpg,kyiv,50.52669,30.606962,180,2020-01,streetview
data/images/kyiv/50.52669_30.606962_h270.jpg,kyiv,50.52669,30.606962,270,2020-01,streetview
data/images/kyiv/50.46309_30.359231_h0.jpg,kyiv,50.46309,30.359231,0,2019-08,streetview
data/images/kyiv/50.46309_30.359231_h90.jpg,kyiv,50.46309,30.359231,90,2019-08,streetview
data/images/kyiv/50.46309_30.359231_h180.jpg,kyiv,50.46309,30.359231,180,2019-08,streetview
data/images/kyiv/50.46309_30.359231_h270.jpg,kyiv,50.46309,30.359231,270,2019-08,streetview
data/images/kyiv/50.579511_30.563237_h0.jpg,kyiv,50.579511,30.563237,0,2021-06,streetview
data/images/kyiv/50.579511_30.563237_h90.jpg,kyiv,50.579511,30.563237,90,2021-06,streetview
data/images/kyiv/50.579511_30.563237_h180.jpg,kyiv,50.579511,30.563237,180,2021-06,streetview
data/images/kyiv/50.579511_30.563237_h270.jpg,kyiv,50.579511,30.563237,270,2021-06,streetview
data/images/kyiv/50.487883_30.32202_h0.jpg,kyiv,50.487883,30.32202,0,2019-03,streetview
data/images/kyiv/50.487883_30.32202_h90.jpg,kyiv,50.487883,30.32202,90,2019-03,streetview
data/images/kyiv/50.487883_30.32202_h180.jpg,kyiv,50.487883,30.32202,180,2019-03,streetview
data/images/kyiv/50.487883_30.32202_h270.jpg,kyiv,50.487883,30.32202,270,2019-03,streetview
data/images/kyiv/50.449076_30.430297_h0.jpg,kyiv,50.449076,30.430297,0,2019-06,streetview
data/images/kyiv/50.449076_30.430297_h90.jpg,kyiv,50.449076,30.430297,90,2019-06,streetview
data/images/kyiv/50.449076_30.430297_h180.jpg,kyiv,50.449076,30.430297,180,2019-06,streetview
data/images/kyiv/50.449076_30.430297_h270.jpg,kyiv,50.449076,30.430297,270,2019-06,streetview
data/images/kyiv/50.437218_30.51318_h0.jpg,kyiv,50.437218,30.51318,0,2018-03,streetview
data/images/kyiv/50.437218_30.51318_h90.jpg,kyiv,50.437218,30.51318,90,2018-03,streetview
data/images/kyiv/50.437218_30.51318_h180.jpg,kyiv,50.437218,30.51318,180,2018-03,streetview
data/images/kyiv/50.437218_30.51318_h270.jpg,kyiv,50.437218,30.51318,270,2018-03,streetview
data/images/kyiv/50.426439_30.335449_h0.jpg,kyiv,50.426439,30.335449,0,2019-08,streetview
data/images/kyiv/50.426439_30.335449_h90.jpg,kyiv,50.426439,30.335449,90,2019-08,streetview
data/images/kyiv/50.426439_30.335449_h180.jpg,kyiv,50.426439,30.335449,180,2019-08,streetview
data/images/kyiv/50.426439_30.335449_h270.jpg,kyiv,50.426439,30.335449,270,2019-08,streetview
data/images/kyiv/50.471714_30.540479_h0.jpg,kyiv,50.471714,30.540479,0,2021-03,streetview
data/images/kyiv/50.471714_30.540479_h90.jpg,kyiv,50.471714,30.540479,90,2021-03,streetview
data/images/kyiv/50.471714_30.540479_h180.jpg,kyiv,50.471714,30.540479,180,2021-03,streetview
data/images/kyiv/50.471714_30.540479_h270.jpg,kyiv,50.471714,30.540479,270,2021-03,streetview
data/images/kyiv/50.45231_30.591146_h0.jpg,kyiv,50.45231,30.591146,0,2021-11,streetview
data/images/kyiv/50.45231_30.591146_h90.jpg,kyiv,50.45231,30.591146,90,2021-11,streetview
data/images/kyiv/50.45231_30.591146_h180.jpg,kyiv,50.45231,30.591146,180,2021-11,streetview
data/images/kyiv/50.45231_30.591146_h270.jpg,kyiv,50.45231,30.591146,270,2021-11,streetview
data/images/kyiv/50.37254_30.418157_h0.jpg,kyiv,50.37254,30.418157,0,2024-07,streetview
data/images/kyiv/50.37254_30.418157_h90.jpg,kyiv,50.37254,30.418157,90,2024-07,streetview
data/images/kyiv/50.37254_30.418157_h180.jpg,kyiv,50.37254,30.418157,180,2024-07,streetview
data/images/kyiv/50.37254_30.418157_h270.jpg,kyiv,50.37254,30.418157,270,2024-07,streetview
data/images/kyiv/50.400567_30.338778_h0.jpg,kyiv,50.400567,30.338778,0,2019-05,streetview
data/images/kyiv/50.400567_30.338778_h90.jpg,kyiv,50.400567,30.338778,90,2019-05,streetview
data/images/kyiv/50.400567_30.338778_h180.jpg,kyiv,50.400567,30.338778,180,2019-05,streetview
data/images/kyiv/50.400567_30.338778_h270.jpg,kyiv,50.400567,30.338778,270,2019-05,streetview
data/images/kyiv/50.44153_30.281316_h0.jpg,kyiv,50.44153,30.281316,0,2020-06,streetview
data/images/kyiv/50.44153_30.281316_h90.jpg,kyiv,50.44153,30.281316,90,2020-06,streetview
data/images/kyiv/50.44153_30.281316_h180.jpg,kyiv,50.44153,30.281316,180,2020-06,streetview
data/images/kyiv/50.44153_30.281316_h270.jpg,kyiv,50.44153,30.281316,270,2020-06,streetview
data/images/kyiv/50.389788_30.397933_h0.jpg,kyiv,50.389788,30.397933,0,2021-05,streetview
data/images/kyiv/50.389788_30.397933_h90.jpg,kyiv,50.389788,30.397933,90,2021-05,streetview
data/images/kyiv/50.389788_30.397933_h180.jpg,kyiv,50.389788,30.397933,180,2021-05,streetview
data/images/kyiv/50.389788_30.397933_h270.jpg,kyiv,50.389788,30.397933,270,2021-05,streetview
data/images/kyiv/50.456622_30.394771_h0.jpg,kyiv,50.456622,30.394771,0,2021-05,streetview
data/images/kyiv/50.456622_30.394771_h90.jpg,kyiv,50.456622,30.394771,90,2021-05,streetview
data/images/kyiv/50.456622_30.394771_h180.jpg,kyiv,50.456622,30.394771,180,2021-05,streetview
data/images/kyiv/50.456622_30.394771_h270.jpg,kyiv,50.456622,30.394771,270,2021-05,streetview
data/images/kyiv/50.384398_30.445251_h0.jpg,kyiv,50.384398,30.445251,0,2019-09,streetview
data/images/kyiv/50.384398_30.445251_h90.jpg,kyiv,50.384398,30.445251,90,2019-09,streetview
data/images/kyiv/50.384398_30.445251_h180.jpg,kyiv,50.384398,30.445251,180,2019-09,streetview
data/images/kyiv/50.384398_30.445251_h270.jpg,kyiv,50.384398,30.445251,270,2019-09,streetview
data/images/kyiv/50.426439_30.455587_h0.jpg,kyiv,50.426439,30.455587,0,2026-05,streetview
data/images/kyiv/50.426439_30.455587_h90.jpg,kyiv,50.426439,30.455587,90,2026-05,streetview
data/images/kyiv/50.426439_30.455587_h180.jpg,kyiv,50.426439,30.455587,180,2026-05,streetview
data/images/kyiv/50.426439_30.455587_h270.jpg,kyiv,50.426439,30.455587,270,2026-05,streetview
data/images/kyiv/50.370384_30.463781_h0.jpg,kyiv,50.370384,30.463781,0,2018-10,streetview
data/images/kyiv/50.370384_30.463781_h90.jpg,kyiv,50.370384,30.463781,90,2018-10,streetview
data/images/kyiv/50.370384_30.463781_h180.jpg,kyiv,50.370384,30.463781,180,2018-10,streetview
data/images/kyiv/50.370384_30.463781_h270.jpg,kyiv,50.370384,30.463781,270,2018-10,streetview
data/images/kyiv/50.450154_30.518334_h0.jpg,kyiv,50.450154,30.518334,0,2026-02,streetview
data/images/kyiv/50.450154_30.518334_h90.jpg,kyiv,50.450154,30.518334,90,2026-02,streetview
data/images/kyiv/50.450154_30.518334_h180.jpg,kyiv,50.450154,30.518334,180,2026-02,streetview
data/images/kyiv/50.450154_30.518334_h270.jpg,kyiv,50.450154,30.518334,270,2026-02,streetview
data/images/kyiv/50.469558_30.487963_h0.jpg,kyiv,50.469558,30.487963,0,2018-05,streetview
data/images/kyiv/50.469558_30.487963_h90.jpg,kyiv,50.469558,30.487963,90,2018-05,streetview
data/images/kyiv/50.469558_30.487963_h180.jpg,kyiv,50.469558,30.487963,180,2018-05,streetview
data/images/kyiv/50.469558_30.487963_h270.jpg,kyiv,50.469558,30.487963,270,2018-05,streetview
data/images/kyiv/50.433985_30.38285_h0.jpg,kyiv,50.433985,30.38285,0,2020-11,streetview
data/images/kyiv/50.433985_30.38285_h90.jpg,kyiv,50.433985,30.38285,90,2020-11,streetview
data/images/kyiv/50.433985_30.38285_h180.jpg,kyiv,50.433985,30.38285,180,2020-11,streetview
data/images/kyiv/50.433985_30.38285_h270.jpg,kyiv,50.433985,30.38285,270,2020-11,streetview
data/images/kyiv/50.585979_30.651568_h0.jpg,kyiv,50.585979,30.651568,0,2019-03,streetview
data/images/kyiv/50.585979_30.651568_h90.jpg,kyiv,50.585979,30.651568,90,2019-03,streetview
data/images/kyiv/50.585979_30.651568_h180.jpg,kyiv,50.585979,30.651568,180,2019-03,streetview
data/images/kyiv/50.585979_30.651568_h270.jpg,kyiv,50.585979,30.651568,270,2019-03,streetview
data/images/kyiv/50.525612_30.459433_h0.jpg,kyiv,50.525612,30.459433,0,2018-10,streetview
data/images/kyiv/50.525612_30.459433_h90.jpg,kyiv,50.525612,30.459433,90,2018-10,streetview
data/images/kyiv/50.525612_30.459433_h180.jpg,kyiv,50.525612,30.459433,180,2018-10,streetview
data/images/kyiv/50.525612_30.459433_h270.jpg,kyiv,50.525612,30.459433,270,2018-10,streetview
data/images/kyiv/50.319719_30.647564_h0.jpg,kyiv,50.319719,30.647564,0,2019-11,streetview
data/images/kyiv/50.319719_30.647564_h90.jpg,kyiv,50.319719,30.647564,90,2019-11,streetview
data/images/kyiv/50.319719_30.647564_h180.jpg,kyiv,50.319719,30.647564,180,2019-11,streetview
data/images/kyiv/50.319719_30.647564_h270.jpg,kyiv,50.319719,30.647564,270,2019-11,streetview
data/images/kyiv/50.527768_30.613753_h0.jpg,kyiv,50.527768,30.613753,0,2018-05,streetview
data/images/kyiv/50.527768_30.613753_h90.jpg,kyiv,50.527768,30.613753,90,2018-05,streetview
data/images/kyiv/50.527768_30.613753_h180.jpg,kyiv,50.527768,30.613753,180,2018-05,streetview
data/images/kyiv/50.527768_30.613753_h270.jpg,kyiv,50.527768,30.613753,270,2018-05,streetview
data/images/kyiv/50.529924_30.615466_h0.jpg,kyiv,50.529924,30.615466,0,2018-05,streetview
data/images/kyiv/50.529924_30.615466_h90.jpg,kyiv,50.529924,30.615466,90,2018-05,streetview
data/images/kyiv/50.529924_30.615466_h180.jpg,kyiv,50.529924,30.615466,180,2018-05,streetview
data/images/kyiv/50.529924_30.615466_h270.jpg,kyiv,50.529924,30.615466,270,2018-05,streetview
data/images/kyiv/50.449076_30.580965_h0.jpg,kyiv,50.449076,30.580965,0,2021-09,streetview
data/images/kyiv/50.449076_30.580965_h90.jpg,kyiv,50.449076,30.580965,90,2021-09,streetview
data/images/kyiv/50.449076_30.580965_h180.jpg,kyiv,50.449076,30.580965,180,2021-09,streetview
data/images/kyiv/50.449076_30.580965_h270.jpg,kyiv,50.449076,30.580965,270,2021-09,streetview
data/images/kyiv/50.400567_30.337087_h0.jpg,kyiv,50.400567,30.337087,0,2019-05,streetview
data/images/kyiv/50.400567_30.337087_h90.jpg,kyiv,50.400567,30.337087,90,2019-05,streetview
data/images/kyiv/50.400567_30.337087_h180.jpg,kyiv,50.400567,30.337087,180,2019-05,streetview
data/images/kyiv/50.400567_30.337087_h270.jpg,kyiv,50.400567,30.337087,270,2019-05,streetview
data/images/kyiv/50.428595_30.643427_h0.jpg,kyiv,50.428595,30.643427,0,2023-07,streetview
data/images/kyiv/50.428595_30.643427_h90.jpg,kyiv,50.428595,30.643427,90,2023-07,streetview
data/images/kyiv/50.428595_30.643427_h180.jpg,kyiv,50.428595,30.643427,180,2023-07,streetview
data/images/kyiv/50.428595_30.643427_h270.jpg,kyiv,50.428595,30.643427,270,2023-07,streetview
data/images/kyiv/50.470636_30.355863_h0.jpg,kyiv,50.470636,30.355863,0,2020-09,streetview
data/images/kyiv/50.470636_30.355863_h90.jpg,kyiv,50.470636,30.355863,90,2020-09,streetview
data/images/kyiv/50.470636_30.355863_h180.jpg,kyiv,50.470636,30.355863,180,2020-09,streetview
data/images/kyiv/50.470636_30.355863_h270.jpg,kyiv,50.470636,30.355863,270,2020-09,streetview
data/images/kyiv/50.481415_30.415181_h0.jpg,kyiv,50.481415,30.415181,0,2021-05,streetview
data/images/kyiv/50.481415_30.415181_h90.jpg,kyiv,50.481415,30.415181,90,2021-05,streetview
data/images/kyiv/50.481415_30.415181_h180.jpg,kyiv,50.481415,30.415181,180,2021-05,streetview
data/images/kyiv/50.481415_30.415181_h270.jpg,kyiv,50.481415,30.415181,270,2021-05,streetview
data/images/kyiv/50.426439_30.39298_h0.jpg,kyiv,50.426439,30.39298,0,2022-02,streetview
data/images/kyiv/50.426439_30.39298_h90.jpg,kyiv,50.426439,30.39298,90,2022-02,streetview
data/images/kyiv/50.426439_30.39298_h180.jpg,kyiv,50.426439,30.39298,180,2022-02,streetview
data/images/kyiv/50.426439_30.39298_h270.jpg,kyiv,50.426439,30.39298,270,2022-02,streetview
data/images/kyiv/50.43614_30.530098_h0.jpg,kyiv,50.43614,30.530098,0,2019-09,streetview
data/images/kyiv/50.43614_30.530098_h90.jpg,kyiv,50.43614,30.530098,90,2019-09,streetview
data/images/kyiv/50.43614_30.530098_h180.jpg,kyiv,50.43614,30.530098,180,2019-09,streetview
data/images/kyiv/50.43614_30.530098_h270.jpg,kyiv,50.43614,30.530098,270,2019-09,streetview
data/images/kyiv/50.371462_30.450265_h0.jpg,kyiv,50.371462,30.450265,0,2025-12,streetview
data/images/kyiv/50.371462_30.450265_h90.jpg,kyiv,50.371462,30.450265,90,2025-12,streetview
data/images/kyiv/50.371462_30.450265_h180.jpg,kyiv,50.371462,30.450265,180,2025-12,streetview
data/images/kyiv/50.371462_30.450265_h270.jpg,kyiv,50.371462,30.450265,270,2025-12,streetview
data/images/kyiv/50.588135_30.497079_h0.jpg,kyiv,50.588135,30.497079,0,2021-01,streetview
data/images/kyiv/50.588135_30.497079_h90.jpg,kyiv,50.588135,30.497079,90,2021-01,streetview
data/images/kyiv/50.588135_30.497079_h180.jpg,kyiv,50.588135,30.497079,180,2021-01,streetview
data/images/kyiv/50.588135_30.497079_h270.jpg,kyiv,50.588135,30.497079,270,2021-01,streetview
data/images/kyiv/50.38332_30.463843_h0.jpg,kyiv,50.38332,30.463843,0,2018-11,streetview
data/images/kyiv/50.38332_30.463843_h90.jpg,kyiv,50.38332,30.463843,90,2018-11,streetview
data/images/kyiv/50.38332_30.463843_h180.jpg,kyiv,50.38332,30.463843,180,2018-11,streetview
data/images/kyiv/50.38332_30.463843_h270.jpg,kyiv,50.38332,30.463843,270,2018-11,streetview
data/images/kyiv/50.462012_30.435429_h0.jpg,kyiv,50.462012,30.435429,0,2019-04,streetview
data/images/kyiv/50.462012_30.435429_h90.jpg,kyiv,50.462012,30.435429,90,2019-04,streetview
data/images/kyiv/50.462012_30.435429_h180.jpg,kyiv,50.462012,30.435429,180,2019-04,streetview
data/images/kyiv/50.462012_30.435429_h270.jpg,kyiv,50.462012,30.435429,270,2019-04,streetview
data/images/kyiv/50.476026_30.672628_h0.jpg,kyiv,50.476026,30.672628,0,2018-11,streetview
data/images/kyiv/50.476026_30.672628_h90.jpg,kyiv,50.476026,30.672628,90,2018-11,streetview
data/images/kyiv/50.476026_30.672628_h180.jpg,kyiv,50.476026,30.672628,180,2018-11,streetview
data/images/kyiv/50.476026_30.672628_h270.jpg,kyiv,50.476026,30.672628,270,2018-11,streetview
data/images/kyiv/50.458778_30.447269_h0.jpg,kyiv,50.458778,30.447269,0,2019-03,streetview
data/images/kyiv/50.458778_30.447269_h90.jpg,kyiv,50.458778,30.447269,90,2019-03,streetview
data/images/kyiv/50.458778_30.447269_h180.jpg,kyiv,50.458778,30.447269,180,2019-03,streetview
data/images/kyiv/50.458778_30.447269_h270.jpg,kyiv,50.458778,30.447269,270,2019-03,streetview
data/images/kyiv/50.501897_30.605074_h0.jpg,kyiv,50.501897,30.605074,0,2019-07,streetview
data/images/kyiv/50.501897_30.605074_h90.jpg,kyiv,50.501897,30.605074,90,2019-07,streetview
data/images/kyiv/50.501897_30.605074_h180.jpg,kyiv,50.501897,30.605074,180,2019-07,streetview
data/images/kyiv/50.501897_30.605074_h270.jpg,kyiv,50.501897,30.605074,270,2019-07,streetview
data/images/kyiv/50.455544_30.508207_h0.jpg,kyiv,50.455544,30.508207,0,2021-07,streetview
data/images/kyiv/50.455544_30.508207_h90.jpg,kyiv,50.455544,30.508207,90,2021-07,streetview
data/images/kyiv/50.455544_30.508207_h180.jpg,kyiv,50.455544,30.508207,180,2021-07,streetview
data/images/kyiv/50.455544_30.508207_h270.jpg,kyiv,50.455544,30.508207,270,2021-07,streetview
data/images/kyiv/50.408113_30.528235_h0.jpg,kyiv,50.408113,30.528235,0,2021-04,streetview
data/images/kyiv/50.408113_30.528235_h90.jpg,kyiv,50.408113,30.528235,90,2021-04,streetview
data/images/kyiv/50.408113_30.528235_h180.jpg,kyiv,50.408113,30.528235,180,2021-04,streetview
data/images/kyiv/50.408113_30.528235_h270.jpg,kyiv,50.408113,30.528235,270,2021-04,streetview
data/images/kyiv/50.529924_30.598508_h0.jpg,kyiv,50.529924,30.598508,0,2025-07,streetview
data/images/kyiv/50.529924_30.598508_h90.jpg,kyiv,50.529924,30.598508,90,2025-07,streetview
data/images/kyiv/50.529924_30.598508_h180.jpg,kyiv,50.529924,30.598508,180,2025-07,streetview
data/images/kyiv/50.529924_30.598508_h270.jpg,kyiv,50.529924,30.598508,270,2025-07,streetview
data/images/kyiv/50.442608_30.418422_h0.jpg,kyiv,50.442608,30.418422,0,2018-08,streetview
data/images/kyiv/50.442608_30.418422_h90.jpg,kyiv,50.442608,30.418422,90,2018-08,streetview
data/images/kyiv/50.442608_30.418422_h180.jpg,kyiv,50.442608,30.418422,180,2018-08,streetview
data/images/kyiv/50.442608_30.418422_h270.jpg,kyiv,50.442608,30.418422,270,2018-08,streetview
data/images/kyiv/50.442608_30.387954_h0.jpg,kyiv,50.442608,30.387954,0,2020-12,streetview
data/images/kyiv/50.442608_30.387954_h90.jpg,kyiv,50.442608,30.387954,90,2020-12,streetview
data/images/kyiv/50.442608_30.387954_h180.jpg,kyiv,50.442608,30.387954,180,2020-12,streetview
data/images/kyiv/50.442608_30.387954_h270.jpg,kyiv,50.442608,30.387954,270,2020-12,streetview
data/images/kyiv/50.387632_30.435121_h0.jpg,kyiv,50.387632,30.435121,0,2019-09,streetview
data/images/kyiv/50.387632_30.435121_h90.jpg,kyiv,50.387632,30.435121,90,2019-09,streetview
data/images/kyiv/50.387632_30.435121_h180.jpg,kyiv,50.387632,30.435121,180,2019-09,streetview
data/images/kyiv/50.387632_30.435121_h270.jpg,kyiv,50.387632,30.435121,270,2019-09,streetview
data/images/kyiv/50.421049_30.455562_h0.jpg,kyiv,50.421049,30.455562,0,2021-09,streetview
data/images/kyiv/50.421049_30.455562_h90.jpg,kyiv,50.421049,30.455562,90,2021-09,streetview
data/images/kyiv/50.421049_30.455562_h180.jpg,kyiv,50.421049,30.455562,180,2021-09,streetview
data/images/kyiv/50.421049_30.455562_h270.jpg,kyiv,50.421049,30.455562,270,2021-09,streetview
data/images/kyiv/50.374696_30.776496_h0.jpg,kyiv,50.374696,30.776496,0,2021-09,streetview
data/images/kyiv/50.374696_30.776496_h90.jpg,kyiv,50.374696,30.776496,90,2021-09,streetview
data/images/kyiv/50.374696_30.776496_h180.jpg,kyiv,50.374696,30.776496,180,2021-09,streetview
data/images/kyiv/50.374696_30.776496_h270.jpg,kyiv,50.374696,30.776496,270,2021-09,streetview
data/images/kyiv/50.462012_30.620005_h0.jpg,kyiv,50.462012,30.620005,0,2020-06,streetview
data/images/kyiv/50.462012_30.620005_h90.jpg,kyiv,50.462012,30.620005,90,2020-06,streetview
data/images/kyiv/50.462012_30.620005_h180.jpg,kyiv,50.462012,30.620005,180,2020-06,streetview
data/images/kyiv/50.462012_30.620005_h270.jpg,kyiv,50.462012,30.620005,270,2020-06,streetview
data/images/kyiv/50.417815_30.624725_h0.jpg,kyiv,50.417815,30.624725,0,2018-11,streetview
data/images/kyiv/50.417815_30.624725_h90.jpg,kyiv,50.417815,30.624725,90,2018-11,streetview
data/images/kyiv/50.417815_30.624725_h180.jpg,kyiv,50.417815,30.624725,180,2018-11,streetview
data/images/kyiv/50.417815_30.624725_h270.jpg,kyiv,50.417815,30.624725,270,2018-11,streetview
data/images/kyiv/50.462012_30.350762_h0.jpg,kyiv,50.462012,30.350762,0,2018-09,streetview
data/images/kyiv/50.462012_30.350762_h90.jpg,kyiv,50.462012,30.350762,90,2018-09,streetview
data/images/kyiv/50.462012_30.350762_h180.jpg,kyiv,50.462012,30.350762,180,2018-09,streetview
data/images/kyiv/50.462012_30.350762_h270.jpg,kyiv,50.462012,30.350762,270,2018-09,streetview
data/images/kyiv/50.336967_30.749046_h0.jpg,kyiv,50.336967,30.749046,0,2020-08,streetview
data/images/kyiv/50.336967_30.749046_h90.jpg,kyiv,50.336967,30.749046,90,2020-08,streetview
data/images/kyiv/50.336967_30.749046_h180.jpg,kyiv,50.336967,30.749046,180,2020-08,streetview
data/images/kyiv/50.336967_30.749046_h270.jpg,kyiv,50.336967,30.749046,270,2020-08,streetview
data/images/kyiv/50.518066_30.598418_h0.jpg,kyiv,50.518066,30.598418,0,2021-06,streetview
data/images/kyiv/50.518066_30.598418_h90.jpg,kyiv,50.518066,30.598418,90,2021-06,streetview
data/images/kyiv/50.518066_30.598418_h180.jpg,kyiv,50.518066,30.598418,180,2021-06,streetview
data/images/kyiv/50.518066_30.598418_h270.jpg,kyiv,50.518066,30.598418,270,2021-06,streetview
data/images/kyiv/50.257197_30.308129_h0.jpg,kyiv,50.257197,30.308129,0,2021-01,streetview
data/images/kyiv/50.257197_30.308129_h90.jpg,kyiv,50.257197,30.308129,90,2021-01,streetview
data/images/kyiv/50.257197_30.308129_h180.jpg,kyiv,50.257197,30.308129,180,2021-01,streetview
data/images/kyiv/50.257197_30.308129_h270.jpg,kyiv,50.257197,30.308129,270,2021-01,streetview
data/images/kyiv/50.552562_30.262752_h0.jpg,kyiv,50.552562,30.262752,0,2019-07,streetview
data/images/kyiv/50.552562_30.262752_h90.jpg,kyiv,50.552562,30.262752,90,2019-07,streetview
data/images/kyiv/50.552562_30.262752_h180.jpg,kyiv,50.552562,30.262752,180,2019-07,streetview
data/images/kyiv/50.552562_30.262752_h270.jpg,kyiv,50.552562,30.262752,270,2019-07,streetview
data/images/kyiv/50.445842_30.636803_h0.jpg,kyiv,50.445842,30.636803,0,2021-06,streetview
data/images/kyiv/50.445842_30.636803_h90.jpg,kyiv,50.445842,30.636803,90,2021-06,streetview
data/images/kyiv/50.445842_30.636803_h180.jpg,kyiv,50.445842,30.636803,180,2021-06,streetview
data/images/kyiv/50.445842_30.636803_h270.jpg,kyiv,50.445842,30.636803,270,2021-06,streetview
data/images/kyiv/50.481415_30.454145_h0.jpg,kyiv,50.481415,30.454145,0,2019-09,streetview
data/images/kyiv/50.481415_30.454145_h90.jpg,kyiv,50.481415,30.454145,90,2019-09,streetview
data/images/kyiv/50.481415_30.454145_h180.jpg,kyiv,50.481415,30.454145,180,2019-09,streetview
data/images/kyiv/50.481415_30.454145_h270.jpg,kyiv,50.481415,30.454145,270,2019-09,streetview
data/images/kyiv/50.46848_30.515055_h0.jpg,kyiv,50.46848,30.515055,0,2019-03,streetview
data/images/kyiv/50.46848_30.515055_h90.jpg,kyiv,50.46848,30.515055,90,2019-03,streetview
data/images/kyiv/50.46848_30.515055_h180.jpg,kyiv,50.46848,30.515055,180,2019-03,streetview
data/images/kyiv/50.46848_30.515055_h270.jpg,kyiv,50.46848,30.515055,270,2019-03,streetview
data/images/kyiv/50.399489_30.519726_h0.jpg,kyiv,50.399489,30.519726,0,2018-11,streetview
data/images/kyiv/50.399489_30.519726_h90.jpg,kyiv,50.399489,30.519726,90,2018-11,streetview
data/images/kyiv/50.399489_30.519726_h180.jpg,kyiv,50.399489,30.519726,180,2018-11,streetview
data/images/kyiv/50.399489_30.519726_h270.jpg,kyiv,50.399489,30.519726,270,2018-11,streetview
data/images/kyiv/50.343435_30.299809_h0.jpg,kyiv,50.343435,30.299809,0,2025-04,streetview
data/images/kyiv/50.343435_30.299809_h90.jpg,kyiv,50.343435,30.299809,90,2025-04,streetview
data/images/kyiv/50.343435_30.299809_h180.jpg,kyiv,50.343435,30.299809,180,2025-04,streetview
data/images/kyiv/50.343435_30.299809_h270.jpg,kyiv,50.343435,30.299809,270,2025-04,streetview
data/images/kyiv/50.551484_30.629211_h0.jpg,kyiv,50.551484,30.629211,0,2020-06,streetview
data/images/kyiv/50.551484_30.629211_h90.jpg,kyiv,50.551484,30.629211,90,2020-06,streetview
data/images/kyiv/50.551484_30.629211_h180.jpg,kyiv,50.551484,30.629211,180,2020-06,streetview
data/images/kyiv/50.551484_30.629211_h270.jpg,kyiv,50.551484,30.629211,270,2020-06,streetview
data/images/kyiv/50.399489_30.614429_h0.jpg,kyiv,50.399489,30.614429,0,2019-08,streetview
data/images/kyiv/50.399489_30.614429_h90.jpg,kyiv,50.399489,30.614429,90,2019-08,streetview
data/images/kyiv/50.399489_30.614429_h180.jpg,kyiv,50.399489,30.614429,180,2019-08,streetview
data/images/kyiv/50.399489_30.614429_h270.jpg,kyiv,50.399489,30.614429,270,2019-08,streetview
data/images/kyiv/50.460934_30.491304_h0.jpg,kyiv,50.460934,30.491304,0,2019-06,streetview
data/images/kyiv/50.460934_30.491304_h90.jpg,kyiv,50.460934,30.491304,90,2019-06,streetview
data/images/kyiv/50.460934_30.491304_h180.jpg,kyiv,50.460934,30.491304,180,2019-06,streetview
data/images/kyiv/50.460934_30.491304_h270.jpg,kyiv,50.460934,30.491304,270,2019-06,streetview
data/images/kyiv/50.583823_30.497055_h0.jpg,kyiv,50.583823,30.497055,0,2026-05,streetview
data/images/kyiv/50.583823_30.497055_h90.jpg,kyiv,50.583823,30.497055,90,2026-05,streetview
data/images/kyiv/50.583823_30.497055_h180.jpg,kyiv,50.583823,30.497055,180,2026-05,streetview
data/images/kyiv/50.583823_30.497055_h270.jpg,kyiv,50.583823,30.497055,270,2026-05,streetview
data/images/kyiv/50.443686_30.281318_h0.jpg,kyiv,50.443686,30.281318,0,2020-10,streetview
data/images/kyiv/50.443686_30.281318_h90.jpg,kyiv,50.443686,30.281318,90,2020-10,streetview
data/images/kyiv/50.443686_30.281318_h180.jpg,kyiv,50.443686,30.281318,180,2020-10,streetview
data/images/kyiv/50.443686_30.281318_h270.jpg,kyiv,50.443686,30.281318,270,2020-10,streetview
data/images/kyiv/50.415659_30.401403_h0.jpg,kyiv,50.415659,30.401403,0,2018-06,streetview
data/images/kyiv/50.415659_30.401403_h90.jpg,kyiv,50.415659,30.401403,90,2018-06,streetview
data/images/kyiv/50.415659_30.401403_h180.jpg,kyiv,50.415659,30.401403,180,2018-06,streetview
data/images/kyiv/50.415659_30.401403_h270.jpg,kyiv,50.415659,30.401403,270,2018-06,streetview
data/images/kyiv/50.439374_30.41164_h0.jpg,kyiv,50.439374,30.41164,0,2020-05,streetview
data/images/kyiv/50.439374_30.41164_h90.jpg,kyiv,50.439374,30.41164,90,2020-05,streetview
data/images/kyiv/50.439374_30.41164_h180.jpg,kyiv,50.439374,30.41164,180,2020-05,streetview
data/images/kyiv/50.439374_30.41164_h270.jpg,kyiv,50.439374,30.41164,270,2020-05,streetview
data/images/kyiv/50.478181_30.399924_h0.jpg,kyiv,50.478181,30.399924,0,2019-04,streetview
data/images/kyiv/50.478181_30.399924_h90.jpg,kyiv,50.478181,30.399924,90,2019-04,streetview
data/images/kyiv/50.478181_30.399924_h180.jpg,kyiv,50.478181,30.399924,180,2019-04,streetview
data/images/kyiv/50.478181_30.399924_h270.jpg,kyiv,50.478181,30.399924,270,2019-04,streetview
data/images/kyiv/50.482493_30.589677_h0.jpg,kyiv,50.482493,30.589677,0,2019-05,streetview
data/images/kyiv/50.482493_30.589677_h90.jpg,kyiv,50.482493,30.589677,90,2019-05,streetview
data/images/kyiv/50.482493_30.589677_h180.jpg,kyiv,50.482493,30.589677,180,2019-05,streetview
data/images/kyiv/50.482493_30.589677_h270.jpg,kyiv,50.482493,30.589677,270,2019-05,streetview
data/images/kyiv/50.462012_30.489617_h0.jpg,kyiv,50.462012,30.489617,0,2018-11,streetview
data/images/kyiv/50.462012_30.489617_h90.jpg,kyiv,50.462012,30.489617,90,2018-11,streetview
data/images/kyiv/50.462012_30.489617_h180.jpg,kyiv,50.462012,30.489617,180,2018-11,streetview
data/images/kyiv/50.462012_30.489617_h270.jpg,kyiv,50.462012,30.489617,270,2018-11,streetview
data/images/kyiv/50.486805_30.521939_h0.jpg,kyiv,50.486805,30.521939,0,2023-12,streetview
data/images/kyiv/50.486805_30.521939_h90.jpg,kyiv,50.486805,30.521939,90,2023-12,streetview
data/images/kyiv/50.486805_30.521939_h180.jpg,kyiv,50.486805,30.521939,180,2023-12,streetview
data/images/kyiv/50.486805_30.521939_h270.jpg,kyiv,50.486805,30.521939,270,2023-12,streetview
data/images/kyiv/50.403801_30.653363_h0.jpg,kyiv,50.403801,30.653363,0,2018-09,streetview
data/images/kyiv/50.403801_30.653363_h90.jpg,kyiv,50.403801,30.653363,90,2018-09,streetview
data/images/kyiv/50.403801_30.653363_h180.jpg,kyiv,50.403801,30.653363,180,2018-09,streetview
data/images/kyiv/50.403801_30.653363_h270.jpg,kyiv,50.403801,30.653363,270,2018-09,streetview
data/images/kyiv/50.494351_30.249167_h0.jpg,kyiv,50.494351,30.249167,0,2018-06,streetview
data/images/kyiv/50.494351_30.249167_h90.jpg,kyiv,50.494351,30.249167,90,2018-06,streetview
data/images/kyiv/50.494351_30.249167_h180.jpg,kyiv,50.494351,30.249167,180,2018-06,streetview
data/images/kyiv/50.494351_30.249167_h270.jpg,kyiv,50.494351,30.249167,270,2018-06,streetview
data/images/kyiv/50.43614_30.536868_h0.jpg,kyiv,50.43614,30.536868,0,2018-01,streetview
data/images/kyiv/50.43614_30.536868_h90.jpg,kyiv,50.43614,30.536868,90,2018-01,streetview
data/images/kyiv/50.43614_30.536868_h180.jpg,kyiv,50.43614,30.536868,180,2018-01,streetview
data/images/kyiv/50.43614_30.536868_h270.jpg,kyiv,50.43614,30.536868,270,2018-01,streetview
data/images/kyiv/50.393022_30.558578_h0.jpg,kyiv,50.393022,30.558578,0,2021-06,streetview
data/images/kyiv/50.393022_30.558578_h90.jpg,kyiv,50.393022,30.558578,90,2021-06,streetview
data/images/kyiv/50.393022_30.558578_h180.jpg,kyiv,50.393022,30.558578,180,2021-06,streetview
data/images/kyiv/50.393022_30.558578_h270.jpg,kyiv,50.393022,30.558578,270,2021-06,streetview
data/images/kyiv/50.423205_30.475876_h0.jpg,kyiv,50.423205,30.475876,0,2019-03,streetview
data/images/kyiv/50.423205_30.475876_h90.jpg,kyiv,50.423205,30.475876,90,2019-03,streetview
data/images/kyiv/50.423205_30.475876_h180.jpg,kyiv,50.423205,30.475876,180,2019-03,streetview
data/images/kyiv/50.423205_30.475876_h270.jpg,kyiv,50.423205,30.475876,270,2019-03,streetview
data/images/kyiv/50.497585_30.437272_h0.jpg,kyiv,50.497585,30.437272,0,2019-04,streetview
data/images/kyiv/50.497585_30.437272_h90.jpg,kyiv,50.497585,30.437272,90,2019-04,streetview
data/images/kyiv/50.497585_30.437272_h180.jpg,kyiv,50.497585,30.437272,180,2019-04,streetview
data/images/kyiv/50.497585_30.437272_h270.jpg,kyiv,50.497585,30.437272,270,2019-04,streetview
data/images/kyiv/50.525612_30.466215_h0.jpg,kyiv,50.525612,30.466215,0,2024-12,streetview
data/images/kyiv/50.525612_30.466215_h90.jpg,kyiv,50.525612,30.466215,90,2024-12,streetview
data/images/kyiv/50.525612_30.466215_h180.jpg,kyiv,50.525612,30.466215,180,2024-12,streetview
data/images/kyiv/50.525612_30.466215_h270.jpg,kyiv,50.525612,30.466215,270,2024-12,streetview
data/images/kyiv/50.443686_30.592774_h0.jpg,kyiv,50.443686,30.592774,0,2021-07,streetview
data/images/kyiv/50.443686_30.592774_h90.jpg,kyiv,50.443686,30.592774,90,2021-07,streetview
data/images/kyiv/50.443686_30.592774_h180.jpg,kyiv,50.443686,30.592774,180,2021-07,streetview
data/images/kyiv/50.443686_30.592774_h270.jpg,kyiv,50.443686,30.592774,270,2021-07,streetview
data/images/kyiv/50.54825_30.627487_h0.jpg,kyiv,50.54825,30.627487,0,2020-02,streetview
data/images/kyiv/50.54825_30.627487_h90.jpg,kyiv,50.54825,30.627487,90,2020-02,streetview
data/images/kyiv/50.54825_30.627487_h180.jpg,kyiv,50.54825,30.627487,180,2020-02,streetview
data/images/kyiv/50.54825_30.627487_h270.jpg,kyiv,50.54825,30.627487,270,2020-02,streetview
data/images/kyiv/50.515911_30.600097_h0.jpg,kyiv,50.515911,30.600097,0,2018-12,streetview
data/images/kyiv/50.515911_30.600097_h90.jpg,kyiv,50.515911,30.600097,90,2018-12,streetview
data/images/kyiv/50.515911_30.600097_h180.jpg,kyiv,50.515911,30.600097,180,2018-12,streetview
data/images/kyiv/50.515911_30.600097_h270.jpg,kyiv,50.515911,30.600097,270,2018-12,streetview
data/images/kyiv/50.438296_30.325318_h0.jpg,kyiv,50.438296,30.325318,0,2021-05,streetview
data/images/kyiv/50.438296_30.325318_h90.jpg,kyiv,50.438296,30.325318,90,2021-05,streetview
data/images/kyiv/50.438296_30.325318_h180.jpg,kyiv,50.438296,30.325318,180,2021-05,streetview
data/images/kyiv/50.438296_30.325318_h270.jpg,kyiv,50.438296,30.325318,270,2021-05,streetview
data/images/kyiv/50.428595_30.365912_h0.jpg,kyiv,50.428595,30.365912,0,2021-10,streetview
data/images/kyiv/50.428595_30.365912_h90.jpg,kyiv,50.428595,30.365912,90,2021-10,streetview
data/images/kyiv/50.428595_30.365912_h180.jpg,kyiv,50.428595,30.365912,180,2021-10,streetview
data/images/kyiv/50.428595_30.365912_h270.jpg,kyiv,50.428595,30.365912,270,2021-10,streetview
data/images/kyiv/50.245339_30.731209_h0.jpg,kyiv,50.245339,30.731209,0,2019-11,streetview
data/images/kyiv/50.245339_30.731209_h90.jpg,kyiv,50.245339,30.731209,90,2019-11,streetview
data/images/kyiv/50.245339_30.731209_h180.jpg,kyiv,50.245339,30.731209,180,2019-11,streetview
data/images/kyiv/50.245339_30.731209_h270.jpg,kyiv,50.245339,30.731209,270,2019-11,streetview
data/images/kyiv/50.427517_30.602806_h0.jpg,kyiv,50.427517,30.602806,0,2021-09,streetview
data/images/kyiv/50.427517_30.602806_h90.jpg,kyiv,50.427517,30.602806,90,2021-09,streetview
data/images/kyiv/50.427517_30.602806_h180.jpg,kyiv,50.427517,30.602806,180,2021-09,streetview
data/images/kyiv/50.427517_30.602806_h270.jpg,kyiv,50.427517,30.602806,270,2021-09,streetview
data/images/kyiv/50.330499_30.801326_h0.jpg,kyiv,50.330499,30.801326,0,2020-08,streetview
data/images/kyiv/50.330499_30.801326_h90.jpg,kyiv,50.330499,30.801326,90,2020-08,streetview
data/images/kyiv/50.330499_30.801326_h180.jpg,kyiv,50.330499,30.801326,180,2020-08,streetview
data/images/kyiv/50.330499_30.801326_h270.jpg,kyiv,50.330499,30.801326,270,2020-08,streetview
data/images/kyiv/50.509443_30.418676_h0.jpg,kyiv,50.509443,30.418676,0,2019-03,streetview
data/images/kyiv/50.509443_30.418676_h90.jpg,kyiv,50.509443,30.418676,90,2019-03,streetview
data/images/kyiv/50.509443_30.418676_h180.jpg,kyiv,50.509443,30.418676,180,2019-03,streetview
data/images/kyiv/50.509443_30.418676_h270.jpg,kyiv,50.509443,30.418676,270,2019-03,streetview
data/images/kyiv/50.505131_30.471202_h0.jpg,kyiv,50.505131,30.471202,0,2021-06,streetview
data/images/kyiv/50.505131_30.471202_h90.jpg,kyiv,50.505131,30.471202,90,2021-06,streetview
data/images/kyiv/50.505131_30.471202_h180.jpg,kyiv,50.505131,30.471202,180,2021-06,streetview
data/images/kyiv/50.505131_30.471202_h270.jpg,kyiv,50.505131,30.471202,270,2021-06,streetview
data/images/kyiv/50.320797_30.657704_h0.jpg,kyiv,50.320797,30.657704,0,2019-11,streetview
data/images/kyiv/50.320797_30.657704_h90.jpg,kyiv,50.320797,30.657704,90,2019-11,streetview
data/images/kyiv/50.320797_30.657704_h180.jpg,kyiv,50.320797,30.657704,180,2019-11,streetview
data/images/kyiv/50.320797_30.657704_h270.jpg,kyiv,50.320797,30.657704,270,2019-11,streetview
data/images/kyiv/50.249651_30.729567_h0.jpg,kyiv,50.249651,30.729567,0,2019-11,streetview
data/images/kyiv/50.249651_30.729567_h90.jpg,kyiv,50.249651,30.729567,90,2019-11,streetview
data/images/kyiv/50.249651_30.729567_h180.jpg,kyiv,50.249651,30.729567,180,2019-11,streetview
data/images/kyiv/50.249651_30.729567_h270.jpg,kyiv,50.249651,30.729567,270,2019-11,streetview
data/images/kyiv/50.45231_30.467556_h0.jpg,kyiv,50.45231,30.467556,0,2019-04,streetview
data/images/kyiv/50.45231_30.467556_h90.jpg,kyiv,50.45231,30.467556,90,2019-04,streetview
data/images/kyiv/50.45231_30.467556_h180.jpg,kyiv,50.45231,30.467556,180,2019-04,streetview
data/images/kyiv/50.45231_30.467556_h270.jpg,kyiv,50.45231,30.467556,270,2019-04,streetview
data/images/kyiv/50.509443_30.513599_h0.jpg,kyiv,50.509443,30.513599,0,2018-07,streetview
data/images/kyiv/50.509443_30.513599_h90.jpg,kyiv,50.509443,30.513599,90,2018-07,streetview
data/images/kyiv/50.509443_30.513599_h180.jpg,kyiv,50.509443,30.513599,180,2018-07,streetview
data/images/kyiv/50.509443_30.513599_h270.jpg,kyiv,50.509443,30.513599,270,2018-07,streetview
data/images/kyiv/50.427517_30.365909_h0.jpg,kyiv,50.427517,30.365909,0,2021-10,streetview
data/images/kyiv/50.427517_30.365909_h90.jpg,kyiv,50.427517,30.365909,90,2021-10,streetview
data/images/kyiv/50.427517_30.365909_h180.jpg,kyiv,50.427517,30.365909,180,2021-10,streetview
data/images/kyiv/50.427517_30.365909_h270.jpg,kyiv,50.427517,30.365909,270,2021-10,streetview
data/images/kyiv/50.496507_30.425405_h0.jpg,kyiv,50.496507,30.425405,0,2018-05,streetview
data/images/kyiv/50.496507_30.425405_h90.jpg,kyiv,50.496507,30.425405,90,2018-05,streetview
data/images/kyiv/50.496507_30.425405_h180.jpg,kyiv,50.496507,30.425405,180,2018-05,streetview
data/images/kyiv/50.496507_30.425405_h270.jpg,kyiv,50.496507,30.425405,270,2018-05,streetview
data/images/kyiv/50.258275_30.540813_h0.jpg,kyiv,50.258275,30.540813,0,2021-11,streetview
data/images/kyiv/50.258275_30.540813_h90.jpg,kyiv,50.258275,30.540813,90,2021-11,streetview
data/images/kyiv/50.258275_30.540813_h180.jpg,kyiv,50.258275,30.540813,180,2021-11,streetview
data/images/kyiv/50.258275_30.540813_h270.jpg,kyiv,50.258275,30.540813,270,2021-11,streetview
data/images/kyiv/50.495429_30.559271_h0.jpg,kyiv,50.495429,30.559271,0,2019-03,streetview
data/images/kyiv/50.495429_30.559271_h90.jpg,kyiv,50.495429,30.559271,90,2019-03,streetview
data/images/kyiv/50.495429_30.559271_h180.jpg,kyiv,50.495429,30.559271,180,2019-03,streetview
data/images/kyiv/50.495429_30.559271_h270.jpg,kyiv,50.495429,30.559271,270,2019-03,streetview
data/images/kyiv/50.506209_30.474597_h0.jpg,kyiv,50.506209,30.474597,0,2020-10,streetview
data/images/kyiv/50.506209_30.474597_h90.jpg,kyiv,50.506209,30.474597,90,2020-10,streetview
data/images/kyiv/50.506209_30.474597_h180.jpg,kyiv,50.506209,30.474597,180,2020-10,streetview
data/images/kyiv/50.506209_30.474597_h270.jpg,kyiv,50.506209,30.474597,270,2020-10,streetview
data/images/kyiv/50.556874_30.820989_h0.jpg,kyiv,50.556874,30.820989,0,2018-10,streetview
data/images/kyiv/50.556874_30.820989_h90.jpg,kyiv,50.556874,30.820989,90,2018-10,streetview
data/images/kyiv/50.556874_30.820989_h180.jpg,kyiv,50.556874,30.820989,180,2018-10,streetview
data/images/kyiv/50.556874_30.820989_h270.jpg,kyiv,50.556874,30.820989,270,2018-10,streetview
data/images/kyiv/50.4577_30.421866_h0.jpg,kyiv,50.4577,30.421866,0,2025-11,streetview
data/images/kyiv/50.4577_30.421866_h90.jpg,kyiv,50.4577,30.421866,90,2025-11,streetview
data/images/kyiv/50.4577_30.421866_h180.jpg,kyiv,50.4577,30.421866,180,2025-11,streetview
data/images/kyiv/50.4577_30.421866_h270.jpg,kyiv,50.4577,30.421866,270,2025-11,streetview
data/images/kyiv/50.447998_30.453993_h0.jpg,kyiv,50.447998,30.453993,0,2021-03,streetview
data/images/kyiv/50.447998_30.453993_h90.jpg,kyiv,50.447998,30.453993,90,2021-03,streetview
data/images/kyiv/50.447998_30.453993_h180.jpg,kyiv,50.447998,30.453993,180,2021-03,streetview
data/images/kyiv/50.447998_30.453993_h270.jpg,kyiv,50.447998,30.453993,270,2021-03,streetview
data/images/kyiv/50.516989_30.257649_h0.jpg,kyiv,50.516989,30.257649,0,2019-02,streetview
data/images/kyiv/50.516989_30.257649_h90.jpg,kyiv,50.516989,30.257649,90,2019-02,streetview
data/images/kyiv/50.516989_30.257649_h180.jpg,kyiv,50.516989,30.257649,180,2019-02,streetview
data/images/kyiv/50.516989_30.257649_h270.jpg,kyiv,50.516989,30.257649,270,2019-02,streetview
data/images/kyiv/50.516989_30.476346_h0.jpg,kyiv,50.516989,30.476346,0,2021-03,streetview
data/images/kyiv/50.516989_30.476346_h90.jpg,kyiv,50.516989,30.476346,90,2021-03,streetview
data/images/kyiv/50.516989_30.476346_h180.jpg,kyiv,50.516989,30.476346,180,2021-03,streetview
data/images/kyiv/50.516989_30.476346_h270.jpg,kyiv,50.516989,30.476346,270,2021-03,streetview
data/images/kyiv/50.44692_30.5217_h0.jpg,kyiv,50.44692,30.5217,0,2018-11,streetview
data/images/kyiv/50.44692_30.5217_h90.jpg,kyiv,50.44692,30.5217,90,2018-11,streetview
data/images/kyiv/50.44692_30.5217_h180.jpg,kyiv,50.44692,30.5217,180,2018-11,streetview
data/images/kyiv/50.44692_30.5217_h270.jpg,kyiv,50.44692,30.5217,270,2018-11,streetview
data/images/kyiv/50.407035_30.514697_h0.jpg,kyiv,50.407035,30.514697,0,2019-03,streetview
data/images/kyiv/50.407035_30.514697_h90.jpg,kyiv,50.407035,30.514697,90,2019-03,streetview
data/images/kyiv/50.407035_30.514697_h180.jpg,kyiv,50.407035,30.514697,180,2019-03,streetview
data/images/kyiv/50.407035_30.514697_h270.jpg,kyiv,50.407035,30.514697,270,2019-03,streetview
data/images/kyiv/50.417815_30.631492_h0.jpg,kyiv,50.417815,30.631492,0,2020-01,streetview
data/images/kyiv/50.417815_30.631492_h90.jpg,kyiv,50.417815,30.631492,90,2020-01,streetview
data/images/kyiv/50.417815_30.631492_h180.jpg,kyiv,50.417815,30.631492,180,2020-01,streetview
data/images/kyiv/50.417815_30.631492_h270.jpg,kyiv,50.417815,30.631492,270,2020-01,streetview
data/images/kyiv/50.330499_30.806392_h0.jpg,kyiv,50.330499,30.806392,0,2020-08,streetview
data/images/kyiv/50.330499_30.806392_h90.jpg,kyiv,50.330499,30.806392,90,2020-08,streetview
data/images/kyiv/50.330499_30.806392_h180.jpg,kyiv,50.330499,30.806392,180,2020-08,streetview
data/images/kyiv/50.330499_30.806392_h270.jpg,kyiv,50.330499,30.806392,270,2020-08,streetview
data/images/kyiv/50.237793_30.739558_h0.jpg,kyiv,50.237793,30.739558,0,2019-11,streetview
data/images/kyiv/50.237793_30.739558_h90.jpg,kyiv,50.237793,30.739558,90,2019-11,streetview
data/images/kyiv/50.237793_30.739558_h180.jpg,kyiv,50.237793,30.739558,180,2019-11,streetview
data/images/kyiv/50.237793_30.739558_h270.jpg,kyiv,50.237793,30.739558,270,2019-11,streetview
data/images/kyiv/50.433985_30.482699_h0.jpg,kyiv,50.433985,30.482699,0,2019-03,streetview
data/images/kyiv/50.433985_30.482699_h90.jpg,kyiv,50.433985,30.482699,90,2019-03,streetview
data/images/kyiv/50.433985_30.482699_h180.jpg,kyiv,50.433985,30.482699,180,2019-03,streetview
data/images/kyiv/50.433985_30.482699_h270.jpg,kyiv,50.433985,30.482699,270,2019-03,streetview
data/images/kyiv/50.450154_30.445538_h0.jpg,kyiv,50.450154,30.445538,0,2019-01,streetview
data/images/kyiv/50.450154_30.445538_h90.jpg,kyiv,50.450154,30.445538,90,2019-01,streetview
data/images/kyiv/50.450154_30.445538_h180.jpg,kyiv,50.450154,30.445538,180,2019-01,streetview
data/images/kyiv/50.450154_30.445538_h270.jpg,kyiv,50.450154,30.445538,270,2019-01,streetview
data/images/kyiv/50.380086_30.462137_h0.jpg,kyiv,50.380086,30.462137,0,2018-07,streetview
data/images/kyiv/50.380086_30.462137_h90.jpg,kyiv,50.380086,30.462137,90,2018-07,streetview
data/images/kyiv/50.380086_30.462137_h180.jpg,kyiv,50.380086,30.462137,180,2018-07,streetview
data/images/kyiv/50.380086_30.462137_h270.jpg,kyiv,50.380086,30.462137,270,2018-07,streetview
data/images/kyiv/50.494351_30.549096_h0.jpg,kyiv,50.494351,30.549096,0,2019-03,streetview
data/images/kyiv/50.494351_30.549096_h90.jpg,kyiv,50.494351,30.549096,90,2019-03,streetview
data/images/kyiv/50.494351_30.549096_h180.jpg,kyiv,50.494351,30.549096,180,2019-03,streetview
data/images/kyiv/50.494351_30.549096_h270.jpg,kyiv,50.494351,30.549096,270,2019-03,streetview
data/images/kyiv/50.496507_30.440657_h0.jpg,kyiv,50.496507,30.440657,0,2018-10,streetview
data/images/kyiv/50.496507_30.440657_h90.jpg,kyiv,50.496507,30.440657,90,2018-10,streetview
data/images/kyiv/50.496507_30.440657_h180.jpg,kyiv,50.496507,30.440657,180,2018-10,streetview
data/images/kyiv/50.496507_30.440657_h270.jpg,kyiv,50.496507,30.440657,270,2018-10,streetview
data/images/kyiv/50.382242_30.485814_h0.jpg,kyiv,50.382242,30.485814,0,2022-01,streetview
data/images/kyiv/50.382242_30.485814_h90.jpg,kyiv,50.382242,30.485814,90,2022-01,streetview
data/images/kyiv/50.382242_30.485814_h180.jpg,kyiv,50.382242,30.485814,180,2022-01,streetview
data/images/kyiv/50.382242_30.485814_h270.jpg,kyiv,50.382242,30.485814,270,2022-01,streetview
data/images/kyiv/50.407035_30.650008_h0.jpg,kyiv,50.407035,30.650008,0,2018-11,streetview
data/images/kyiv/50.407035_30.650008_h90.jpg,kyiv,50.407035,30.650008,90,2018-11,streetview
data/images/kyiv/50.407035_30.650008_h180.jpg,kyiv,50.407035,30.650008,180,2018-11,streetview
data/images/kyiv/50.407035_30.650008_h270.jpg,kyiv,50.407035,30.650008,270,2018-11,streetview
data/images/kyiv/50.453388_30.470948_h0.jpg,kyiv,50.453388,30.470948,0,2018-05,streetview
data/images/kyiv/50.453388_30.470948_h90.jpg,kyiv,50.453388,30.470948,90,2018-05,streetview
data/images/kyiv/50.453388_30.470948_h180.jpg,kyiv,50.453388,30.470948,180,2018-05,streetview
data/images/kyiv/50.453388_30.470948_h270.jpg,kyiv,50.453388,30.470948,270,2018-05,streetview
data/images/kyiv/50.415659_30.460613_h0.jpg,kyiv,50.415659,30.460613,0,2023-01,streetview
data/images/kyiv/50.415659_30.460613_h90.jpg,kyiv,50.415659,30.460613,90,2023-01,streetview
data/images/kyiv/50.415659_30.460613_h180.jpg,kyiv,50.415659,30.460613,180,2023-01,streetview
data/images/kyiv/50.415659_30.460613_h270.jpg,kyiv,50.415659,30.460613,270,2023-01,streetview
data/images/kyiv/50.509443_30.594962_h0.jpg,kyiv,50.509443,30.594962,0,2019-08,streetview
data/images/kyiv/50.509443_30.594962_h90.jpg,kyiv,50.509443,30.594962,90,2019-08,streetview
data/images/kyiv/50.509443_30.594962_h180.jpg,kyiv,50.509443,30.594962,180,2019-08,streetview
data/images/kyiv/50.509443_30.594962_h270.jpg,kyiv,50.509443,30.594962,270,2019-08,streetview
data/images/kyiv/50.451232_30.365973_h0.jpg,kyiv,50.451232,30.365973,0,2019-05,streetview
data/images/kyiv/50.451232_30.365973_h90.jpg,kyiv,50.451232,30.365973,90,2019-05,streetview
data/images/kyiv/50.451232_30.365973_h180.jpg,kyiv,50.451232,30.365973,180,2019-05,streetview
data/images/kyiv/50.451232_30.365973_h270.jpg,kyiv,50.451232,30.365973,270,2019-05,streetview
data/images/kyiv/50.523456_30.457727_h0.jpg,kyiv,50.523456,30.457727,0,2021-10,streetview
data/images/kyiv/50.523456_30.457727_h90.jpg,kyiv,50.523456,30.457727,90,2021-10,streetview
data/images/kyiv/50.523456_30.457727_h180.jpg,kyiv,50.523456,30.457727,180,2021-10,streetview
data/images/kyiv/50.523456_30.457727_h270.jpg,kyiv,50.523456,30.457727,270,2021-10,streetview
data/images/kyiv/50.449076_30.482777_h0.jpg,kyiv,50.449076,30.482777,0,2019-03,streetview
data/images/kyiv/50.449076_30.482777_h90.jpg,kyiv,50.449076,30.482777,90,2019-03,streetview
data/images/kyiv/50.449076_30.482777_h180.jpg,kyiv,50.449076,30.482777,180,2019-03,streetview
data/images/kyiv/50.449076_30.482777_h270.jpg,kyiv,50.449076,30.482777,270,2019-03,streetview
data/images/kyiv/50.470636_30.616687_h0.jpg,kyiv,50.470636,30.616687,0,2021-06,streetview
data/images/kyiv/50.470636_30.616687_h90.jpg,kyiv,50.470636,30.616687,90,2021-06,streetview
data/images/kyiv/50.470636_30.616687_h180.jpg,kyiv,50.470636,30.616687,180,2021-06,streetview
data/images/kyiv/50.470636_30.616687_h270.jpg,kyiv,50.470636,30.616687,270,2021-06,streetview
data/images/kyiv/50.508365_30.405112_h0.jpg,kyiv,50.508365,30.405112,0,2021-07,streetview
data/images/kyiv/50.508365_30.405112_h90.jpg,kyiv,50.508365,30.405112,90,2021-07,streetview
data/images/kyiv/50.508365_30.405112_h180.jpg,kyiv,50.508365,30.405112,180,2021-07,streetview
data/images/kyiv/50.508365_30.405112_h270.jpg,kyiv,50.508365,30.405112,270,2021-07,streetview
data/images/kyiv/50.46848_30.650542_h0.jpg,kyiv,50.46848,30.650542,0,2019-05,streetview
data/images/kyiv/50.46848_30.650542_h90.jpg,kyiv,50.46848,30.650542,90,2019-05,streetview
data/images/kyiv/50.46848_30.650542_h180.jpg,kyiv,50.46848,30.650542,180,2019-05,streetview
data/images/kyiv/50.46848_30.650542_h270.jpg,kyiv,50.46848,30.650542,270,2019-05,streetview
data/images/kyiv/50.52669_30.623919_h0.jpg,kyiv,50.52669,30.623919,0,2020-04,streetview
data/images/kyiv/50.52669_30.623919_h90.jpg,kyiv,50.52669,30.623919,90,2020-04,streetview
data/images/kyiv/50.52669_30.623919_h180.jpg,kyiv,50.52669,30.623919,180,2020-04,streetview
data/images/kyiv/50.52669_30.623919_h270.jpg,kyiv,50.52669,30.623919,270,2020-04,streetview
data/images/kyiv/50.385476_30.470615_h0.jpg,kyiv,50.385476,30.470615,0,2018-09,streetview
data/images/kyiv/50.385476_30.470615_h90.jpg,kyiv,50.385476,30.470615,90,2018-09,streetview
data/images/kyiv/50.385476_30.470615_h180.jpg,kyiv,50.385476,30.470615,180,2018-09,streetview
data/images/kyiv/50.385476_30.470615_h270.jpg,kyiv,50.385476,30.470615,270,2018-09,streetview
data/images/kyiv/50.397333_30.386121_h0.jpg,kyiv,50.397333,30.386121,0,2020-06,streetview
data/images/kyiv/50.397333_30.386121_h90.jpg,kyiv,50.397333,30.386121,90,2020-06,streetview
data/images/kyiv/50.397333_30.386121_h180.jpg,kyiv,50.397333,30.386121,180,2020-06,streetview
data/images/kyiv/50.397333_30.386121_h270.jpg,kyiv,50.397333,30.386121,270,2020-06,streetview
data/images/kyiv/50.480337_30.476162_h0.jpg,kyiv,50.480337,30.476162,0,2019-03,streetview
data/images/kyiv/50.480337_30.476162_h90.jpg,kyiv,50.480337,30.476162,90,2019-03,streetview
data/images/kyiv/50.480337_30.476162_h180.jpg,kyiv,50.480337,30.476162,180,2019-03,streetview
data/images/kyiv/50.480337_30.476162_h270.jpg,kyiv,50.480337,30.476162,270,2019-03,streetview
data/images/kyiv/50.472792_30.440555_h0.jpg,kyiv,50.472792,30.440555,0,2025-01,streetview
data/images/kyiv/50.472792_30.440555_h90.jpg,kyiv,50.472792,30.440555,90,2025-01,streetview
data/images/kyiv/50.472792_30.440555_h180.jpg,kyiv,50.472792,30.440555,180,2025-01,streetview
data/images/kyiv/50.472792_30.440555_h270.jpg,kyiv,50.472792,30.440555,270,2025-01,streetview
data/images/kyiv/50.407035_30.406448_h0.jpg,kyiv,50.407035,30.406448,0,2022-06,streetview
data/images/kyiv/50.407035_30.406448_h90.jpg,kyiv,50.407035,30.406448,90,2022-06,streetview
data/images/kyiv/50.407035_30.406448_h180.jpg,kyiv,50.407035,30.406448,180,2022-06,streetview
data/images/kyiv/50.407035_30.406448_h270.jpg,kyiv,50.407035,30.406448,270,2022-06,streetview
data/images/kyiv/50.376852_30.796804_h0.jpg,kyiv,50.376852,30.796804,0,2021-06,streetview
data/images/kyiv/50.376852_30.796804_h90.jpg,kyiv,50.376852,30.796804,90,2021-06,streetview
data/images/kyiv/50.376852_30.796804_h180.jpg,kyiv,50.376852,30.796804,180,2021-06,streetview
data/images/kyiv/50.376852_30.796804_h270.jpg,kyiv,50.376852,30.796804,270,2021-06,streetview
data/images/kyiv/50.369306_30.389414_h0.jpg,kyiv,50.369306,30.389414,0,2019-06,streetview
data/images/kyiv/50.369306_30.389414_h90.jpg,kyiv,50.369306,30.389414,90,2019-06,streetview
data/images/kyiv/50.369306_30.389414_h180.jpg,kyiv,50.369306,30.389414,180,2019-06,streetview
data/images/kyiv/50.369306_30.389414_h270.jpg,kyiv,50.369306,30.389414,270,2019-06,streetview
data/images/kyiv/50.431829_30.475919_h0.jpg,kyiv,50.431829,30.475919,0,2018-10,streetview
data/images/kyiv/50.431829_30.475919_h90.jpg,kyiv,50.431829,30.475919,90,2018-10,streetview
data/images/kyiv/50.431829_30.475919_h180.jpg,kyiv,50.431829,30.475919,180,2018-10,streetview
data/images/kyiv/50.431829_30.475919_h270.jpg,kyiv,50.431829,30.475919,270,2018-10,streetview
data/images/kyiv/50.471714_30.509993_h0.jpg,kyiv,50.471714,30.509993,0,2019-03,streetview
data/images/kyiv/50.471714_30.509993_h90.jpg,kyiv,50.471714,30.509993,90,2019-03,streetview
data/images/kyiv/50.471714_30.509993_h180.jpg,kyiv,50.471714,30.509993,180,2019-03,streetview
data/images/kyiv/50.471714_30.509993_h270.jpg,kyiv,50.471714,30.509993,270,2019-03,streetview
data/images/kyiv/50.45231_30.511575_h0.jpg,kyiv,50.45231,30.511575,0,2018-08,streetview
data/images/kyiv/50.45231_30.511575_h90.jpg,kyiv,50.45231,30.511575,90,2018-08,streetview
data/images/kyiv/50.45231_30.511575_h180.jpg,kyiv,50.45231,30.511575,180,2018-08,streetview
data/images/kyiv/50.45231_30.511575_h270.jpg,kyiv,50.45231,30.511575,270,2018-08,streetview
data/images/kyiv/50.501897_30.422037_h0.jpg,kyiv,50.501897,30.422037,0,2021-05,streetview
data/images/kyiv/50.501897_30.422037_h90.jpg,kyiv,50.501897,30.422037,90,2021-05,streetview
data/images/kyiv/50.501897_30.422037_h180.jpg,kyiv,50.501897,30.422037,180,2021-05,streetview
data/images/kyiv/50.501897_30.422037_h270.jpg,kyiv,50.501897,30.422037,270,2021-05,streetview
data/images/kyiv/50.431829_30.555456_h0.jpg,kyiv,50.431829,30.555456,0,2019-04,streetview
data/images/kyiv/50.431829_30.555456_h90.jpg,kyiv,50.431829,30.555456,90,2019-04,streetview
data/images/kyiv/50.431829_30.555456_h180.jpg,kyiv,50.431829,30.555456,180,2019-04,streetview
data/images/kyiv/50.431829_30.555456_h270.jpg,kyiv,50.431829,30.555456,270,2019-04,streetview
data/images/kyiv/50.433985_30.318541_h0.jpg,kyiv,50.433985,30.318541,0,2019-08,streetview
data/images/kyiv/50.433985_30.318541_h90.jpg,kyiv,50.433985,30.318541,90,2019-08,streetview
data/images/kyiv/50.433985_30.318541_h180.jpg,kyiv,50.433985,30.318541,180,2019-08,streetview
data/images/kyiv/50.433985_30.318541_h270.jpg,kyiv,50.433985,30.318541,270,2019-08,streetview
data/images/kyiv/50.398411_30.511264_h0.jpg,kyiv,50.398411,30.511264,0,2021-07,streetview
data/images/kyiv/50.398411_30.511264_h90.jpg,kyiv,50.398411,30.511264,90,2021-07,streetview
data/images/kyiv/50.398411_30.511264_h180.jpg,kyiv,50.398411,30.511264,180,2021-07,streetview
data/images/kyiv/50.398411_30.511264_h270.jpg,kyiv,50.398411,30.511264,270,2021-07,streetview
data/images/kyiv/50.507287_30.254255_h0.jpg,kyiv,50.507287,30.254255,0,2022-02,streetview
data/images/kyiv/50.507287_30.254255_h90.jpg,kyiv,50.507287,30.254255,90,2022-02,streetview
data/images/kyiv/50.507287_30.254255_h180.jpg,kyiv,50.507287,30.254255,180,2022-02,streetview
data/images/kyiv/50.507287_30.254255_h270.jpg,kyiv,50.507287,30.254255,270,2022-02,streetview
data/images/kyiv/50.338045_30.624077_h0.jpg,kyiv,50.338045,30.624077,0,2019-11,streetview
data/images/kyiv/50.338045_30.624077_h90.jpg,kyiv,50.338045,30.624077,90,2019-11,streetview
data/images/kyiv/50.338045_30.624077_h180.jpg,kyiv,50.338045,30.624077,180,2019-11,streetview
data/images/kyiv/50.338045_30.624077_h270.jpg,kyiv,50.338045,30.624077,270,2019-11,streetview
data/images/kyiv/50.472792_30.533711_h0.jpg,kyiv,50.472792,30.533711,0,2018-05,streetview
data/images/kyiv/50.472792_30.533711_h90.jpg,kyiv,50.472792,30.533711,90,2018-05,streetview
data/images/kyiv/50.472792_30.533711_h180.jpg,kyiv,50.472792,30.533711,180,2018-05,streetview
data/images/kyiv/50.472792_30.533711_h270.jpg,kyiv,50.472792,30.533711,270,2018-05,streetview
data/images/kyiv/50.408113_30.54684_h0.jpg,kyiv,50.408113,30.54684,0,2021-09,streetview
data/images/kyiv/50.408113_30.54684_h90.jpg,kyiv,50.408113,30.54684,90,2021-09,streetview
data/images/kyiv/50.408113_30.54684_h180.jpg,kyiv,50.408113,30.54684,180,2021-09,streetview
data/images/kyiv/50.408113_30.54684_h270.jpg,kyiv,50.408113,30.54684,270,2021-09,streetview
data/images/kyiv/50.547172_30.34757_h0.jpg,kyiv,50.547172,30.34757,0,2018-10,streetview
data/images/kyiv/50.547172_30.34757_h90.jpg,kyiv,50.547172,30.34757,90,2018-10,streetview
data/images/kyiv/50.547172_30.34757_h180.jpg,kyiv,50.547172,30.34757,180,2018-10,streetview
data/images/kyiv/50.547172_30.34757_h270.jpg,kyiv,50.547172,30.34757,270,2018-10,streetview
data/images/kyiv/50.456622_30.382919_h0.jpg,kyiv,50.456622,30.382919,0,2019-05,streetview
data/images/kyiv/50.456622_30.382919_h90.jpg,kyiv,50.456622,30.382919,90,2019-05,streetview
data/images/kyiv/50.456622_30.382919_h180.jpg,kyiv,50.456622,30.382919,180,2019-05,streetview
data/images/kyiv/50.456622_30.382919_h270.jpg,kyiv,50.456622,30.382919,270,2019-05,streetview
data/images/kyiv/50.490039_30.484682_h0.jpg,kyiv,50.490039,30.484682,0,2018-05,streetview
data/images/kyiv/50.490039_30.484682_h90.jpg,kyiv,50.490039,30.484682,90,2018-05,streetview
data/images/kyiv/50.490039_30.484682_h180.jpg,kyiv,50.490039,30.484682,180,2018-05,streetview
data/images/kyiv/50.490039_30.484682_h270.jpg,kyiv,50.490039,30.484682,270,2018-05,streetview
data/images/kyiv/50.47387_30.555737_h0.jpg,kyiv,50.47387,30.555737,0,2021-04,streetview
data/images/kyiv/50.47387_30.555737_h90.jpg,kyiv,50.47387,30.555737,90,2021-04,streetview
data/images/kyiv/50.47387_30.555737_h180.jpg,kyiv,50.47387,30.555737,180,2021-04,streetview
data/images/kyiv/50.47387_30.555737_h270.jpg,kyiv,50.47387,30.555737,270,2021-04,streetview
data/images/kyiv/50.444764_30.555542_h0.jpg,kyiv,50.444764,30.555542,0,2021-04,streetview
data/images/kyiv/50.444764_30.555542_h90.jpg,kyiv,50.444764,30.555542,90,2021-04,streetview
data/images/kyiv/50.444764_30.555542_h180.jpg,kyiv,50.444764,30.555542,180,2021-04,streetview
data/images/kyiv/50.444764_30.555542_h270.jpg,kyiv,50.444764,30.555542,270,2021-04,streetview
data/images/kyiv/50.413503_30.536726_h0.jpg,kyiv,50.413503,30.536726,0,2021-04,streetview
data/images/kyiv/50.413503_30.536726_h90.jpg,kyiv,50.413503,30.536726,90,2021-04,streetview
data/images/kyiv/50.413503_30.536726_h180.jpg,kyiv,50.413503,30.536726,180,2021-04,streetview
data/images/kyiv/50.413503_30.536726_h270.jpg,kyiv,50.413503,30.536726,270,2021-04,streetview
data/images/kyiv/50.426439_30.333757_h0.jpg,kyiv,50.426439,30.333757,0,2019-08,streetview
data/images/kyiv/50.426439_30.333757_h90.jpg,kyiv,50.426439,30.333757,90,2019-08,streetview
data/images/kyiv/50.426439_30.333757_h180.jpg,kyiv,50.426439,30.333757,180,2019-08,streetview
data/images/kyiv/50.426439_30.333757_h270.jpg,kyiv,50.426439,30.333757,270,2019-08,streetview
data/images/kyiv/50.47387_30.533718_h0.jpg,kyiv,50.47387,30.533718,0,2021-07,streetview
data/images/kyiv/50.47387_30.533718_h90.jpg,kyiv,50.47387,30.533718,90,2021-07,streetview
data/images/kyiv/50.47387_30.533718_h180.jpg,kyiv,50.47387,30.533718,180,2021-07,streetview
data/images/kyiv/50.47387_30.533718_h270.jpg,kyiv,50.47387,30.533718,270,2021-07,streetview
data/images/kyiv/50.410269_30.523173_h0.jpg,kyiv,50.410269,30.523173,0,2021-08,streetview
data/images/kyiv/50.410269_30.523173_h90.jpg,kyiv,50.410269,30.523173,90,2021-08,streetview
data/images/kyiv/50.410269_30.523173_h180.jpg,kyiv,50.410269,30.523173,180,2021-08,streetview
data/images/kyiv/50.410269_30.523173_h270.jpg,kyiv,50.410269,30.523173,270,2021-08,streetview
data/images/kyiv/50.380086_30.431709_h0.jpg,kyiv,50.380086,30.431709,0,2019-09,streetview
data/images/kyiv/50.380086_30.431709_h90.jpg,kyiv,50.380086,30.431709,90,2019-09,streetview
data/images/kyiv/50.380086_30.431709_h180.jpg,kyiv,50.380086,30.431709,180,2019-09,streetview
data/images/kyiv/50.380086_30.431709_h270.jpg,kyiv,50.380086,30.431709,270,2019-09,streetview
data/images/kyiv/50.369306_30.60912_h0.jpg,kyiv,50.369306,30.60912,0,2019-08,streetview
data/images/kyiv/50.369306_30.60912_h90.jpg,kyiv,50.369306,30.60912,90,2019-08,streetview
data/images/kyiv/50.369306_30.60912_h180.jpg,kyiv,50.369306,30.60912,180,2019-08,streetview
data/images/kyiv/50.369306_30.60912_h270.jpg,kyiv,50.369306,30.60912,270,2019-08,streetview
data/images/kyiv/50.382242_30.359026_h0.jpg,kyiv,50.382242,30.359026,0,2021-01,streetview
data/images/kyiv/50.382242_30.359026_h90.jpg,kyiv,50.382242,30.359026,90,2021-01,streetview
data/images/kyiv/50.382242_30.359026_h180.jpg,kyiv,50.382242,30.359026,180,2021-01,streetview
data/images/kyiv/50.382242_30.359026_h270.jpg,kyiv,50.382242,30.359026,270,2021-01,streetview
data/images/kyiv/50.347747_30.448471_h0.jpg,kyiv,50.347747,30.448471,0,2021-12,streetview
data/images/kyiv/50.347747_30.448471_h90.jpg,kyiv,50.347747,30.448471,90,2021-12,streetview
data/images/kyiv/50.347747_30.448471_h180.jpg,kyiv,50.347747,30.448471,180,2021-12,streetview
data/images/kyiv/50.347747_30.448471_h270.jpg,kyiv,50.347747,30.448471,270,2021-12,streetview
data/images/kyiv/50.495429_30.430485_h0.jpg,kyiv,50.495429,30.430485,0,2018-07,streetview
data/images/kyiv/50.495429_30.430485_h90.jpg,kyiv,50.495429,30.430485,90,2018-07,streetview
data/images/kyiv/50.495429_30.430485_h180.jpg,kyiv,50.495429,30.430485,180,2018-07,streetview
data/images/kyiv/50.495429_30.430485_h270.jpg,kyiv,50.495429,30.430485,270,2018-07,streetview
data/images/kyiv/50.424283_30.516489_h0.jpg,kyiv,50.424283,30.516489,0,2018-11,streetview
data/images/kyiv/50.424283_30.516489_h90.jpg,kyiv,50.424283,30.516489,90,2018-11,streetview
data/images/kyiv/50.424283_30.516489_h180.jpg,kyiv,50.424283,30.516489,180,2018-11,streetview
data/images/kyiv/50.424283_30.516489_h270.jpg,kyiv,50.424283,30.516489,270,2018-11,streetview
data/images/kyiv/50.496507_30.438962_h0.jpg,kyiv,50.496507,30.438962,0,2018-10,streetview
data/images/kyiv/50.496507_30.438962_h90.jpg,kyiv,50.496507,30.438962,90,2018-10,streetview
data/images/kyiv/50.496507_30.438962_h180.jpg,kyiv,50.496507,30.438962,180,2018-10,streetview
data/images/kyiv/50.496507_30.438962_h270.jpg,kyiv,50.496507,30.438962,270,2018-10,streetview
data/images/kyiv/50.22917_30.365381_h0.jpg,kyiv,50.22917,30.365381,0,2021-12,streetview
data/images/kyiv/50.22917_30.365381_h90.jpg,kyiv,50.22917,30.365381,90,2021-12,streetview
data/images/kyiv/50.22917_30.365381_h180.jpg,kyiv,50.22917,30.365381,180,2021-12,streetview
data/images/kyiv/50.22917_30.365381_h270.jpg,kyiv,50.22917,30.365381,270,2021-12,streetview
data/images/kyiv/50.38871_30.392857_h0.jpg,kyiv,50.38871,30.392857,0,2021-10,streetview
data/images/kyiv/50.38871_30.392857_h90.jpg,kyiv,50.38871,30.392857,90,2021-10,streetview
data/images/kyiv/50.38871_30.392857_h180.jpg,kyiv,50.38871,30.392857,180,2021-10,streetview
data/images/kyiv/50.38871_30.392857_h270.jpg,kyiv,50.38871,30.392857,270,2021-10,streetview
data/images/kyiv/50.232404_30.744557_h0.jpg,kyiv,50.232404,30.744557,0,2019-11,streetview
data/images/kyiv/50.232404_30.744557_h90.jpg,kyiv,50.232404,30.744557,90,2019-11,streetview
data/images/kyiv/50.232404_30.744557_h180.jpg,kyiv,50.232404,30.744557,180,2019-11,streetview
data/images/kyiv/50.232404_30.744557_h270.jpg,kyiv,50.232404,30.744557,270,2019-11,streetview
data/images/kyiv/50.390866_30.79866_h0.jpg,kyiv,50.390866,30.79866,0,2020-07,streetview
data/images/kyiv/50.390866_30.79866_h90.jpg,kyiv,50.390866,30.79866,90,2020-07,streetview
data/images/kyiv/50.390866_30.79866_h180.jpg,kyiv,50.390866,30.79866,180,2020-07,streetview
data/images/kyiv/50.390866_30.79866_h270.jpg,kyiv,50.390866,30.79866,270,2020-07,streetview
data/images/kyiv/50.471714_30.350784_h0.jpg,kyiv,50.471714,30.350784,0,2018-08,streetview
data/images/kyiv/50.471714_30.350784_h90.jpg,kyiv,50.471714,30.350784,90,2018-08,streetview
data/images/kyiv/50.471714_30.350784_h180.jpg,kyiv,50.471714,30.350784,180,2018-08,streetview
data/images/kyiv/50.471714_30.350784_h270.jpg,kyiv,50.471714,30.350784,270,2018-08,streetview
data/images/kyiv/50.400567_30.511277_h0.jpg,kyiv,50.400567,30.511277,0,2018-11,streetview
data/images/kyiv/50.400567_30.511277_h90.jpg,kyiv,50.400567,30.511277,90,2018-11,streetview
data/images/kyiv/50.400567_30.511277_h180.jpg,kyiv,50.400567,30.511277,180,2018-11,streetview
data/images/kyiv/50.400567_30.511277_h270.jpg,kyiv,50.400567,30.511277,270,2018-11,streetview
data/images/kyiv/50.345591_30.61907_h0.jpg,kyiv,50.345591,30.61907,0,2019-08,streetview
data/images/kyiv/50.345591_30.61907_h90.jpg,kyiv,50.345591,30.61907,90,2019-08,streetview
data/images/kyiv/50.345591_30.61907_h180.jpg,kyiv,50.345591,30.61907,180,2019-08,streetview
data/images/kyiv/50.345591_30.61907_h270.jpg,kyiv,50.345591,30.61907,270,2019-08,streetview
data/images/kyiv/50.467402_30.332145_h0.jpg,kyiv,50.467402,30.332145,0,2018-04,streetview
data/images/kyiv/50.467402_30.332145_h90.jpg,kyiv,50.467402,30.332145,90,2018-04,streetview
data/images/kyiv/50.467402_30.332145_h180.jpg,kyiv,50.467402,30.332145,180,2018-04,streetview
data/images/kyiv/50.467402_30.332145_h270.jpg,kyiv,50.467402,30.332145,270,2018-04,streetview
data/images/kyiv/50.379008_30.504392_h0.jpg,kyiv,50.379008,30.504392,0,2022-02,streetview
data/images/kyiv/50.379008_30.504392_h90.jpg,kyiv,50.379008,30.504392,90,2022-02,streetview
data/images/kyiv/50.379008_30.504392_h180.jpg,kyiv,50.379008,30.504392,180,2022-02,streetview
data/images/kyiv/50.379008_30.504392_h270.jpg,kyiv,50.379008,30.504392,270,2022-02,streetview
data/images/kyiv/50.345591_30.28123_h0.jpg,kyiv,50.345591,30.28123,0,2021-06,streetview
data/images/kyiv/50.345591_30.28123_h90.jpg,kyiv,50.345591,30.28123,90,2021-06,streetview
data/images/kyiv/50.345591_30.28123_h180.jpg,kyiv,50.345591,30.28123,180,2021-06,streetview
data/images/kyiv/50.345591_30.28123_h270.jpg,kyiv,50.345591,30.28123,270,2021-06,streetview
data/images/kyiv/50.299238_30.532635_h0.jpg,kyiv,50.299238,30.532635,0,2020-05,streetview
data/images/kyiv/50.299238_30.532635_h90.jpg,kyiv,50.299238,30.532635,90,2020-05,streetview
data/images/kyiv/50.299238_30.532635_h180.jpg,kyiv,50.299238,30.532635,180,2020-05,streetview
data/images/kyiv/50.299238_30.532635_h270.jpg,kyiv,50.299238,30.532635,270,2020-05,streetview
data/images/kyiv/50.455544_30.450641_h0.jpg,kyiv,50.455544,30.450641,0,2020-01,streetview
data/images/kyiv/50.455544_30.450641_h90.jpg,kyiv,50.455544,30.450641,90,2020-01,streetview
data/images/kyiv/50.455544_30.450641_h180.jpg,kyiv,50.455544,30.450641,180,2020-01,streetview
data/images/kyiv/50.455544_30.450641_h270.jpg,kyiv,50.455544,30.450641,270,2020-01,streetview
data/images/kyiv/50.460934_30.355839_h0.jpg,kyiv,50.460934,30.355839,0,2020-09,streetview
data/images/kyiv/50.460934_30.355839_h90.jpg,kyiv,50.460934,30.355839,90,2020-09,streetview
data/images/kyiv/50.460934_30.355839_h180.jpg,kyiv,50.460934,30.355839,180,2020-09,streetview
data/images/kyiv/50.460934_30.355839_h270.jpg,kyiv,50.460934,30.355839,270,2020-09,streetview
data/images/kyiv/50.511599_30.24239_h0.jpg,kyiv,50.511599,30.24239,0,2020-05,streetview
data/images/kyiv/50.511599_30.24239_h90.jpg,kyiv,50.511599,30.24239,90,2020-05,streetview
data/images/kyiv/50.511599_30.24239_h180.jpg,kyiv,50.511599,30.24239,180,2020-05,streetview
data/images/kyiv/50.511599_30.24239_h270.jpg,kyiv,50.511599,30.24239,270,2020-05,streetview
data/images/kyiv/50.501897_30.428816_h0.jpg,kyiv,50.501897,30.428816,0,2021-03,streetview
data/images/kyiv/50.501897_30.428816_h90.jpg,kyiv,50.501897,30.428816,90,2021-03,streetview
data/images/kyiv/50.501897_30.428816_h180.jpg,kyiv,50.501897,30.428816,180,2021-03,streetview
data/images/kyiv/50.501897_30.428816_h270.jpg,kyiv,50.501897,30.428816,270,2021-03,streetview
data/images/kyiv/50.425361_30.509727_h0.jpg,kyiv,50.425361,30.509727,0,2020-08,streetview
data/images/kyiv/50.425361_30.509727_h90.jpg,kyiv,50.425361,30.509727,90,2020-08,streetview
data/images/kyiv/50.425361_30.509727_h180.jpg,kyiv,50.425361,30.509727,180,2020-08,streetview
data/images/kyiv/50.425361_30.509727_h270.jpg,kyiv,50.425361,30.509727,270,2020-08,streetview
data/images/kyiv/50.407035_30.519771_h0.jpg,kyiv,50.407035,30.519771,0,2021-06,streetview
data/images/kyiv/50.407035_30.519771_h90.jpg,kyiv,50.407035,30.519771,90,2021-06,streetview
data/images/kyiv/50.407035_30.519771_h180.jpg,kyiv,50.407035,30.519771,180,2021-06,streetview
data/images/kyiv/50.407035_30.519771_h270.jpg,kyiv,50.407035,30.519771,270,2021-06,streetview
data/images/kyiv/50.253963_30.63857_h0.jpg,kyiv,50.253963,30.63857,0,2018-03,streetview
data/images/kyiv/50.253963_30.63857_h90.jpg,kyiv,50.253963,30.63857,90,2018-03,streetview
data/images/kyiv/50.253963_30.63857_h180.jpg,kyiv,50.253963,30.63857,180,2018-03,streetview
data/images/kyiv/50.253963_30.63857_h270.jpg,kyiv,50.253963,30.63857,270,2018-03,streetview
data/images/kyiv/50.466324_30.511655_h0.jpg,kyiv,50.466324,30.511655,0,2019-12,streetview
data/images/kyiv/50.466324_30.511655_h90.jpg,kyiv,50.466324,30.511655,90,2019-12,streetview
data/images/kyiv/50.466324_30.511655_h180.jpg,kyiv,50.466324,30.511655,180,2019-12,streetview
data/images/kyiv/50.466324_30.511655_h270.jpg,kyiv,50.466324,30.511655,270,2019-12,streetview
data/images/kyiv/50.437218_30.416709_h0.jpg,kyiv,50.437218,30.416709,0,2020-05,streetview
data/images/kyiv/50.437218_30.416709_h90.jpg,kyiv,50.437218,30.416709,90,2020-05,streetview
data/images/kyiv/50.437218_30.416709_h180.jpg,kyiv,50.437218,30.416709,180,2020-05,streetview
data/images/kyiv/50.437218_30.416709_h270.jpg,kyiv,50.437218,30.416709,270,2020-05,streetview
data/images/kyiv/50.494351_30.450814_h0.jpg,kyiv,50.494351,30.450814,0,2019-10,streetview
data/images/kyiv/50.494351_30.450814_h90.jpg,kyiv,50.494351,30.450814,90,2019-10,streetview
data/images/kyiv/50.494351_30.450814_h180.jpg,kyiv,50.494351,30.450814,180,2019-10,streetview
data/images/kyiv/50.494351_30.450814_h270.jpg,kyiv,50.494351,30.450814,270,2019-10,streetview
data/images/kyiv/50.4577_30.445571_h0.jpg,kyiv,50.4577,30.445571,0,2022-06,streetview
data/images/kyiv/50.4577_30.445571_h90.jpg,kyiv,50.4577,30.445571,90,2022-06,streetview
data/images/kyiv/50.4577_30.445571_h180.jpg,kyiv,50.4577,30.445571,180,2022-06,streetview
data/images/kyiv/50.4577_30.445571_h270.jpg,kyiv,50.4577,30.445571,270,2022-06,streetview
data/images/kyiv/50.414581_30.406474_h0.jpg,kyiv,50.414581,30.406474,0,2021-06,streetview
data/images/kyiv/50.414581_30.406474_h90.jpg,kyiv,50.414581,30.406474,90,2021-06,streetview
data/images/kyiv/50.414581_30.406474_h180.jpg,kyiv,50.414581,30.406474,180,2021-06,streetview
data/images/kyiv/50.414581_30.406474_h270.jpg,kyiv,50.414581,30.406474,270,2021-06,streetview
data/images/kyiv/50.511599_30.416989_h0.jpg,kyiv,50.511599,30.416989,0,2020-09,streetview
data/images/kyiv/50.511599_30.416989_h90.jpg,kyiv,50.511599,30.416989,90,2020-09,streetview
data/images/kyiv/50.511599_30.416989_h180.jpg,kyiv,50.511599,30.416989,180,2020-09,streetview
data/images/kyiv/50.511599_30.416989_h270.jpg,kyiv,50.511599,30.416989,270,2020-09,streetview
data/images/kyiv/50.46309_30.442207_h0.jpg,kyiv,50.46309,30.442207,0,2019-04,streetview
data/images/kyiv/50.46309_30.442207_h90.jpg,kyiv,50.46309,30.442207,90,2019-04,streetview
data/images/kyiv/50.46309_30.442207_h180.jpg,kyiv,50.46309,30.442207,180,2019-04,streetview
data/images/kyiv/50.46309_30.442207_h270.jpg,kyiv,50.46309,30.442207,270,2019-04,streetview
data/images/kyiv/50.410269_30.626355_h0.jpg,kyiv,50.410269,30.626355,0,2025-04,streetview
data/images/kyiv/50.410269_30.626355_h90.jpg,kyiv,50.410269,30.626355,90,2025-04,streetview
data/images/kyiv/50.410269_30.626355_h180.jpg,kyiv,50.410269,30.626355,180,2025-04,streetview
data/images/kyiv/50.410269_30.626355_h270.jpg,kyiv,50.410269,30.626355,270,2025-04,streetview
data/images/kyiv/50.490039_30.330495_h0.jpg,kyiv,50.490039,30.330495,0,2019-03,streetview
data/images/kyiv/50.490039_30.330495_h90.jpg,kyiv,50.490039,30.330495,90,2019-03,streetview
data/images/kyiv/50.490039_30.330495_h180.jpg,kyiv,50.490039,30.330495,180,2019-03,streetview
data/images/kyiv/50.490039_30.330495_h270.jpg,kyiv,50.490039,30.330495,270,2019-03,streetview
data/images/kyiv/50.505131_30.447473_h0.jpg,kyiv,50.505131,30.447473,0,2020-03,streetview
data/images/kyiv/50.505131_30.447473_h90.jpg,kyiv,50.505131,30.447473,90,2020-03,streetview
data/images/kyiv/50.505131_30.447473_h180.jpg,kyiv,50.505131,30.447473,180,2020-03,streetview
data/images/kyiv/50.505131_30.447473_h270.jpg,kyiv,50.505131,30.447473,270,2020-03,streetview
data/images/kyiv/50.505131_30.469507_h0.jpg,kyiv,50.505131,30.469507,0,2020-10,streetview
data/images/kyiv/50.505131_30.469507_h90.jpg,kyiv,50.505131,30.469507,90,2020-10,streetview
data/images/kyiv/50.505131_30.469507_h180.jpg,kyiv,50.505131,30.469507,180,2020-10,streetview
data/images/kyiv/50.505131_30.469507_h270.jpg,kyiv,50.505131,30.469507,270,2020-10,streetview
data/images/kyiv/50.428595_30.538513_h0.jpg,kyiv,50.428595,30.538513,0,2021-10,streetview
data/images/kyiv/50.428595_30.538513_h90.jpg,kyiv,50.428595,30.538513,90,2021-10,streetview
data/images/kyiv/50.428595_30.538513_h180.jpg,kyiv,50.428595,30.538513,180,2021-10,streetview
data/images/kyiv/50.428595_30.538513_h270.jpg,kyiv,50.428595,30.538513,270,2021-10,streetview
data/images/kyiv/50.438296_30.623199_h0.jpg,kyiv,50.438296,30.623199,0,2020-07,streetview
data/images/kyiv/50.438296_30.623199_h90.jpg,kyiv,50.438296,30.623199,90,2020-07,streetview
data/images/kyiv/50.438296_30.623199_h180.jpg,kyiv,50.438296,30.623199,180,2020-07,streetview
data/images/kyiv/50.438296_30.623199_h270.jpg,kyiv,50.438296,30.623199,270,2020-07,streetview
data/images/kyiv/50.47387_30.525249_h0.jpg,kyiv,50.47387,30.525249,0,2019-04,streetview
data/images/kyiv/50.47387_30.525249_h90.jpg,kyiv,50.47387,30.525249,90,2019-04,streetview
data/images/kyiv/50.47387_30.525249_h180.jpg,kyiv,50.47387,30.525249,180,2019-04,streetview
data/images/kyiv/50.47387_30.525249_h270.jpg,kyiv,50.47387,30.525249,270,2019-04,streetview
data/images/kyiv/50.472792_30.506611_h0.jpg,kyiv,50.472792,30.506611,0,2018-11,streetview
data/images/kyiv/50.472792_30.506611_h90.jpg,kyiv,50.472792,30.506611,90,2018-11,streetview
data/images/kyiv/50.472792_30.506611_h180.jpg,kyiv,50.472792,30.506611,180,2018-11,streetview
data/images/kyiv/50.472792_30.506611_h270.jpg,kyiv,50.472792,30.506611,270,2018-11,streetview
data/images/kyiv/50.340201_30.434925_h0.jpg,kyiv,50.340201,30.434925,0,2020-06,streetview
data/images/kyiv/50.340201_30.434925_h90.jpg,kyiv,50.340201,30.434925,90,2020-06,streetview
data/images/kyiv/50.340201_30.434925_h180.jpg,kyiv,50.340201,30.434925,180,2020-06,streetview
data/images/kyiv/50.340201_30.434925_h270.jpg,kyiv,50.340201,30.434925,270,2020-06,streetview
data/images/kyiv/50.560107_30.686976_h0.jpg,kyiv,50.560107,30.686976,0,2020-04,streetview
data/images/kyiv/50.560107_30.686976_h90.jpg,kyiv,50.560107,30.686976,90,2020-04,streetview
data/images/kyiv/50.560107_30.686976_h180.jpg,kyiv,50.560107,30.686976,180,2020-04,streetview
data/images/kyiv/50.560107_30.686976_h270.jpg,kyiv,50.560107,30.686976,270,2020-04,streetview
data/images/kyiv/50.438296_30.614737_h0.jpg,kyiv,50.438296,30.614737,0,2020-08,streetview
data/images/kyiv/50.438296_30.614737_h90.jpg,kyiv,50.438296,30.614737,90,2020-08,streetview
data/images/kyiv/50.438296_30.614737_h180.jpg,kyiv,50.438296,30.614737,180,2020-08,streetview
data/images/kyiv/50.438296_30.614737_h270.jpg,kyiv,50.438296,30.614737,270,2020-08,streetview
data/images/kyiv/50.44692_30.53355_h0.jpg,kyiv,50.44692,30.53355,0,2021-07,streetview
data/images/kyiv/50.44692_30.53355_h90.jpg,kyiv,50.44692,30.53355,90,2021-07,streetview
data/images/kyiv/50.44692_30.53355_h180.jpg,kyiv,50.44692,30.53355,180,2021-07,streetview
data/images/kyiv/50.44692_30.53355_h270.jpg,kyiv,50.44692,30.53355,270,2021-07,streetview
data/images/kyiv/50.509443_30.257646_h0.jpg,kyiv,50.509443,30.257646,0,2021-10,streetview
data/images/kyiv/50.509443_30.257646_h90.jpg,kyiv,50.509443,30.257646,90,2021-10,streetview
data/images/kyiv/50.509443_30.257646_h180.jpg,kyiv,50.509443,30.257646,180,2021-10,streetview
data/images/kyiv/50.509443_30.257646_h270.jpg,kyiv,50.509443,30.257646,270,2021-10,streetview
data/images/kyiv/50.422127_30.653523_h0.jpg,kyiv,50.422127,30.653523,0,2024-08,streetview
data/images/kyiv/50.422127_30.653523_h90.jpg,kyiv,50.422127,30.653523,90,2024-08,streetview
data/images/kyiv/50.422127_30.653523_h180.jpg,kyiv,50.422127,30.653523,180,2024-08,streetview
data/images/kyiv/50.422127_30.653523_h270.jpg,kyiv,50.422127,30.653523,270,2024-08,streetview
data/images/kyiv/50.513755_30.449206_h0.jpg,kyiv,50.513755,30.449206,0,2021-07,streetview
data/images/kyiv/50.513755_30.449206_h90.jpg,kyiv,50.513755,30.449206,90,2021-07,streetview
data/images/kyiv/50.513755_30.449206_h180.jpg,kyiv,50.513755,30.449206,180,2021-07,streetview
data/images/kyiv/50.513755_30.449206_h270.jpg,kyiv,50.513755,30.449206,270,2021-07,streetview
data/images/kyiv/50.425361_30.643399_h0.jpg,kyiv,50.425361,30.643399,0,2018-04,streetview
data/images/kyiv/50.425361_30.643399_h90.jpg,kyiv,50.425361,30.643399,90,2018-04,streetview
data/images/kyiv/50.425361_30.643399_h180.jpg,kyiv,50.425361,30.643399,180,2018-04,streetview
data/images/kyiv/50.425361_30.643399_h270.jpg,kyiv,50.425361,30.643399,270,2018-04,streetview
data/images/kyiv/50.469558_30.364328_h0.jpg,kyiv,50.469558,30.364328,0,2019-05,streetview
data/images/kyiv/50.469558_30.364328_h90.jpg,kyiv,50.469558,30.364328,90,2019-05,streetview
data/images/kyiv/50.469558_30.364328_h180.jpg,kyiv,50.469558,30.364328,180,2019-05,streetview
data/images/kyiv/50.469558_30.364328_h270.jpg,kyiv,50.469558,30.364328,270,2019-05,streetview
data/images/kyiv/50.414581_30.594249_h0.jpg,kyiv,50.414581,30.594249,0,2021-04,streetview
data/images/kyiv/50.414581_30.594249_h90.jpg,kyiv,50.414581,30.594249,90,2021-04,streetview
data/images/kyiv/50.414581_30.594249_h180.jpg,kyiv,50.414581,30.594249,180,2021-04,streetview
data/images/kyiv/50.414581_30.594249_h270.jpg,kyiv,50.414581,30.594249,270,2021-04,streetview
data/images/kyiv/50.440452_30.518277_h0.jpg,kyiv,50.440452,30.518277,0,2018-06,streetview
data/images/kyiv/50.440452_30.518277_h90.jpg,kyiv,50.440452,30.518277,90,2018-06,streetview
data/images/kyiv/50.440452_30.518277_h180.jpg,kyiv,50.440452,30.518277,180,2018-06,streetview
data/images/kyiv/50.440452_30.518277_h270.jpg,kyiv,50.440452,30.518277,270,2018-06,streetview
data/images/kyiv/50.411347_30.543478_h0.jpg,kyiv,50.411347,30.543478,0,2021-09,streetview
data/images/kyiv/50.411347_30.543478_h90.jpg,kyiv,50.411347,30.543478,90,2021-09,streetview
data/images/kyiv/50.411347_30.543478_h180.jpg,kyiv,50.411347,30.543478,180,2021-09,streetview
data/images/kyiv/50.411347_30.543478_h270.jpg,kyiv,50.411347,30.543478,270,2021-09,streetview
data/images/kyiv/50.582745_30.485166_h0.jpg,kyiv,50.582745,30.485166,0,2021-11,streetview
data/images/kyiv/50.582745_30.485166_h90.jpg,kyiv,50.582745,30.485166,90,2021-11,streetview
data/images/kyiv/50.582745_30.485166_h180.jpg,kyiv,50.582745,30.485166,180,2021-11,streetview
data/images/kyiv/50.582745_30.485166_h270.jpg,kyiv,50.582745,30.485166,270,2021-11,streetview
data/images/kyiv/50.242105_30.365415_h0.jpg,kyiv,50.242105,30.365415,0,2021-12,streetview
data/images/kyiv/50.242105_30.365415_h90.jpg,kyiv,50.242105,30.365415,90,2021-12,streetview
data/images/kyiv/50.242105_30.365415_h180.jpg,kyiv,50.242105,30.365415,180,2021-12,streetview
data/images/kyiv/50.242105_30.365415_h270.jpg,kyiv,50.242105,30.365415,270,2021-12,streetview
data/images/kyiv/50.555796_30.646214_h0.jpg,kyiv,50.555796,30.646214,0,2019-03,streetview
data/images/kyiv/50.555796_30.646214_h90.jpg,kyiv,50.555796,30.646214,90,2019-03,streetview
data/images/kyiv/50.555796_30.646214_h180.jpg,kyiv,50.555796,30.646214,180,2019-03,streetview
data/images/kyiv/50.555796_30.646214_h270.jpg,kyiv,50.555796,30.646214,270,2019-03,streetview
data/images/kyiv/50.35637_30.60733_h0.jpg,kyiv,50.35637,30.60733,0,2019-08,streetview
data/images/kyiv/50.35637_30.60733_h90.jpg,kyiv,50.35637,30.60733,90,2019-08,streetview
data/images/kyiv/50.35637_30.60733_h180.jpg,kyiv,50.35637,30.60733,180,2019-08,streetview
data/images/kyiv/50.35637_30.60733_h270.jpg,kyiv,50.35637,30.60733,270,2019-08,streetview
data/images/kyiv/50.453388_30.536976_h0.jpg,kyiv,50.453388,30.536976,0,2021-04,streetview
data/images/kyiv/50.453388_30.536976_h90.jpg,kyiv,50.453388,30.536976,90,2021-04,streetview
data/images/kyiv/50.453388_30.536976_h180.jpg,kyiv,50.453388,30.536976,180,2021-04,streetview
data/images/kyiv/50.453388_30.536976_h270.jpg,kyiv,50.453388,30.536976,270,2021-04,streetview
data/images/kyiv/50.44153_30.550443_h0.jpg,kyiv,50.44153,30.550443,0,2021-05,streetview
data/images/kyiv/50.44153_30.550443_h90.jpg,kyiv,50.44153,30.550443,90,2021-05,streetview
data/images/kyiv/50.44153_30.550443_h180.jpg,kyiv,50.44153,30.550443,180,2021-05,streetview
data/images/kyiv/50.44153_30.550443_h270.jpg,kyiv,50.44153,30.550443,270,2021-05,streetview
data/images/kyiv/50.411347_30.599299_h0.jpg,kyiv,50.411347,30.599299,0,2026-01,streetview
data/images/kyiv/50.411347_30.599299_h90.jpg,kyiv,50.411347,30.599299,90,2026-01,streetview
data/images/kyiv/50.411347_30.599299_h180.jpg,kyiv,50.411347,30.599299,180,2026-01,streetview
data/images/kyiv/50.411347_30.599299_h270.jpg,kyiv,50.411347,30.599299,270,2026-01,streetview
data/images/kyiv/50.449076_30.604665_h0.jpg,kyiv,50.449076,30.604665,0,2020-01,streetview
data/images/kyiv/50.449076_30.604665_h90.jpg,kyiv,50.449076,30.604665,90,2020-01,streetview
data/images/kyiv/50.449076_30.604665_h180.jpg,kyiv,50.449076,30.604665,180,2020-01,streetview
data/images/kyiv/50.449076_30.604665_h270.jpg,kyiv,50.449076,30.604665,270,2020-01,streetview
data/images/kyiv/50.458778_30.494679_h0.jpg,kyiv,50.458778,30.494679,0,2018-03,streetview
data/images/kyiv/50.458778_30.494679_h90.jpg,kyiv,50.458778,30.494679,90,2018-03,streetview
data/images/kyiv/50.458778_30.494679_h180.jpg,kyiv,50.458778,30.494679,180,2018-03,streetview
data/images/kyiv/50.458778_30.494679_h270.jpg,kyiv,50.458778,30.494679,270,2018-03,streetview
data/images/kyiv/50.491117_30.455883_h0.jpg,kyiv,50.491117,30.455883,0,2019-03,streetview
data/images/kyiv/50.491117_30.455883_h90.jpg,kyiv,50.491117,30.455883,90,2019-03,streetview
data/images/kyiv/50.491117_30.455883_h180.jpg,kyiv,50.491117,30.455883,180,2019-03,streetview
data/images/kyiv/50.491117_30.455883_h270.jpg,kyiv,50.491117,30.455883,270,2019-03,streetview
data/images/kyiv/50.471714_30.542173_h0.jpg,kyiv,50.471714,30.542173,0,2021-03,streetview
data/images/kyiv/50.471714_30.542173_h90.jpg,kyiv,50.471714,30.542173,90,2021-03,streetview
data/images/kyiv/50.471714_30.542173_h180.jpg,kyiv,50.471714,30.542173,180,2021-03,streetview
data/images/kyiv/50.471714_30.542173_h270.jpg,kyiv,50.471714,30.542173,270,2021-03,streetview
data/images/kyiv/50.458778_30.357527_h0.jpg,kyiv,50.458778,30.357527,0,2020-08,streetview
data/images/kyiv/50.458778_30.357527_h90.jpg,kyiv,50.458778,30.357527,90,2020-08,streetview
data/images/kyiv/50.458778_30.357527_h180.jpg,kyiv,50.458778,30.357527,180,2020-08,streetview
data/images/kyiv/50.458778_30.357527_h270.jpg,kyiv,50.458778,30.357527,270,2020-08,streetview
data/images/kyiv/50.585979_30.480089_h0.jpg,kyiv,50.585979,30.480089,0,2021-06,streetview
data/images/kyiv/50.585979_30.480089_h90.jpg,kyiv,50.585979,30.480089,90,2021-06,streetview
data/images/kyiv/50.585979_30.480089_h180.jpg,kyiv,50.585979,30.480089,180,2021-06,streetview
data/images/kyiv/50.585979_30.480089_h270.jpg,kyiv,50.585979,30.480089,270,2021-06,streetview
data/images/kyiv/50.476026_30.637057_h0.jpg,kyiv,50.476026,30.637057,0,2022-01,streetview
data/images/kyiv/50.476026_30.637057_h90.jpg,kyiv,50.476026,30.637057,90,2022-01,streetview
data/images/kyiv/50.476026_30.637057_h180.jpg,kyiv,50.476026,30.637057,180,2022-01,streetview
data/images/kyiv/50.476026_30.637057_h270.jpg,kyiv,50.476026,30.637057,270,2022-01,streetview
data/images/kyiv/50.513755_30.501758_h0.jpg,kyiv,50.513755,30.501758,0,2018-08,streetview
data/images/kyiv/50.513755_30.501758_h90.jpg,kyiv,50.513755,30.501758,90,2018-08,streetview
data/images/kyiv/50.513755_30.501758_h180.jpg,kyiv,50.513755,30.501758,180,2018-08,streetview
data/images/kyiv/50.513755_30.501758_h270.jpg,kyiv,50.513755,30.501758,270,2018-08,streetview
data/images/kyiv/50.435063_30.431933_h0.jpg,kyiv,50.435063,30.431933,0,2018-11,streetview
data/images/kyiv/50.435063_30.431933_h90.jpg,kyiv,50.435063,30.431933,90,2018-11,streetview
data/images/kyiv/50.435063_30.431933_h180.jpg,kyiv,50.435063,30.431933,180,2018-11,streetview
data/images/kyiv/50.435063_30.431933_h270.jpg,kyiv,50.435063,30.431933,270,2018-11,streetview
data/images/kyiv/50.363916_30.793272_h0.jpg,kyiv,50.363916,30.793272,0,2020-05,streetview
data/images/kyiv/50.363916_30.793272_h90.jpg,kyiv,50.363916,30.793272,90,2020-05,streetview
data/images/kyiv/50.363916_30.793272_h180.jpg,kyiv,50.363916,30.793272,180,2020-05,streetview
data/images/kyiv/50.363916_30.793272_h270.jpg,kyiv,50.363916,30.793272,270,2020-05,streetview
data/images/kyiv/50.508365_30.447487_h0.jpg,kyiv,50.508365,30.447487,0,2019-03,streetview
data/images/kyiv/50.508365_30.447487_h90.jpg,kyiv,50.508365,30.447487,90,2019-03,streetview
data/images/kyiv/50.508365_30.447487_h180.jpg,kyiv,50.508365,30.447487,180,2019-03,streetview
data/images/kyiv/50.508365_30.447487_h270.jpg,kyiv,50.508365,30.447487,270,2019-03,streetview
data/images/kyiv/50.469558_30.504899_h0.jpg,kyiv,50.469558,30.504899,0,2021-07,streetview
data/images/kyiv/50.469558_30.504899_h90.jpg,kyiv,50.469558,30.504899,90,2021-07,streetview
data/images/kyiv/50.469558_30.504899_h180.jpg,kyiv,50.469558,30.504899,180,2021-07,streetview
data/images/kyiv/50.469558_30.504899_h270.jpg,kyiv,50.469558,30.504899,270,2021-07,streetview
data/images/kyiv/50.459856_30.648774_h0.jpg,kyiv,50.459856,30.648774,0,2019-05,streetview
data/images/kyiv/50.459856_30.648774_h90.jpg,kyiv,50.459856,30.648774,90,2019-05,streetview
data/images/kyiv/50.459856_30.648774_h180.jpg,kyiv,50.459856,30.648774,180,2019-05,streetview
data/images/kyiv/50.459856_30.648774_h270.jpg,kyiv,50.459856,30.648774,270,2019-05,streetview
data/images/kyiv/50.569809_30.488493_h0.jpg,kyiv,50.569809,30.488493,0,2021-07,streetview
data/images/kyiv/50.569809_30.488493_h90.jpg,kyiv,50.569809,30.488493,90,2021-07,streetview
data/images/kyiv/50.569809_30.488493_h180.jpg,kyiv,50.569809,30.488493,180,2021-07,streetview
data/images/kyiv/50.569809_30.488493_h270.jpg,kyiv,50.569809,30.488493,270,2021-07,streetview
data/images/kyiv/50.456622_30.374453_h0.jpg,kyiv,50.456622,30.374453,0,2019-05,streetview
data/images/kyiv/50.456622_30.374453_h90.jpg,kyiv,50.456622,30.374453,90,2019-05,streetview
data/images/kyiv/50.456622_30.374453_h180.jpg,kyiv,50.456622,30.374453,180,2019-05,streetview
data/images/kyiv/50.456622_30.374453_h270.jpg,kyiv,50.456622,30.374453,270,2019-05,streetview
data/images/kyiv/50.393022_30.44698_h0.jpg,kyiv,50.393022,30.44698,0,2025-10,streetview
data/images/kyiv/50.393022_30.44698_h90.jpg,kyiv,50.393022,30.44698,90,2025-10,streetview
data/images/kyiv/50.393022_30.44698_h180.jpg,kyiv,50.393022,30.44698,180,2025-10,streetview
data/images/kyiv/50.393022_30.44698_h270.jpg,kyiv,50.393022,30.44698,270,2025-10,streetview
data/images/kyiv/50.403801_30.614463_h0.jpg,kyiv,50.403801,30.614463,0,2019-09,streetview
data/images/kyiv/50.403801_30.614463_h90.jpg,kyiv,50.403801,30.614463,90,2019-09,streetview
data/images/kyiv/50.403801_30.614463_h180.jpg,kyiv,50.403801,30.614463,180,2019-09,streetview
data/images/kyiv/50.403801_30.614463_h270.jpg,kyiv,50.403801,30.614463,270,2019-09,streetview
data/images/kyiv/50.217312_30.242369_h0.jpg,kyiv,50.217312,30.242369,0,2019-06,streetview
data/images/kyiv/50.217312_30.242369_h90.jpg,kyiv,50.217312,30.242369,90,2019-06,streetview
data/images/kyiv/50.217312_30.242369_h180.jpg,kyiv,50.217312,30.242369,180,2019-06,streetview
data/images/kyiv/50.217312_30.242369_h270.jpg,kyiv,50.217312,30.242369,270,2019-06,streetview
data/images/kyiv/50.512677_30.466153_h0.jpg,kyiv,50.512677,30.466153,0,2020-03,streetview
data/images/kyiv/50.512677_30.466153_h90.jpg,kyiv,50.512677,30.466153,90,2020-03,streetview
data/images/kyiv/50.512677_30.466153_h180.jpg,kyiv,50.512677,30.466153,180,2020-03,streetview
data/images/kyiv/50.512677_30.466153_h270.jpg,kyiv,50.512677,30.466153,270,2020-03,streetview
data/images/kyiv/50.418893_30.562137_h0.jpg,kyiv,50.418893,30.562137,0,2021-06,streetview
data/images/kyiv/50.418893_30.562137_h90.jpg,kyiv,50.418893,30.562137,90,2021-06,streetview
data/images/kyiv/50.418893_30.562137_h180.jpg,kyiv,50.418893,30.562137,180,2021-06,streetview
data/images/kyiv/50.418893_30.562137_h270.jpg,kyiv,50.418893,30.562137,270,2021-06,streetview
data/images/kyiv/50.53208_30.257655_h0.jpg,kyiv,50.53208,30.257655,0,2020-10,streetview
data/images/kyiv/50.53208_30.257655_h90.jpg,kyiv,50.53208,30.257655,90,2020-10,streetview
data/images/kyiv/50.53208_30.257655_h180.jpg,kyiv,50.53208,30.257655,180,2020-10,streetview
data/images/kyiv/50.53208_30.257655_h270.jpg,kyiv,50.53208,30.257655,270,2020-10,streetview
data/images/kyiv/50.35637_30.438371_h0.jpg,kyiv,50.35637,30.438371,0,2021-10,streetview
data/images/kyiv/50.35637_30.438371_h90.jpg,kyiv,50.35637,30.438371,90,2021-10,streetview
data/images/kyiv/50.35637_30.438371_h180.jpg,kyiv,50.35637,30.438371,180,2021-10,streetview
data/images/kyiv/50.35637_30.438371_h270.jpg,kyiv,50.35637,30.438371,270,2021-10,streetview
data/images/kyiv/50.399489_30.626267_h0.jpg,kyiv,50.399489,30.626267,0,2021-02,streetview
data/images/kyiv/50.399489_30.626267_h90.jpg,kyiv,50.399489,30.626267,90,2021-02,streetview
data/images/kyiv/50.399489_30.626267_h180.jpg,kyiv,50.399489,30.626267,180,2021-02,streetview
data/images/kyiv/50.399489_30.626267_h270.jpg,kyiv,50.399489,30.626267,270,2021-02,streetview
data/images/kyiv/50.224858_30.752901_h0.jpg,kyiv,50.224858,30.752901,0,2019-11,streetview
data/images/kyiv/50.224858_30.752901_h90.jpg,kyiv,50.224858,30.752901,90,2019-11,streetview
data/images/kyiv/50.224858_30.752901_h180.jpg,kyiv,50.224858,30.752901,180,2019-11,streetview
data/images/kyiv/50.224858_30.752901_h270.jpg,kyiv,50.224858,30.752901,270,2019-11,streetview
data/images/kyiv/50.513755_30.245781_h0.jpg,kyiv,50.513755,30.245781,0,2021-06,streetview
data/images/kyiv/50.513755_30.245781_h90.jpg,kyiv,50.513755,30.245781,90,2021-06,streetview
data/images/kyiv/50.513755_30.245781_h180.jpg,kyiv,50.513755,30.245781,180,2021-06,streetview
data/images/kyiv/50.513755_30.245781_h270.jpg,kyiv,50.513755,30.245781,270,2021-06,streetview
data/images/kyiv/50.500819_30.772846_h0.jpg,kyiv,50.500819,30.772846,0,2021-11,streetview
data/images/kyiv/50.500819_30.772846_h90.jpg,kyiv,50.500819,30.772846,90,2021-11,streetview
data/images/kyiv/50.500819_30.772846_h180.jpg,kyiv,50.500819,30.772846,180,2021-11,streetview
data/images/kyiv/50.500819_30.772846_h270.jpg,kyiv,50.500819,30.772846,270,2021-11,streetview
data/images/kyiv/50.543938_30.635933_h0.jpg,kyiv,50.543938,30.635933,0,2020-06,streetview
data/images/kyiv/50.543938_30.635933_h90.jpg,kyiv,50.543938,30.635933,90,2020-06,streetview
data/images/kyiv/50.543938_30.635933_h180.jpg,kyiv,50.543938,30.635933,180,2020-06,streetview
data/images/kyiv/50.543938_30.635933_h270.jpg,kyiv,50.543938,30.635933,270,2020-06,streetview
data/images/kyiv/50.44153_30.284701_h0.jpg,kyiv,50.44153,30.284701,0,2020-06,streetview
data/images/kyiv/50.44153_30.284701_h90.jpg,kyiv,50.44153,30.284701,90,2020-06,streetview
data/images/kyiv/50.44153_30.284701_h180.jpg,kyiv,50.44153,30.284701,180,2020-06,streetview
data/images/kyiv/50.44153_30.284701_h270.jpg,kyiv,50.44153,30.284701,270,2020-06,streetview
data/images/kyiv/50.465246_30.640353_h0.jpg,kyiv,50.465246,30.640353,0,2020-04,streetview
data/images/kyiv/50.465246_30.640353_h90.jpg,kyiv,50.465246,30.640353,90,2020-04,streetview
data/images/kyiv/50.465246_30.640353_h180.jpg,kyiv,50.465246,30.640353,180,2020-04,streetview
data/images/kyiv/50.465246_30.640353_h270.jpg,kyiv,50.465246,30.640353,270,2020-04,streetview
data/images/kyiv/50.484649_30.34065_h0.jpg,kyiv,50.484649,30.34065,0,2019-03,streetview
data/images/kyiv/50.484649_30.34065_h90.jpg,kyiv,50.484649,30.34065,90,2019-03,streetview
data/images/kyiv/50.484649_30.34065_h180.jpg,kyiv,50.484649,30.34065,180,2019-03,streetview
data/images/kyiv/50.484649_30.34065_h270.jpg,kyiv,50.484649,30.34065,270,2019-03,streetview
data/images/kyiv/50.46848_30.520136_h0.jpg,kyiv,50.46848,30.520136,0,2025-01,streetview
data/images/kyiv/50.46848_30.520136_h90.jpg,kyiv,50.46848,30.520136,90,2025-01,streetview
data/images/kyiv/50.46848_30.520136_h180.jpg,kyiv,50.46848,30.520136,180,2025-01,streetview
data/images/kyiv/50.46848_30.520136_h270.jpg,kyiv,50.46848,30.520136,270,2025-01,streetview
data/images/kyiv/50.520222_30.608607_h0.jpg,kyiv,50.520222,30.608607,0,2021-08,streetview
data/images/kyiv/50.520222_30.608607_h90.jpg,kyiv,50.520222,30.608607,90,2021-08,streetview
data/images/kyiv/50.520222_30.608607_h180.jpg,kyiv,50.520222,30.608607,180,2021-08,streetview
data/images/kyiv/50.520222_30.608607_h270.jpg,kyiv,50.520222,30.608607,270,2021-08,streetview
data/images/kyiv/50.483571_30.406719_h0.jpg,kyiv,50.483571,30.406719,0,2021-05,streetview
data/images/kyiv/50.483571_30.406719_h90.jpg,kyiv,50.483571,30.406719,90,2021-05,streetview
data/images/kyiv/50.483571_30.406719_h180.jpg,kyiv,50.483571,30.406719,180,2021-05,streetview
data/images/kyiv/50.483571_30.406719_h270.jpg,kyiv,50.483571,30.406719,270,2021-05,streetview
data/images/kyiv/50.504053_30.462722_h0.jpg,kyiv,50.504053,30.462722,0,2020-11,streetview
data/images/kyiv/50.504053_30.462722_h90.jpg,kyiv,50.504053,30.462722,90,2020-11,streetview
data/images/kyiv/50.504053_30.462722_h180.jpg,kyiv,50.504053,30.462722,180,2020-11,streetview
data/images/kyiv/50.504053_30.462722_h270.jpg,kyiv,50.504053,30.462722,270,2020-11,streetview
data/images/kyiv/50.459856_30.425261_h0.jpg,kyiv,50.459856,30.425261,0,2019-04,streetview
data/images/kyiv/50.459856_30.425261_h90.jpg,kyiv,50.459856,30.425261,90,2019-04,streetview
data/images/kyiv/50.459856_30.425261_h180.jpg,kyiv,50.459856,30.425261,180,2019-04,streetview
data/images/kyiv/50.459856_30.425261_h270.jpg,kyiv,50.459856,30.425261,270,2019-04,streetview
data/images/kyiv/50.470636_30.487969_h0.jpg,kyiv,50.470636,30.487969,0,2021-06,streetview
data/images/kyiv/50.470636_30.487969_h90.jpg,kyiv,50.470636,30.487969,90,2021-06,streetview
data/images/kyiv/50.470636_30.487969_h180.jpg,kyiv,50.470636,30.487969,180,2021-06,streetview
data/images/kyiv/50.470636_30.487969_h270.jpg,kyiv,50.470636,30.487969,270,2021-06,streetview
data/images/kyiv/50.385476_30.78169_h0.jpg,kyiv,50.385476,30.78169,0,2020-07,streetview
data/images/kyiv/50.385476_30.78169_h90.jpg,kyiv,50.385476,30.78169,90,2020-07,streetview
data/images/kyiv/50.385476_30.78169_h180.jpg,kyiv,50.385476,30.78169,180,2020-07,streetview
data/images/kyiv/50.385476_30.78169_h270.jpg,kyiv,50.385476,30.78169,270,2020-07,streetview
data/images/kyiv/50.273367_30.567894_h0.jpg,kyiv,50.273367,30.567894,0,2020-05,streetview
data/images/kyiv/50.273367_30.567894_h90.jpg,kyiv,50.273367,30.567894,90,2020-05,streetview
data/images/kyiv/50.273367_30.567894_h180.jpg,kyiv,50.273367,30.567894,180,2020-05,streetview
data/images/kyiv/50.273367_30.567894_h270.jpg,kyiv,50.273367,30.567894,270,2020-05,streetview
data/images/kyiv/50.404879_30.518067_h0.jpg,kyiv,50.404879,30.518067,0,2021-05,streetview
data/images/kyiv/50.404879_30.518067_h90.jpg,kyiv,50.404879,30.518067,90,2021-05,streetview
data/images/kyiv/50.404879_30.518067_h180.jpg,kyiv,50.404879,30.518067,180,2021-05,streetview
data/images/kyiv/50.404879_30.518067_h270.jpg,kyiv,50.404879,30.518067,270,2021-05,streetview
data/images/kyiv/50.515911_30.517027_h0.jpg,kyiv,50.515911,30.517027,0,2024-08,streetview
data/images/kyiv/50.515911_30.517027_h90.jpg,kyiv,50.515911,30.517027,90,2024-08,streetview
data/images/kyiv/50.515911_30.517027_h180.jpg,kyiv,50.515911,30.517027,180,2024-08,streetview
data/images/kyiv/50.515911_30.517027_h270.jpg,kyiv,50.515911,30.517027,270,2024-08,streetview
data/images/kyiv/50.435063_30.470858_h0.jpg,kyiv,50.435063,30.470858,0,2024-11,streetview
data/images/kyiv/50.435063_30.470858_h90.jpg,kyiv,50.435063,30.470858,90,2024-11,streetview
data/images/kyiv/50.435063_30.470858_h180.jpg,kyiv,50.435063,30.470858,180,2024-11,streetview
data/images/kyiv/50.435063_30.470858_h270.jpg,kyiv,50.435063,30.470858,270,2024-11,streetview
data/images/kyiv/50.476026_30.670934_h0.jpg,kyiv,50.476026,30.670934,0,2018-11,streetview
data/images/kyiv/50.476026_30.670934_h90.jpg,kyiv,50.476026,30.670934,90,2018-11,streetview
data/images/kyiv/50.476026_30.670934_h180.jpg,kyiv,50.476026,30.670934,180,2018-11,streetview
data/images/kyiv/50.476026_30.670934_h270.jpg,kyiv,50.476026,30.670934,270,2018-11,streetview
data/images/kyiv/50.513755_30.420388_h0.jpg,kyiv,50.513755,30.420388,0,2021-05,streetview
data/images/kyiv/50.513755_30.420388_h90.jpg,kyiv,50.513755,30.420388,90,2021-05,streetview
data/images/kyiv/50.513755_30.420388_h180.jpg,kyiv,50.513755,30.420388,180,2021-05,streetview
data/images/kyiv/50.513755_30.420388_h270.jpg,kyiv,50.513755,30.420388,270,2021-05,streetview
data/images/kyiv/50.44153_30.482738_h0.jpg,kyiv,50.44153,30.482738,0,2019-03,streetview
data/images/kyiv/50.44153_30.482738_h90.jpg,kyiv,50.44153,30.482738,90,2019-03,streetview
data/images/kyiv/50.44153_30.482738_h180.jpg,kyiv,50.44153,30.482738,180,2019-03,streetview
data/images/kyiv/50.44153_30.482738_h270.jpg,kyiv,50.44153,30.482738,270,2019-03,streetview
data/images/kyiv/50.283068_30.330097_h0.jpg,kyiv,50.283068,30.330097,0,2019-04,streetview
data/images/kyiv/50.283068_30.330097_h90.jpg,kyiv,50.283068,30.330097,90,2019-04,streetview
data/images/kyiv/50.283068_30.330097_h180.jpg,kyiv,50.283068,30.330097,180,2019-04,streetview
data/images/kyiv/50.283068_30.330097_h270.jpg,kyiv,50.283068,30.330097,270,2019-04,streetview
data/images/kyiv/50.395178_30.62285_h0.jpg,kyiv,50.395178,30.62285,0,2019-05,streetview
data/images/kyiv/50.395178_30.62285_h90.jpg,kyiv,50.395178,30.62285,90,2019-05,streetview
data/images/kyiv/50.395178_30.62285_h180.jpg,kyiv,50.395178,30.62285,180,2019-05,streetview
data/images/kyiv/50.395178_30.62285_h270.jpg,kyiv,50.395178,30.62285,270,2019-05,streetview
data/images/kyiv/50.445842_30.533543_h0.jpg,kyiv,50.445842,30.533543,0,2018-06,streetview
data/images/kyiv/50.445842_30.533543_h90.jpg,kyiv,50.445842,30.533543,90,2018-06,streetview
data/images/kyiv/50.445842_30.533543_h180.jpg,kyiv,50.445842,30.533543,180,2018-06,streetview
data/images/kyiv/50.445842_30.533543_h270.jpg,kyiv,50.445842,30.533543,270,2018-06,streetview
data/images/kyiv/50.506209_30.422054_h0.jpg,kyiv,50.506209,30.422054,0,2019-04,streetview
data/images/kyiv/50.506209_30.422054_h90.jpg,kyiv,50.506209,30.422054,90,2019-04,streetview
data/images/kyiv/50.506209_30.422054_h180.jpg,kyiv,50.506209,30.422054,180,2019-04,streetview
data/images/kyiv/50.506209_30.422054_h270.jpg,kyiv,50.506209,30.422054,270,2019-04,streetview
data/images/kyiv/50.417815_30.645026_h0.jpg,kyiv,50.417815,30.645026,0,2018-06,streetview
data/images/kyiv/50.417815_30.645026_h90.jpg,kyiv,50.417815,30.645026,90,2018-06,streetview
data/images/kyiv/50.417815_30.645026_h180.jpg,kyiv,50.417815,30.645026,180,2018-06,streetview
data/images/kyiv/50.417815_30.645026_h270.jpg,kyiv,50.417815,30.645026,270,2018-06,streetview
data/images/kyiv/50.587057_30.486886_h0.jpg,kyiv,50.587057,30.486886,0,2020-07,streetview
data/images/kyiv/50.587057_30.486886_h90.jpg,kyiv,50.587057,30.486886,90,2020-07,streetview
data/images/kyiv/50.587057_30.486886_h180.jpg,kyiv,50.587057,30.486886,180,2020-07,streetview
data/images/kyiv/50.587057_30.486886_h270.jpg,kyiv,50.587057,30.486886,270,2020-07,streetview
data/images/kyiv/50.427517_30.543582_h0.jpg,kyiv,50.427517,30.543582,0,2021-02,streetview
data/images/kyiv/50.427517_30.543582_h90.jpg,kyiv,50.427517,30.543582,90,2021-02,streetview
data/images/kyiv/50.427517_30.543582_h180.jpg,kyiv,50.427517,30.543582,180,2021-02,streetview
data/images/kyiv/50.427517_30.543582_h270.jpg,kyiv,50.427517,30.543582,270,2021-02,streetview
data/images/kyiv/50.447998_30.281321_h0.jpg,kyiv,50.447998,30.281321,0,2020-06,streetview
data/images/kyiv/50.447998_30.281321_h90.jpg,kyiv,50.447998,30.281321,90,2020-06,streetview
data/images/kyiv/50.447998_30.281321_h180.jpg,kyiv,50.447998,30.281321,180,2020-06,streetview
data/images/kyiv/50.447998_30.281321_h270.jpg,kyiv,50.447998,30.281321,270,2020-06,streetview
data/images/kyiv/50.445842_30.465832_h0.jpg,kyiv,50.445842,30.465832,0,2019-03,streetview
data/images/kyiv/50.445842_30.465832_h90.jpg,kyiv,50.445842,30.465832,90,2019-03,streetview
data/images/kyiv/50.445842_30.465832_h180.jpg,kyiv,50.445842,30.465832,180,2019-03,streetview
data/images/kyiv/50.445842_30.465832_h270.jpg,kyiv,50.445842,30.465832,270,2019-03,streetview
data/images/kyiv/50.437218_30.618113_h0.jpg,kyiv,50.437218,30.618113,0,2020-06,streetview
data/images/kyiv/50.437218_30.618113_h90.jpg,kyiv,50.437218,30.618113,90,2020-06,streetview
data/images/kyiv/50.437218_30.618113_h180.jpg,kyiv,50.437218,30.618113,180,2020-06,streetview
data/images/kyiv/50.437218_30.618113_h270.jpg,kyiv,50.437218,30.618113,270,2020-06,streetview
data/images/kyiv/50.430751_30.475913_h0.jpg,kyiv,50.430751,30.475913,0,2018-10,streetview
data/images/kyiv/50.430751_30.475913_h90.jpg,kyiv,50.430751,30.475913,90,2018-10,streetview
data/images/kyiv/50.430751_30.475913_h180.jpg,kyiv,50.430751,30.475913,180,2018-10,streetview
data/images/kyiv/50.430751_30.475913_h270.jpg,kyiv,50.430751,30.475913,270,2018-10,streetview
data/images/kyiv/50.410269_30.406459_h0.jpg,kyiv,50.410269,30.406459,0,2018-06,streetview
data/images/kyiv/50.410269_30.406459_h90.jpg,kyiv,50.410269,30.406459,90,2018-06,streetview
data/images/kyiv/50.410269_30.406459_h180.jpg,kyiv,50.410269,30.406459,180,2018-06,streetview
data/images/kyiv/50.410269_30.406459_h270.jpg,kyiv,50.410269,30.406459,270,2018-06,streetview
data/images/kyiv/50.470636_30.476113_h0.jpg,kyiv,50.470636,30.476113,0,2020-07,streetview
data/images/kyiv/50.470636_30.476113_h90.jpg,kyiv,50.470636,30.476113,90,2020-07,streetview
data/images/kyiv/50.470636_30.476113_h180.jpg,kyiv,50.470636,30.476113,180,2020-07,streetview
data/images/kyiv/50.470636_30.476113_h270.jpg,kyiv,50.470636,30.476113,270,2020-07,streetview
data/images/kyiv/50.455544_30.589477_h0.jpg,kyiv,50.455544,30.589477,0,2021-11,streetview
data/images/kyiv/50.455544_30.589477_h90.jpg,kyiv,50.455544,30.589477,90,2021-11,streetview
data/images/kyiv/50.455544_30.589477_h180.jpg,kyiv,50.455544,30.589477,180,2021-11,streetview
data/images/kyiv/50.455544_30.589477_h270.jpg,kyiv,50.455544,30.589477,270,2021-11,streetview
data/images/kyiv/50.467402_30.518436_h0.jpg,kyiv,50.467402,30.518436,0,2018-05,streetview
data/images/kyiv/50.467402_30.518436_h90.jpg,kyiv,50.467402,30.518436,90,2018-05,streetview
data/images/kyiv/50.467402_30.518436_h180.jpg,kyiv,50.467402,30.518436,180,2018-05,streetview
data/images/kyiv/50.467402_30.518436_h270.jpg,kyiv,50.467402,30.518436,270,2018-05,streetview
data/images/kyiv/50.419971_30.526615_h0.jpg,kyiv,50.419971,30.526615,0,2021-07,streetview
data/images/kyiv/50.419971_30.526615_h90.jpg,kyiv,50.419971,30.526615,90,2021-07,streetview
data/images/kyiv/50.419971_30.526615_h180.jpg,kyiv,50.419971,30.526615,180,2021-07,streetview
data/images/kyiv/50.419971_30.526615_h270.jpg,kyiv,50.419971,30.526615,270,2021-07,streetview
data/images/kyiv/50.37793_30.468888_h0.jpg,kyiv,50.37793,30.468888,0,2018-07,streetview
data/images/kyiv/50.37793_30.468888_h90.jpg,kyiv,50.37793,30.468888,90,2018-07,streetview
data/images/kyiv/50.37793_30.468888_h180.jpg,kyiv,50.37793,30.468888,180,2018-07,streetview
data/images/kyiv/50.37793_30.468888_h270.jpg,kyiv,50.37793,30.468888,270,2018-07,streetview
data/images/kyiv/50.583823_30.473287_h0.jpg,kyiv,50.583823,30.473287,0,2018-05,streetview
data/images/kyiv/50.583823_30.473287_h90.jpg,kyiv,50.583823,30.473287,90,2018-05,streetview
data/images/kyiv/50.583823_30.473287_h180.jpg,kyiv,50.583823,30.473287,180,2018-05,streetview
data/images/kyiv/50.583823_30.473287_h270.jpg,kyiv,50.583823,30.473287,270,2018-05,streetview
data/images/kyiv/50.445842_30.462447_h0.jpg,kyiv,50.445842,30.462447,0,2020-06,streetview
data/images/kyiv/50.445842_30.462447_h90.jpg,kyiv,50.445842,30.462447,90,2020-06,streetview
data/images/kyiv/50.445842_30.462447_h180.jpg,kyiv,50.445842,30.462447,180,2020-06,streetview
data/images/kyiv/50.445842_30.462447_h270.jpg,kyiv,50.445842,30.462447,270,2020-06,streetview
data/images/kyiv/50.43614_30.406551_h0.jpg,kyiv,50.43614,30.406551,0,2018-08,streetview
data/images/kyiv/50.43614_30.406551_h90.jpg,kyiv,50.43614,30.406551,90,2018-08,streetview
data/images/kyiv/50.43614_30.406551_h180.jpg,kyiv,50.43614,30.406551,180,2018-08,streetview
data/images/kyiv/50.43614_30.406551_h270.jpg,kyiv,50.43614,30.406551,270,2018-08,streetview
data/images/kyiv/50.578433_30.65999_h0.jpg,kyiv,50.578433,30.65999,0,2019-03,streetview
data/images/kyiv/50.578433_30.65999_h90.jpg,kyiv,50.578433,30.65999,90,2019-03,streetview
data/images/kyiv/50.578433_30.65999_h180.jpg,kyiv,50.578433,30.65999,180,2019-03,streetview
data/images/kyiv/50.578433_30.65999_h270.jpg,kyiv,50.578433,30.65999,270,2019-03,streetview
data/images/kyiv/50.577355_30.663375_h0.jpg,kyiv,50.577355,30.663375,0,2019-03,streetview
data/images/kyiv/50.577355_30.663375_h90.jpg,kyiv,50.577355,30.663375,90,2019-03,streetview
data/images/kyiv/50.577355_30.663375_h180.jpg,kyiv,50.577355,30.663375,180,2019-03,streetview
data/images/kyiv/50.577355_30.663375_h270.jpg,kyiv,50.577355,30.663375,270,2019-03,streetview
data/images/kyiv/50.46309_30.460835_h0.jpg,kyiv,50.46309,30.460835,0,2019-04,streetview
data/images/kyiv/50.46309_30.460835_h90.jpg,kyiv,50.46309,30.460835,90,2019-04,streetview
data/images/kyiv/50.46309_30.460835_h180.jpg,kyiv,50.46309,30.460835,180,2019-04,streetview
data/images/kyiv/50.46309_30.460835_h270.jpg,kyiv,50.46309,30.460835,270,2019-04,streetview
data/images/kyiv/50.583823_30.488567_h0.jpg,kyiv,50.583823,30.488567,0,2021-10,streetview
data/images/kyiv/50.583823_30.488567_h90.jpg,kyiv,50.583823,30.488567,90,2021-10,streetview
data/images/kyiv/50.583823_30.488567_h180.jpg,kyiv,50.583823,30.488567,180,2021-10,streetview
data/images/kyiv/50.583823_30.488567_h270.jpg,kyiv,50.583823,30.488567,270,2021-10,streetview
data/images/kyiv/50.486805_30.632065_h0.jpg,kyiv,50.486805,30.632065,0,2022-07,streetview
data/images/kyiv/50.486805_30.632065_h90.jpg,kyiv,50.486805,30.632065,90,2022-07,streetview
data/images/kyiv/50.486805_30.632065_h180.jpg,kyiv,50.486805,30.632065,180,2022-07,streetview
data/images/kyiv/50.486805_30.632065_h270.jpg,kyiv,50.486805,30.632065,270,2022-07,streetview
data/images/kyiv/50.515911_30.240695_h0.jpg,kyiv,50.515911,30.240695,0,2020-05,streetview
data/images/kyiv/50.515911_30.240695_h90.jpg,kyiv,50.515911,30.240695,90,2020-05,streetview
data/images/kyiv/50.515911_30.240695_h180.jpg,kyiv,50.515911,30.240695,180,2020-05,streetview
data/images/kyiv/50.515911_30.240695_h270.jpg,kyiv,50.515911,30.240695,270,2020-05,streetview
data/images/kyiv/50.583823_30.486869_h0.jpg,kyiv,50.583823,30.486869,0,2021-07,streetview
data/images/kyiv/50.583823_30.486869_h90.jpg,kyiv,50.583823,30.486869,90,2021-07,streetview
data/images/kyiv/50.583823_30.486869_h180.jpg,kyiv,50.583823,30.486869,180,2021-07,streetview
data/images/kyiv/50.583823_30.486869_h270.jpg,kyiv,50.583823,30.486869,270,2021-07,streetview
data/images/kyiv/50.518066_30.239_h0.jpg,kyiv,50.518066,30.239,0,2020-07,streetview
data/images/kyiv/50.518066_30.239_h90.jpg,kyiv,50.518066,30.239,90,2020-07,streetview
data/images/kyiv/50.518066_30.239_h180.jpg,kyiv,50.518066,30.239,180,2020-07,streetview
data/images/kyiv/50.518066_30.239_h270.jpg,kyiv,50.518066,30.239,270,2020-07,streetview
data/images/kyiv/50.494351_30.457593_h0.jpg,kyiv,50.494351,30.457593,0,2019-03,streetview
data/images/kyiv/50.494351_30.457593_h90.jpg,kyiv,50.494351,30.457593,90,2019-03,streetview
data/images/kyiv/50.494351_30.457593_h180.jpg,kyiv,50.494351,30.457593,180,2019-03,streetview
data/images/kyiv/50.494351_30.457593_h270.jpg,kyiv,50.494351,30.457593,270,2019-03,streetview
data/images/kyiv/50.3941_30.369202_h0.jpg,kyiv,50.3941,30.369202,0,2019-11,streetview
data/images/kyiv/50.3941_30.369202_h90.jpg,kyiv,50.3941,30.369202,90,2019-11,streetview
data/images/kyiv/50.3941_30.369202_h180.jpg,kyiv,50.3941,30.369202,180,2019-11,streetview
data/images/kyiv/50.3941_30.369202_h270.jpg,kyiv,50.3941,30.369202,270,2019-11,streetview
data/images/kyiv/50.395178_30.369205_h0.jpg,kyiv,50.395178,30.369205,0,2021-10,streetview
data/images/kyiv/50.395178_30.369205_h90.jpg,kyiv,50.395178,30.369205,90,2021-10,streetview
data/images/kyiv/50.395178_30.369205_h180.jpg,kyiv,50.395178,30.369205,180,2021-10,streetview
data/images/kyiv/50.395178_30.369205_h270.jpg,kyiv,50.395178,30.369205,270,2021-10,streetview
data/images/kyiv/50.451232_30.508182_h0.jpg,kyiv,50.451232,30.508182,0,2020-12,streetview
data/images/kyiv/50.451232_30.508182_h90.jpg,kyiv,50.451232,30.508182,90,2020-12,streetview
data/images/kyiv/50.451232_30.508182_h180.jpg,kyiv,50.451232,30.508182,180,2020-12,streetview
data/images/kyiv/50.451232_30.508182_h270.jpg,kyiv,50.451232,30.508182,270,2020-12,streetview
data/images/kyiv/50.471714_30.548948_h0.jpg,kyiv,50.471714,30.548948,0,2021-03,streetview
data/images/kyiv/50.471714_30.548948_h90.jpg,kyiv,50.471714,30.548948,90,2021-03,streetview
data/images/kyiv/50.471714_30.548948_h180.jpg,kyiv,50.471714,30.548948,180,2021-03,streetview
data/images/kyiv/50.471714_30.548948_h270.jpg,kyiv,50.471714,30.548948,270,2021-03,streetview
data/images/kyiv/50.426439_30.560496_h0.jpg,kyiv,50.426439,30.560496,0,2019-06,streetview
data/images/kyiv/50.426439_30.560496_h90.jpg,kyiv,50.426439,30.560496,90,2019-06,streetview
data/images/kyiv/50.426439_30.560496_h180.jpg,kyiv,50.426439,30.560496,180,2019-06,streetview
data/images/kyiv/50.426439_30.560496_h270.jpg,kyiv,50.426439,30.560496,270,2019-06,streetview
data/images/kyiv/50.46848_30.499813_h0.jpg,kyiv,50.46848,30.499813,0,2020-11,streetview
data/images/kyiv/50.46848_30.499813_h90.jpg,kyiv,50.46848,30.499813,90,2020-11,streetview
data/images/kyiv/50.46848_30.499813_h180.jpg,kyiv,50.46848,30.499813,180,2020-11,streetview
data/images/kyiv/50.46848_30.499813_h270.jpg,kyiv,50.46848,30.499813,270,2020-11,streetview
data/images/kyiv/50.449076_30.477698_h0.jpg,kyiv,50.449076,30.477698,0,2019-04,streetview
data/images/kyiv/50.449076_30.477698_h90.jpg,kyiv,50.449076,30.477698,90,2019-04,streetview
data/images/kyiv/50.449076_30.477698_h180.jpg,kyiv,50.449076,30.477698,180,2019-04,streetview
data/images/kyiv/50.449076_30.477698_h270.jpg,kyiv,50.449076,30.477698,270,2019-04,streetview
data/images/kyiv/50.513755_30.583128_h0.jpg,kyiv,50.513755,30.583128,0,2020-06,streetview
data/images/kyiv/50.513755_30.583128_h90.jpg,kyiv,50.513755,30.583128,90,2020-06,streetview
data/images/kyiv/50.513755_30.583128_h180.jpg,kyiv,50.513755,30.583128,180,2020-06,streetview
data/images/kyiv/50.513755_30.583128_h270.jpg,kyiv,50.513755,30.583128,270,2020-06,streetview
data/images/kyiv/50.479259_30.342332_h0.jpg,kyiv,50.479259,30.342332,0,2019-05,streetview
data/images/kyiv/50.479259_30.342332_h90.jpg,kyiv,50.479259,30.342332,90,2019-05,streetview
data/images/kyiv/50.479259_30.342332_h180.jpg,kyiv,50.479259,30.342332,180,2019-05,streetview
data/images/kyiv/50.479259_30.342332_h270.jpg,kyiv,50.479259,30.342332,270,2019-05,streetview
data/images/kyiv/50.2766_30.707917_h0.jpg,kyiv,50.2766,30.707917,0,2019-11,streetview
data/images/kyiv/50.2766_30.707917_h90.jpg,kyiv,50.2766,30.707917,90,2019-11,streetview
data/images/kyiv/50.2766_30.707917_h180.jpg,kyiv,50.2766,30.707917,180,2019-11,streetview
data/images/kyiv/50.2766_30.707917_h270.jpg,kyiv,50.2766,30.707917,270,2019-11,streetview
data/images/kyiv/50.573043_30.266158_h0.jpg,kyiv,50.573043,30.266158,0,2019-07,streetview
data/images/kyiv/50.573043_30.266158_h90.jpg,kyiv,50.573043,30.266158,90,2019-07,streetview
data/images/kyiv/50.573043_30.266158_h180.jpg,kyiv,50.573043,30.266158,180,2019-07,streetview
data/images/kyiv/50.573043_30.266158_h270.jpg,kyiv,50.573043,30.266158,270,2019-07,streetview
data/images/kyiv/50.504053_30.415266_h0.jpg,kyiv,50.504053,30.415266,0,2025-04,streetview
data/images/kyiv/50.504053_30.415266_h90.jpg,kyiv,50.504053,30.415266,90,2025-04,streetview
data/images/kyiv/50.504053_30.415266_h180.jpg,kyiv,50.504053,30.415266,180,2025-04,streetview
data/images/kyiv/50.504053_30.415266_h270.jpg,kyiv,50.504053,30.415266,270,2025-04,streetview
data/images/kyiv/50.442608_30.443812_h0.jpg,kyiv,50.442608,30.443812,0,2020-05,streetview
data/images/kyiv/50.442608_30.443812_h90.jpg,kyiv,50.442608,30.443812,90,2020-05,streetview
data/images/kyiv/50.442608_30.443812_h180.jpg,kyiv,50.442608,30.443812,180,2020-05,streetview
data/images/kyiv/50.442608_30.443812_h270.jpg,kyiv,50.442608,30.443812,270,2020-05,streetview
data/images/kyiv/50.529924_30.595117_h0.jpg,kyiv,50.529924,30.595117,0,2021-05,streetview
data/images/kyiv/50.529924_30.595117_h90.jpg,kyiv,50.529924,30.595117,90,2021-05,streetview
data/images/kyiv/50.529924_30.595117_h180.jpg,kyiv,50.529924,30.595117,180,2021-05,streetview
data/images/kyiv/50.529924_30.595117_h270.jpg,kyiv,50.529924,30.595117,270,2021-05,streetview
data/images/kyiv/50.408113_30.604349_h0.jpg,kyiv,50.408113,30.604349,0,2019-09,streetview
data/images/kyiv/50.408113_30.604349_h90.jpg,kyiv,50.408113,30.604349,90,2019-09,streetview
data/images/kyiv/50.408113_30.604349_h180.jpg,kyiv,50.408113,30.604349,180,2019-09,streetview
data/images/kyiv/50.408113_30.604349_h270.jpg,kyiv,50.408113,30.604349,270,2019-09,streetview
data/images/kyiv/50.269055_30.534135_h0.jpg,kyiv,50.269055,30.534135,0,2018-03,streetview
data/images/kyiv/50.269055_30.534135_h90.jpg,kyiv,50.269055,30.534135,90,2018-03,streetview
data/images/kyiv/50.269055_30.534135_h180.jpg,kyiv,50.269055,30.534135,180,2018-03,streetview
data/images/kyiv/50.269055_30.534135_h270.jpg,kyiv,50.269055,30.534135,270,2018-03,streetview
data/images/kyiv/50.425361_30.369288_h0.jpg,kyiv,50.425361,30.369288,0,2020-04,streetview
data/images/kyiv/50.425361_30.369288_h90.jpg,kyiv,50.425361,30.369288,90,2020-04,streetview
data/images/kyiv/50.425361_30.369288_h180.jpg,kyiv,50.425361,30.369288,180,2020-04,streetview
data/images/kyiv/50.425361_30.369288_h270.jpg,kyiv,50.425361,30.369288,270,2020-04,streetview
data/images/kyiv/50.370384_30.389418_h0.jpg,kyiv,50.370384,30.389418,0,2019-07,streetview
data/images/kyiv/50.370384_30.389418_h90.jpg,kyiv,50.370384,30.389418,90,2019-07,streetview
data/images/kyiv/50.370384_30.389418_h180.jpg,kyiv,50.370384,30.389418,180,2019-07,streetview
data/images/kyiv/50.370384_30.389418_h270.jpg,kyiv,50.370384,30.389418,270,2019-07,streetview
data/images/kyiv/50.336967_30.554823_h0.jpg,kyiv,50.336967,30.554823,0,2021-10,streetview
data/images/kyiv/50.336967_30.554823_h90.jpg,kyiv,50.336967,30.554823,90,2021-10,streetview
data/images/kyiv/50.336967_30.554823_h180.jpg,kyiv,50.336967,30.554823,180,2021-10,streetview
data/images/kyiv/50.336967_30.554823_h270.jpg,kyiv,50.336967,30.554823,270,2021-10,streetview
data/images/kyiv/50.251807_30.375556_h0.jpg,kyiv,50.251807,30.375556,0,2021-12,streetview
data/images/kyiv/50.251807_30.375556_h90.jpg,kyiv,50.251807,30.375556,90,2021-12,streetview
data/images/kyiv/50.251807_30.375556_h180.jpg,kyiv,50.251807,30.375556,180,2021-12,streetview
data/images/kyiv/50.251807_30.375556_h270.jpg,kyiv,50.251807,30.375556,270,2021-12,streetview
data/images/kyiv/50.456622_30.430328_h0.jpg,kyiv,50.456622,30.430328,0,2025-09,streetview
data/images/kyiv/50.456622_30.430328_h90.jpg,kyiv,50.456622,30.430328,90,2025-09,streetview
data/images/kyiv/50.456622_30.430328_h180.jpg,kyiv,50.456622,30.430328,180,2025-09,streetview
data/images/kyiv/50.456622_30.430328_h270.jpg,kyiv,50.456622,30.430328,270,2025-09,streetview
data/images/kyiv/50.496507_30.367789_h0.jpg,kyiv,50.496507,30.367789,0,2019-06,streetview
data/images/kyiv/50.496507_30.367789_h90.jpg,kyiv,50.496507,30.367789,90,2019-06,streetview
data/images/kyiv/50.496507_30.367789_h180.jpg,kyiv,50.496507,30.367789,180,2019-06,streetview
data/images/kyiv/50.496507_30.367789_h270.jpg,kyiv,50.496507,30.367789,270,2019-06,streetview
data/images/kyiv/50.494351_30.432175_h0.jpg,kyiv,50.494351,30.432175,0,2018-11,streetview
data/images/kyiv/50.494351_30.432175_h90.jpg,kyiv,50.494351,30.432175,90,2018-11,streetview
data/images/kyiv/50.494351_30.432175_h180.jpg,kyiv,50.494351,30.432175,180,2018-11,streetview
data/images/kyiv/50.494351_30.432175_h270.jpg,kyiv,50.494351,30.432175,270,2018-11,streetview
data/images/kyiv/50.449076_30.491241_h0.jpg,kyiv,50.449076,30.491241,0,2020-03,streetview
data/images/kyiv/50.449076_30.491241_h90.jpg,kyiv,50.449076,30.491241,90,2020-03,streetview
data/images/kyiv/50.449076_30.491241_h180.jpg,kyiv,50.449076,30.491241,180,2020-03,streetview
data/images/kyiv/50.449076_30.491241_h270.jpg,kyiv,50.449076,30.491241,270,2020-03,streetview
data/images/kyiv/50.233481_30.365392_h0.jpg,kyiv,50.233481,30.365392,0,2021-12,streetview
data/images/kyiv/50.233481_30.365392_h90.jpg,kyiv,50.233481,30.365392,90,2021-12,streetview
data/images/kyiv/50.233481_30.365392_h180.jpg,kyiv,50.233481,30.365392,180,2021-12,streetview
data/images/kyiv/50.233481_30.365392_h270.jpg,kyiv,50.233481,30.365392,270,2021-12,streetview
data/images/kyiv/50.427517_30.655262_h0.jpg,kyiv,50.427517,30.655262,0,2021-12,streetview
data/images/kyiv/50.427517_30.655262_h90.jpg,kyiv,50.427517,30.655262,90,2021-12,streetview
data/images/kyiv/50.427517_30.655262_h180.jpg,kyiv,50.427517,30.655262,180,2021-12,streetview
data/images/kyiv/50.427517_30.655262_h270.jpg,kyiv,50.427517,30.655262,270,2021-12,streetview
data/images/kyiv/50.487883_30.49992_h0.jpg,kyiv,50.487883,30.49992,0,2022-01,streetview
data/images/kyiv/50.487883_30.49992_h90.jpg,kyiv,50.487883,30.49992,90,2022-01,streetview
data/images/kyiv/50.487883_30.49992_h180.jpg,kyiv,50.487883,30.49992,180,2022-01,streetview
data/images/kyiv/50.487883_30.49992_h270.jpg,kyiv,50.487883,30.49992,270,2022-01,streetview
data/images/kyiv/50.513755_30.459378_h0.jpg,kyiv,50.513755,30.459378,0,2025-01,streetview
data/images/kyiv/50.513755_30.459378_h90.jpg,kyiv,50.513755,30.459378,90,2025-01,streetview
data/images/kyiv/50.513755_30.459378_h180.jpg,kyiv,50.513755,30.459378,180,2025-01,streetview
data/images/kyiv/50.513755_30.459378_h270.jpg,kyiv,50.513755,30.459378,270,2025-01,streetview
data/images/kyiv/50.380086_30.369163_h0.jpg,kyiv,50.380086,30.369163,0,2021-04,streetview
data/images/kyiv/50.380086_30.369163_h90.jpg,kyiv,50.380086,30.369163,90,2021-04,streetview
data/images/kyiv/50.380086_30.369163_h180.jpg,kyiv,50.380086,30.369163,180,2021-04,streetview
data/images/kyiv/50.380086_30.369163_h270.jpg,kyiv,50.380086,30.369163,270,2021-04,streetview
data/images/kyiv/50.483571_30.632038_h0.jpg,kyiv,50.483571,30.632038,0,2018-03,streetview
data/images/kyiv/50.483571_30.632038_h90.jpg,kyiv,50.483571,30.632038,90,2018-03,streetview
data/images/kyiv/50.483571_30.632038_h180.jpg,kyiv,50.483571,30.632038,180,2018-03,streetview
data/images/kyiv/50.483571_30.632038_h270.jpg,kyiv,50.483571,30.632038,270,2018-03,streetview
data/images/kyiv/50.44692_30.509851_h0.jpg,kyiv,50.44692,30.509851,0,2018-12,streetview
data/images/kyiv/50.44692_30.509851_h90.jpg,kyiv,50.44692,30.509851,90,2018-12,streetview
data/images/kyiv/50.44692_30.509851_h180.jpg,kyiv,50.44692,30.509851,180,2018-12,streetview
data/images/kyiv/50.44692_30.509851_h270.jpg,kyiv,50.44692,30.509851,270,2018-12,streetview
data/images/kyiv/50.437218_30.504718_h0.jpg,kyiv,50.437218,30.504718,0,2019-04,streetview
data/images/kyiv/50.437218_30.504718_h90.jpg,kyiv,50.437218,30.504718,90,2019-04,streetview
data/images/kyiv/50.437218_30.504718_h180.jpg,kyiv,50.437218,30.504718,180,2019-04,streetview
data/images/kyiv/50.437218_30.504718_h270.jpg,kyiv,50.437218,30.504718,270,2019-04,streetview
data/images/kyiv/50.414581_30.529966_h0.jpg,kyiv,50.414581,30.529966,0,2018-10,streetview
data/images/kyiv/50.414581_30.529966_h90.jpg,kyiv,50.414581,30.529966,90,2018-10,streetview
data/images/kyiv/50.414581_30.529966_h180.jpg,kyiv,50.414581,30.529966,180,2018-10,streetview
data/images/kyiv/50.414581_30.529966_h270.jpg,kyiv,50.414581,30.529966,270,2018-10,streetview
data/images/kyiv/50.543938_30.603704_h0.jpg,kyiv,50.543938,30.603704,0,2020-06,streetview
data/images/kyiv/50.543938_30.603704_h90.jpg,kyiv,50.543938,30.603704,90,2020-06,streetview
data/images/kyiv/50.543938_30.603704_h180.jpg,kyiv,50.543938,30.603704,180,2020-06,streetview
data/images/kyiv/50.543938_30.603704_h270.jpg,kyiv,50.543938,30.603704,270,2020-06,streetview
data/images/kyiv/50.405957_30.397987_h0.jpg,kyiv,50.405957,30.397987,0,2021-05,streetview
data/images/kyiv/50.405957_30.397987_h90.jpg,kyiv,50.405957,30.397987,90,2021-05,streetview
data/images/kyiv/50.405957_30.397987_h180.jpg,kyiv,50.405957,30.397987,180,2021-05,streetview
data/images/kyiv/50.405957_30.397987_h270.jpg,kyiv,50.405957,30.397987,270,2021-05,streetview
data/images/kyiv/50.512677_30.522094_h0.jpg,kyiv,50.512677,30.522094,0,2024-08,streetview
data/images/kyiv/50.512677_30.522094_h90.jpg,kyiv,50.512677,30.522094,90,2024-08,streetview
data/images/kyiv/50.512677_30.522094_h180.jpg,kyiv,50.512677,30.522094,180,2024-08,streetview
data/images/kyiv/50.512677_30.522094_h270.jpg,kyiv,50.512677,30.522094,270,2024-08,streetview
data/images/kyiv/50.402723_30.560335_h0.jpg,kyiv,50.402723,30.560335,0,2021-02,streetview
data/images/kyiv/50.402723_30.560335_h90.jpg,kyiv,50.402723,30.560335,90,2021-02,streetview
data/images/kyiv/50.402723_30.560335_h180.jpg,kyiv,50.402723,30.560335,180,2021-02,streetview
data/images/kyiv/50.402723_30.560335_h270.jpg,kyiv,50.402723,30.560335,270,2021-02,streetview
data/images/kyiv/50.424283_30.377745_h0.jpg,kyiv,50.424283,30.377745,0,2020-08,streetview
data/images/kyiv/50.424283_30.377745_h90.jpg,kyiv,50.424283,30.377745,90,2020-08,streetview
data/images/kyiv/50.424283_30.377745_h180.jpg,kyiv,50.424283,30.377745,180,2020-08,streetview
data/images/kyiv/50.424283_30.377745_h270.jpg,kyiv,50.424283,30.377745,270,2020-08,streetview
data/images/kyiv/50.584901_30.488572_h0.jpg,kyiv,50.584901,30.488572,0,2020-11,streetview
data/images/kyiv/50.584901_30.488572_h90.jpg,kyiv,50.584901,30.488572,90,2020-11,streetview
data/images/kyiv/50.584901_30.488572_h180.jpg,kyiv,50.584901,30.488572,180,2020-11,streetview
data/images/kyiv/50.584901_30.488572_h270.jpg,kyiv,50.584901,30.488572,270,2020-11,streetview
data/images/kyiv/50.3941_30.377656_h0.jpg,kyiv,50.3941,30.377656,0,2021-10,streetview
data/images/kyiv/50.3941_30.377656_h90.jpg,kyiv,50.3941,30.377656,90,2021-10,streetview
data/images/kyiv/50.3941_30.377656_h180.jpg,kyiv,50.3941,30.377656,180,2021-10,streetview
data/images/kyiv/50.3941_30.377656_h270.jpg,kyiv,50.3941,30.377656,270,2021-10,streetview
data/images/kyiv/50.437218_30.50641_h0.jpg,kyiv,50.437218,30.50641,0,2021-05,streetview
data/images/kyiv/50.437218_30.50641_h90.jpg,kyiv,50.437218,30.50641,90,2021-05,streetview
data/images/kyiv/50.437218_30.50641_h180.jpg,kyiv,50.437218,30.50641,180,2021-05,streetview
data/images/kyiv/50.437218_30.50641_h270.jpg,kyiv,50.437218,30.50641,270,2021-05,streetview
data/images/kyiv/50.357448_30.478927_h0.jpg,kyiv,50.357448,30.478927,0,2019-06,streetview
data/images/kyiv/50.357448_30.478927_h90.jpg,kyiv,50.357448,30.478927,90,2019-06,streetview
data/images/kyiv/50.357448_30.478927_h180.jpg,kyiv,50.357448,30.478927,180,2019-06,streetview
data/images/kyiv/50.357448_30.478927_h270.jpg,kyiv,50.357448,30.478927,270,2019-06,streetview
data/images/kyiv/50.419971_30.40311_h0.jpg,kyiv,50.419971,30.40311,0,2018-06,streetview
data/images/kyiv/50.419971_30.40311_h90.jpg,kyiv,50.419971,30.40311,90,2018-06,streetview
data/images/kyiv/50.419971_30.40311_h180.jpg,kyiv,50.419971,30.40311,180,2018-06,streetview
data/images/kyiv/50.419971_30.40311_h270.jpg,kyiv,50.419971,30.40311,270,2018-06,streetview
data/images/kyiv/50.425361_30.651859_h0.jpg,kyiv,50.425361,30.651859,0,2020-06,streetview
data/images/kyiv/50.425361_30.651859_h90.jpg,kyiv,50.425361,30.651859,90,2020-06,streetview
data/images/kyiv/50.425361_30.651859_h180.jpg,kyiv,50.425361,30.651859,180,2020-06,streetview
data/images/kyiv/50.425361_30.651859_h270.jpg,kyiv,50.425361,30.651859,270,2020-06,streetview
data/images/kyiv/50.47387_30.532024_h0.jpg,kyiv,50.47387,30.532024,0,2020-08,streetview
data/images/kyiv/50.47387_30.532024_h90.jpg,kyiv,50.47387,30.532024,90,2020-08,streetview
data/images/kyiv/50.47387_30.532024_h180.jpg,kyiv,50.47387,30.532024,180,2020-08,streetview
data/images/kyiv/50.47387_30.532024_h270.jpg,kyiv,50.47387,30.532024,270,2020-08,streetview
data/images/kyiv/50.386554_30.382706_h0.jpg,kyiv,50.386554,30.382706,0,2021-10,streetview
data/images/kyiv/50.386554_30.382706_h90.jpg,kyiv,50.386554,30.382706,90,2021-10,streetview
data/images/kyiv/50.386554_30.382706_h180.jpg,kyiv,50.386554,30.382706,180,2021-10,streetview
data/images/kyiv/50.386554_30.382706_h270.jpg,kyiv,50.386554,30.382706,270,2021-10,streetview
data/images/kyiv/50.485727_30.493131_h0.jpg,kyiv,50.485727,30.493131,0,2021-10,streetview
data/images/kyiv/50.485727_30.493131_h90.jpg,kyiv,50.485727,30.493131,90,2021-10,streetview
data/images/kyiv/50.485727_30.493131_h180.jpg,kyiv,50.485727,30.493131,180,2021-10,streetview
data/images/kyiv/50.485727_30.493131_h270.jpg,kyiv,50.485727,30.493131,270,2021-10,streetview
data/images/kyiv/50.432907_30.37777_h0.jpg,kyiv,50.432907,30.37777,0,2019-05,streetview
data/images/kyiv/50.432907_30.37777_h90.jpg,kyiv,50.432907,30.37777,90,2019-05,streetview
data/images/kyiv/50.432907_30.37777_h180.jpg,kyiv,50.432907,30.37777,180,2019-05,streetview
data/images/kyiv/50.432907_30.37777_h270.jpg,kyiv,50.432907,30.37777,270,2019-05,streetview
data/images/kyiv/50.466324_30.643749_h0.jpg,kyiv,50.466324,30.643749,0,2019-05,streetview
data/images/kyiv/50.466324_30.643749_h90.jpg,kyiv,50.466324,30.643749,90,2019-05,streetview
data/images/kyiv/50.466324_30.643749_h180.jpg,kyiv,50.466324,30.643749,180,2019-05,streetview
data/images/kyiv/50.466324_30.643749_h270.jpg,kyiv,50.466324,30.643749,270,2019-05,streetview
data/images/kyiv/50.484649_30.593081_h0.jpg,kyiv,50.484649,30.593081,0,2019-05,streetview
data/images/kyiv/50.484649_30.593081_h90.jpg,kyiv,50.484649,30.593081,90,2019-05,streetview
data/images/kyiv/50.484649_30.593081_h180.jpg,kyiv,50.484649,30.593081,180,2019-05,streetview
data/images/kyiv/50.484649_30.593081_h270.jpg,kyiv,50.484649,30.593081,270,2019-05,streetview
data/images/kyiv/50.423205_30.689064_h0.jpg,kyiv,50.423205,30.689064,0,2021-11,streetview
data/images/kyiv/50.423205_30.689064_h90.jpg,kyiv,50.423205,30.689064,90,2021-11,streetview
data/images/kyiv/50.423205_30.689064_h180.jpg,kyiv,50.423205,30.689064,180,2021-11,streetview
data/images/kyiv/50.423205_30.689064_h270.jpg,kyiv,50.423205,30.689064,270,2021-11,streetview
data/images/kyiv/50.417815_30.655177_h0.jpg,kyiv,50.417815,30.655177,0,2018-04,streetview
data/images/kyiv/50.417815_30.655177_h90.jpg,kyiv,50.417815,30.655177,90,2018-04,streetview
data/images/kyiv/50.417815_30.655177_h180.jpg,kyiv,50.417815,30.655177,180,2018-04,streetview
data/images/kyiv/50.417815_30.655177_h270.jpg,kyiv,50.417815,30.655177,270,2018-04,streetview
data/images/kyiv/50.417815_30.528294_h0.jpg,kyiv,50.417815,30.528294,0,2018-11,streetview
data/images/kyiv/50.417815_30.528294_h90.jpg,kyiv,50.417815,30.528294,90,2018-11,streetview
data/images/kyiv/50.417815_30.528294_h180.jpg,kyiv,50.417815,30.528294,180,2018-11,streetview
data/images/kyiv/50.417815_30.528294_h270.jpg,kyiv,50.417815,30.528294,270,2018-11,streetview
data/images/kyiv/50.455544_30.613181_h0.jpg,kyiv,50.455544,30.613181,0,2025-03,streetview
data/images/kyiv/50.455544_30.613181_h90.jpg,kyiv,50.455544,30.613181,90,2025-03,streetview
data/images/kyiv/50.455544_30.613181_h180.jpg,kyiv,50.455544,30.613181,180,2025-03,streetview
data/images/kyiv/50.455544_30.613181_h270.jpg,kyiv,50.455544,30.613181,270,2025-03,streetview
data/images/kyiv/50.453388_30.328732_h0.jpg,kyiv,50.453388,30.328732,0,2019-07,streetview
data/images/kyiv/50.453388_30.328732_h90.jpg,kyiv,50.453388,30.328732,90,2019-07,streetview
data/images/kyiv/50.453388_30.328732_h180.jpg,kyiv,50.453388,30.328732,180,2019-07,streetview
data/images/kyiv/50.453388_30.328732_h270.jpg,kyiv,50.453388,30.328732,270,2019-07,streetview
data/images/kyiv/50.407035_30.634786_h0.jpg,kyiv,50.407035,30.634786,0,2018-05,streetview
data/images/kyiv/50.407035_30.634786_h90.jpg,kyiv,50.407035,30.634786,90,2018-05,streetview
data/images/kyiv/50.407035_30.634786_h180.jpg,kyiv,50.407035,30.634786,180,2018-05,streetview
data/images/kyiv/50.407035_30.634786_h270.jpg,kyiv,50.407035,30.634786,270,2018-05,streetview
data/images/kyiv/50.402723_30.374299_h0.jpg,kyiv,50.402723,30.374299,0,2025-06,streetview
data/images/kyiv/50.402723_30.374299_h90.jpg,kyiv,50.402723,30.374299,90,2025-06,streetview
data/images/kyiv/50.402723_30.374299_h180.jpg,kyiv,50.402723,30.374299,180,2025-06,streetview
data/images/kyiv/50.402723_30.374299_h270.jpg,kyiv,50.402723,30.374299,270,2025-06,streetview
data/images/kyiv/50.46309_30.374472_h0.jpg,kyiv,50.46309,30.374472,0,2018-10,streetview
data/images/kyiv/50.46309_30.374472_h90.jpg,kyiv,50.46309,30.374472,90,2018-10,streetview
data/images/kyiv/50.46309_30.374472_h180.jpg,kyiv,50.46309,30.374472,180,2018-10,streetview
data/images/kyiv/50.46309_30.374472_h270.jpg,kyiv,50.46309,30.374472,270,2018-10,streetview
data/images/kyiv/50.354215_30.436673_h0.jpg,kyiv,50.354215,30.436673,0,2025-06,streetview
data/images/kyiv/50.354215_30.436673_h90.jpg,kyiv,50.354215,30.436673,90,2025-06,streetview
data/images/kyiv/50.354215_30.436673_h180.jpg,kyiv,50.354215,30.436673,180,2025-06,streetview
data/images/kyiv/50.354215_30.436673_h270.jpg,kyiv,50.354215,30.436673,270,2025-06,streetview
data/images/kyiv/50.4577_30.426945_h0.jpg,kyiv,50.4577,30.426945,0,2019-03,streetview
data/images/kyiv/50.4577_30.426945_h90.jpg,kyiv,50.4577,30.426945,90,2019-03,streetview
data/images/kyiv/50.4577_30.426945_h180.jpg,kyiv,50.4577,30.426945,180,2019-03,streetview
data/images/kyiv/50.4577_30.426945_h270.jpg,kyiv,50.4577,30.426945,270,2019-03,streetview
data/images/kyiv/50.421049_30.469097_h0.jpg,kyiv,50.421049,30.469097,0,2021-07,streetview
data/images/kyiv/50.421049_30.469097_h90.jpg,kyiv,50.421049,30.469097,90,2021-07,streetview
data/images/kyiv/50.421049_30.469097_h180.jpg,kyiv,50.421049,30.469097,180,2021-07,streetview
data/images/kyiv/50.421049_30.469097_h270.jpg,kyiv,50.421049,30.469097,270,2021-07,streetview
data/images/kyiv/50.398411_30.323554_h0.jpg,kyiv,50.398411,30.323554,0,2019-08,streetview
data/images/kyiv/50.398411_30.323554_h90.jpg,kyiv,50.398411,30.323554,90,2019-08,streetview
data/images/kyiv/50.398411_30.323554_h180.jpg,kyiv,50.398411,30.323554,180,2019-08,streetview
data/images/kyiv/50.398411_30.323554_h270.jpg,kyiv,50.398411,30.323554,270,2019-08,streetview
data/images/kyiv/50.403801_30.54343_h0.jpg,kyiv,50.403801,30.54343,0,2021-03,streetview
data/images/kyiv/50.403801_30.54343_h90.jpg,kyiv,50.403801,30.54343,90,2021-03,streetview
data/images/kyiv/50.403801_30.54343_h180.jpg,kyiv,50.403801,30.54343,180,2021-03,streetview
data/images/kyiv/50.403801_30.54343_h270.jpg,kyiv,50.403801,30.54343,270,2021-03,streetview
data/images/kyiv/50.354215_30.732337_h0.jpg,kyiv,50.354215,30.732337,0,2020-08,streetview
data/images/kyiv/50.354215_30.732337_h90.jpg,kyiv,50.354215,30.732337,90,2020-08,streetview
data/images/kyiv/50.354215_30.732337_h180.jpg,kyiv,50.354215,30.732337,180,2020-08,streetview
data/images/kyiv/50.354215_30.732337_h270.jpg,kyiv,50.354215,30.732337,270,2020-08,streetview
data/images/kyiv/50.494351_30.462676_h0.jpg,kyiv,50.494351,30.462676,0,2025-11,streetview
data/images/kyiv/50.494351_30.462676_h90.jpg,kyiv,50.494351,30.462676,90,2025-11,streetview
data/images/kyiv/50.494351_30.462676_h180.jpg,kyiv,50.494351,30.462676,180,2025-11,streetview
data/images/kyiv/50.494351_30.462676_h270.jpg,kyiv,50.494351,30.462676,270,2025-11,streetview
data/images/kyiv/50.375774_30.379293_h0.jpg,kyiv,50.375774,30.379293,0,2018-11,streetview
data/images/kyiv/50.375774_30.379293_h90.jpg,kyiv,50.375774,30.379293,90,2018-11,streetview
data/images/kyiv/50.375774_30.379293_h180.jpg,kyiv,50.375774,30.379293,180,2018-11,streetview
data/images/kyiv/50.375774_30.379293_h270.jpg,kyiv,50.375774,30.379293,270,2018-11,streetview
data/images/kyiv/50.419971_30.519848_h0.jpg,kyiv,50.419971,30.519848,0,2019-04,streetview
data/images/kyiv/50.419971_30.519848_h90.jpg,kyiv,50.419971,30.519848,90,2019-04,streetview
data/images/kyiv/50.419971_30.519848_h180.jpg,kyiv,50.419971,30.519848,180,2019-04,streetview
data/images/kyiv/50.419971_30.519848_h270.jpg,kyiv,50.419971,30.519848,270,2019-04,streetview
data/images/kyiv/50.408113_30.634795_h0.jpg,kyiv,50.408113,30.634795,0,2018-12,streetview
data/images/kyiv/50.408113_30.634795_h90.jpg,kyiv,50.408113,30.634795,90,2018-12,streetview
data/images/kyiv/50.408113_30.634795_h180.jpg,kyiv,50.408113,30.634795,180,2018-12,streetview
data/images/kyiv/50.408113_30.634795_h270.jpg,kyiv,50.408113,30.634795,270,2018-12,streetview
data/images/kyiv/50.2766_30.699484_h0.jpg,kyiv,50.2766,30.699484,0,2019-11,streetview
data/images/kyiv/50.2766_30.699484_h90.jpg,kyiv,50.2766,30.699484,90,2019-11,streetview
data/images/kyiv/50.2766_30.699484_h180.jpg,kyiv,50.2766,30.699484,180,2019-11,streetview
data/images/kyiv/50.2766_30.699484_h270.jpg,kyiv,50.2766,30.699484,270,2019-11,streetview
data/images/kyiv/50.493273_30.323724_h0.jpg,kyiv,50.493273,30.323724,0,2019-03,streetview
data/images/kyiv/50.493273_30.323724_h90.jpg,kyiv,50.493273,30.323724,90,2019-03,streetview
data/images/kyiv/50.493273_30.323724_h180.jpg,kyiv,50.493273,30.323724,180,2019-03,streetview
data/images/kyiv/50.493273_30.323724_h270.jpg,kyiv,50.493273,30.323724,270,2019-03,streetview
data/images/kyiv/50.539626_30.651162_h0.jpg,kyiv,50.539626,30.651162,0,2020-06,streetview
data/images/kyiv/50.539626_30.651162_h90.jpg,kyiv,50.539626,30.651162,90,2020-06,streetview
data/images/kyiv/50.539626_30.651162_h180.jpg,kyiv,50.539626,30.651162,180,2020-06,streetview
data/images/kyiv/50.539626_30.651162_h270.jpg,kyiv,50.539626,30.651162,270,2020-06,streetview
data/images/kyiv/50.412425_30.447065_h0.jpg,kyiv,50.412425,30.447065,0,2019-03,streetview
data/images/kyiv/50.412425_30.447065_h90.jpg,kyiv,50.412425,30.447065,90,2019-03,streetview
data/images/kyiv/50.412425_30.447065_h180.jpg,kyiv,50.412425,30.447065,180,2019-03,streetview
data/images/kyiv/50.412425_30.447065_h270.jpg,kyiv,50.412425,30.447065,270,2019-03,streetview
data/images/kyiv/50.403801_30.638141_h0.jpg,kyiv,50.403801,30.638141,0,2020-09,streetview
data/images/kyiv/50.403801_30.638141_h90.jpg,kyiv,50.403801,30.638141,90,2020-09,streetview
data/images/kyiv/50.403801_30.638141_h180.jpg,kyiv,50.403801,30.638141,180,2020-09,streetview
data/images/kyiv/50.403801_30.638141_h270.jpg,kyiv,50.403801,30.638141,270,2020-09,streetview
data/images/kyiv/50.476026_30.486303_h0.jpg,kyiv,50.476026,30.486303,0,2019-10,streetview
data/images/kyiv/50.476026_30.486303_h90.jpg,kyiv,50.476026,30.486303,90,2019-10,streetview
data/images/kyiv/50.476026_30.486303_h180.jpg,kyiv,50.476026,30.486303,180,2019-10,streetview
data/images/kyiv/50.476026_30.486303_h270.jpg,kyiv,50.476026,30.486303,270,2019-10,streetview
data/images/kyiv/50.519144_30.584863_h0.jpg,kyiv,50.519144,30.584863,0,2020-04,streetview
data/images/kyiv/50.519144_30.584863_h90.jpg,kyiv,50.519144,30.584863,90,2020-04,streetview
data/images/kyiv/50.519144_30.584863_h180.jpg,kyiv,50.519144,30.584863,180,2020-04,streetview
data/images/kyiv/50.519144_30.584863_h270.jpg,kyiv,50.519144,30.584863,270,2020-04,streetview
data/images/kyiv/50.239949_30.737895_h0.jpg,kyiv,50.239949,30.737895,0,2019-11,streetview
data/images/kyiv/50.239949_30.737895_h90.jpg,kyiv,50.239949,30.737895,90,2019-11,streetview
data/images/kyiv/50.239949_30.737895_h180.jpg,kyiv,50.239949,30.737895,180,2019-11,streetview
data/images/kyiv/50.239949_30.737895_h270.jpg,kyiv,50.239949,30.737895,270,2019-11,streetview
data/images/kyiv/50.554718_30.349285_h0.jpg,kyiv,50.554718,30.349285,0,2018-10,streetview
data/images/kyiv/50.554718_30.349285_h90.jpg,kyiv,50.554718,30.349285,90,2018-10,streetview
data/images/kyiv/50.554718_30.349285_h180.jpg,kyiv,50.554718,30.349285,180,2018-10,streetview
data/images/kyiv/50.554718_30.349285_h270.jpg,kyiv,50.554718,30.349285,270,2018-10,streetview
data/images/kyiv/50.4577_30.631823_h0.jpg,kyiv,50.4577,30.631823,0,2019-03,streetview
data/images/kyiv/50.4577_30.631823_h90.jpg,kyiv,50.4577,30.631823,90,2019-03,streetview
data/images/kyiv/50.4577_30.631823_h180.jpg,kyiv,50.4577,30.631823,180,2019-03,streetview
data/images/kyiv/50.4577_30.631823_h270.jpg,kyiv,50.4577,30.631823,270,2019-03,streetview
data/images/kyiv/50.496507_30.432184_h0.jpg,kyiv,50.496507,30.432184,0,2019-04,streetview
data/images/kyiv/50.496507_30.432184_h90.jpg,kyiv,50.496507,30.432184,90,2019-04,streetview
data/images/kyiv/50.496507_30.432184_h180.jpg,kyiv,50.496507,30.432184,180,2019-04,streetview
data/images/kyiv/50.496507_30.432184_h270.jpg,kyiv,50.496507,30.432184,270,2019-04,streetview
data/images/kyiv/50.427517_30.464052_h0.jpg,kyiv,50.427517,30.464052,0,2019-03,streetview
data/images/kyiv/50.427517_30.464052_h90.jpg,kyiv,50.427517,30.464052,90,2019-03,streetview
data/images/kyiv/50.427517_30.464052_h180.jpg,kyiv,50.427517,30.464052,180,2019-03,streetview
data/images/kyiv/50.427517_30.464052_h270.jpg,kyiv,50.427517,30.464052,270,2019-03,streetview
data/images/kyiv/50.363916_30.558382_h0.jpg,kyiv,50.363916,30.558382,0,2021-04,streetview
data/images/kyiv/50.363916_30.558382_h90.jpg,kyiv,50.363916,30.558382,90,2021-04,streetview
data/images/kyiv/50.363916_30.558382_h180.jpg,kyiv,50.363916,30.558382,180,2021-04,streetview
data/images/kyiv/50.363916_30.558382_h270.jpg,kyiv,50.363916,30.558382,270,2021-04,streetview
data/images/kyiv/50.522378_30.457722_h0.jpg,kyiv,50.522378,30.457722,0,2024-12,streetview
data/images/kyiv/50.522378_30.457722_h90.jpg,kyiv,50.522378,30.457722,90,2024-12,streetview
data/images/kyiv/50.522378_30.457722_h180.jpg,kyiv,50.522378,30.457722,180,2024-12,streetview
data/images/kyiv/50.522378_30.457722_h270.jpg,kyiv,50.522378,30.457722,270,2024-12,streetview
data/images/kyiv/50.490039_30.423685_h0.jpg,kyiv,50.490039,30.423685,0,2019-04,streetview
data/images/kyiv/50.490039_30.423685_h90.jpg,kyiv,50.490039,30.423685,90,2019-04,streetview
data/images/kyiv/50.490039_30.423685_h180.jpg,kyiv,50.490039,30.423685,180,2019-04,streetview
data/images/kyiv/50.490039_30.423685_h270.jpg,kyiv,50.490039,30.423685,270,2019-04,streetview
data/images/kyiv/50.386554_30.470621_h0.jpg,kyiv,50.386554,30.470621,0,2018-09,streetview
data/images/kyiv/50.386554_30.470621_h90.jpg,kyiv,50.386554,30.470621,90,2018-09,streetview
data/images/kyiv/50.386554_30.470621_h180.jpg,kyiv,50.386554,30.470621,180,2018-09,streetview
data/images/kyiv/50.386554_30.470621_h270.jpg,kyiv,50.386554,30.470621,270,2018-09,streetview
data/images/kyiv/50.449076_30.457383_h0.jpg,kyiv,50.449076,30.457383,0,2021-05,streetview
data/images/kyiv/50.449076_30.457383_h90.jpg,kyiv,50.449076,30.457383,90,2021-05,streetview
data/images/kyiv/50.449076_30.457383_h180.jpg,kyiv,50.449076,30.457383,180,2021-05,streetview
data/images/kyiv/50.449076_30.457383_h270.jpg,kyiv,50.449076,30.457383,270,2021-05,streetview
data/images/kyiv/50.483571_30.401636_h0.jpg,kyiv,50.483571,30.401636,0,2019-04,streetview
data/images/kyiv/50.483571_30.401636_h90.jpg,kyiv,50.483571,30.401636,90,2019-04,streetview
data/images/kyiv/50.483571_30.401636_h180.jpg,kyiv,50.483571,30.401636,180,2019-04,streetview
data/images/kyiv/50.483571_30.401636_h270.jpg,kyiv,50.483571,30.401636,270,2019-04,streetview
data/images/kyiv/50.535314_30.591765_h0.jpg,kyiv,50.535314,30.591765,0,2020-06,streetview
data/images/kyiv/50.535314_30.591765_h90.jpg,kyiv,50.535314,30.591765,90,2020-06,streetview
data/images/kyiv/50.535314_30.591765_h180.jpg,kyiv,50.535314,30.591765,180,2020-06,streetview
data/images/kyiv/50.535314_30.591765_h270.jpg,kyiv,50.535314,30.591765,270,2020-06,streetview
data/images/kyiv/50.416737_30.39464_h0.jpg,kyiv,50.416737,30.39464,0,2020-09,streetview
data/images/kyiv/50.416737_30.39464_h90.jpg,kyiv,50.416737,30.39464,90,2020-09,streetview
data/images/kyiv/50.416737_30.39464_h180.jpg,kyiv,50.416737,30.39464,180,2020-09,streetview
data/images/kyiv/50.416737_30.39464_h270.jpg,kyiv,50.416737,30.39464,270,2020-09,streetview
data/images/kyiv/50.443686_30.635092_h0.jpg,kyiv,50.443686,30.635092,0,2026-01,streetview
data/images/kyiv/50.443686_30.635092_h90.jpg,kyiv,50.443686,30.635092,90,2026-01,streetview
data/images/kyiv/50.443686_30.635092_h180.jpg,kyiv,50.443686,30.635092,180,2026-01,streetview
data/images/kyiv/50.443686_30.635092_h270.jpg,kyiv,50.443686,30.635092,270,2026-01,streetview
data/images/kyiv/50.380086_30.446923_h0.jpg,kyiv,50.380086,30.446923,0,2019-10,streetview
data/images/kyiv/50.380086_30.446923_h90.jpg,kyiv,50.380086,30.446923,90,2019-10,streetview
data/images/kyiv/50.380086_30.446923_h180.jpg,kyiv,50.380086,30.446923,180,2019-10,streetview
data/images/kyiv/50.380086_30.446923_h270.jpg,kyiv,50.380086,30.446923,270,2019-10,streetview
data/images/kyiv/50.3941_30.502785_h0.jpg,kyiv,50.3941,30.502785,0,2025-06,streetview
data/images/kyiv/50.3941_30.502785_h90.jpg,kyiv,50.3941,30.502785,90,2025-06,streetview
data/images/kyiv/50.3941_30.502785_h180.jpg,kyiv,50.3941,30.502785,180,2025-06,streetview
data/images/kyiv/50.3941_30.502785_h270.jpg,kyiv,50.3941,30.502785,270,2025-06,streetview
data/images/kyiv/50.465246_30.347382_h0.jpg,kyiv,50.465246,30.347382,0,2019-08,streetview
data/images/kyiv/50.465246_30.347382_h90.jpg,kyiv,50.465246,30.347382,90,2019-08,streetview
data/images/kyiv/50.465246_30.347382_h180.jpg,kyiv,50.465246,30.347382,180,2019-08,streetview
data/images/kyiv/50.465246_30.347382_h270.jpg,kyiv,50.465246,30.347382,270,2019-08,streetview
data/images/kyiv/50.379008_30.386064_h0.jpg,kyiv,50.379008,30.386064,0,2018-05,streetview
data/images/kyiv/50.379008_30.386064_h90.jpg,kyiv,50.379008,30.386064,90,2018-05,streetview
data/images/kyiv/50.379008_30.386064_h180.jpg,kyiv,50.379008,30.386064,180,2018-05,streetview
data/images/kyiv/50.379008_30.386064_h270.jpg,kyiv,50.379008,30.386064,270,2018-05,streetview
data/images/kyiv/50.470636_30.472726_h0.jpg,kyiv,50.470636,30.472726,0,2021-07,streetview
data/images/kyiv/50.470636_30.472726_h90.jpg,kyiv,50.470636,30.472726,90,2021-07,streetview
data/images/kyiv/50.470636_30.472726_h180.jpg,kyiv,50.470636,30.472726,180,2021-07,streetview
data/images/kyiv/50.470636_30.472726_h270.jpg,kyiv,50.470636,30.472726,270,2021-07,streetview
data/images/kyiv/50.371462_30.607447_h0.jpg,kyiv,50.371462,30.607447,0,2019-08,streetview
data/images/kyiv/50.371462_30.607447_h90.jpg,kyiv,50.371462,30.607447,90,2019-08,streetview
data/images/kyiv/50.371462_30.607447_h180.jpg,kyiv,50.371462,30.607447,180,2019-08,streetview
data/images/kyiv/50.371462_30.607447_h270.jpg,kyiv,50.371462,30.607447,270,2019-08,streetview
data/images/kyiv/50.405957_30.611098_h0.jpg,kyiv,50.405957,30.611098,0,2019-09,streetview
data/images/kyiv/50.405957_30.611098_h90.jpg,kyiv,50.405957,30.611098,90,2019-09,streetview
data/images/kyiv/50.405957_30.611098_h180.jpg,kyiv,50.405957,30.611098,180,2019-09,streetview
data/images/kyiv/50.405957_30.611098_h270.jpg,kyiv,50.405957,30.611098,270,2019-09,streetview
data/images/kyiv/50.44692_30.640198_h0.jpg,kyiv,50.44692,30.640198,0,2018-05,streetview
data/images/kyiv/50.44692_30.640198_h90.jpg,kyiv,50.44692,30.640198,90,2018-05,streetview
data/images/kyiv/50.44692_30.640198_h180.jpg,kyiv,50.44692,30.640198,180,2018-05,streetview
data/images/kyiv/50.44692_30.640198_h270.jpg,kyiv,50.44692,30.640198,270,2018-05,streetview
data/images/kyiv/50.469558_30.516755_h0.jpg,kyiv,50.469558,30.516755,0,2021-07,streetview
data/images/kyiv/50.469558_30.516755_h90.jpg,kyiv,50.469558,30.516755,90,2021-07,streetview
data/images/kyiv/50.469558_30.516755_h180.jpg,kyiv,50.469558,30.516755,180,2021-07,streetview
data/images/kyiv/50.469558_30.516755_h270.jpg,kyiv,50.469558,30.516755,270,2021-07,streetview
data/images/kyiv/50.304628_30.667688_h0.jpg,kyiv,50.304628,30.667688,0,2019-11,streetview
data/images/kyiv/50.304628_30.667688_h90.jpg,kyiv,50.304628,30.667688,90,2019-11,streetview
data/images/kyiv/50.304628_30.667688_h180.jpg,kyiv,50.304628,30.667688,180,2019-11,streetview
data/images/kyiv/50.304628_30.667688_h270.jpg,kyiv,50.304628,30.667688,270,2019-11,streetview
data/images/kyiv/50.471714_30.352478_h0.jpg,kyiv,50.471714,30.352478,0,2018-04,streetview
data/images/kyiv/50.471714_30.352478_h90.jpg,kyiv,50.471714,30.352478,90,2018-04,streetview
data/images/kyiv/50.471714_30.352478_h180.jpg,kyiv,50.471714,30.352478,180,2018-04,streetview
data/images/kyiv/50.471714_30.352478_h270.jpg,kyiv,50.471714,30.352478,270,2018-04,streetview
data/images/kyiv/50.478181_30.637075_h0.jpg,kyiv,50.478181,30.637075,0,2019-05,streetview
data/images/kyiv/50.478181_30.637075_h90.jpg,kyiv,50.478181,30.637075,90,2019-05,streetview
data/images/kyiv/50.478181_30.637075_h180.jpg,kyiv,50.478181,30.637075,180,2019-05,streetview
data/images/kyiv/50.478181_30.637075_h270.jpg,kyiv,50.478181,30.637075,270,2019-05,streetview
data/images/kyiv/50.391944_30.474029_h0.jpg,kyiv,50.391944,30.474029,0,2019-09,streetview
data/images/kyiv/50.391944_30.474029_h90.jpg,kyiv,50.391944,30.474029,90,2019-09,streetview
data/images/kyiv/50.391944_30.474029_h180.jpg,kyiv,50.391944,30.474029,180,2019-09,streetview
data/images/kyiv/50.391944_30.474029_h270.jpg,kyiv,50.391944,30.474029,270,2019-09,streetview
data/images/kyiv/50.38871_30.397929_h0.jpg,kyiv,50.38871,30.397929,0,2021-05,streetview
data/images/kyiv/50.38871_30.397929_h90.jpg,kyiv,50.38871,30.397929,90,2021-05,streetview
data/images/kyiv/50.38871_30.397929_h180.jpg,kyiv,50.38871,30.397929,180,2021-05,streetview
data/images/kyiv/50.38871_30.397929_h270.jpg,kyiv,50.38871,30.397929,270,2021-05,streetview
data/images/kyiv/50.3941_30.468966_h0.jpg,kyiv,50.3941,30.468966,0,2018-11,streetview
data/images/kyiv/50.3941_30.468966_h90.jpg,kyiv,50.3941,30.468966,90,2018-11,streetview
data/images/kyiv/50.3941_30.468966_h180.jpg,kyiv,50.3941,30.468966,180,2018-11,streetview
data/images/kyiv/50.3941_30.468966_h270.jpg,kyiv,50.3941,30.468966,270,2018-11,streetview
data/images/kyiv/50.531002_30.622258_h0.jpg,kyiv,50.531002,30.622258,0,2025-09,streetview
data/images/kyiv/50.531002_30.622258_h90.jpg,kyiv,50.531002,30.622258,90,2025-09,streetview
data/images/kyiv/50.531002_30.622258_h180.jpg,kyiv,50.531002,30.622258,180,2025-09,streetview
data/images/kyiv/50.531002_30.622258_h270.jpg,kyiv,50.531002,30.622258,270,2025-09,streetview
data/images/kyiv/50.437218_30.525027_h0.jpg,kyiv,50.437218,30.525027,0,2018-07,streetview
data/images/kyiv/50.437218_30.525027_h90.jpg,kyiv,50.437218,30.525027,90,2018-07,streetview
data/images/kyiv/50.437218_30.525027_h180.jpg,kyiv,50.437218,30.525027,180,2018-07,streetview
data/images/kyiv/50.437218_30.525027_h270.jpg,kyiv,50.437218,30.525027,270,2018-07,streetview
data/images/kyiv/50.405957_30.634777_h0.jpg,kyiv,50.405957,30.634777,0,2020-01,streetview
data/images/kyiv/50.405957_30.634777_h90.jpg,kyiv,50.405957,30.634777,90,2020-01,streetview
data/images/kyiv/50.405957_30.634777_h180.jpg,kyiv,50.405957,30.634777,180,2020-01,streetview
data/images/kyiv/50.405957_30.634777_h270.jpg,kyiv,50.405957,30.634777,270,2020-01,streetview
data/images/kyiv/50.408113_30.430132_h0.jpg,kyiv,50.408113,30.430132,0,2019-03,streetview
data/images/kyiv/50.408113_30.430132_h90.jpg,kyiv,50.408113,30.430132,90,2019-03,streetview
data/images/kyiv/50.408113_30.430132_h180.jpg,kyiv,50.408113,30.430132,180,2019-03,streetview
data/images/kyiv/50.408113_30.430132_h270.jpg,kyiv,50.408113,30.430132,270,2019-03,streetview
data/images/kyiv/50.512677_30.510228_h0.jpg,kyiv,50.512677,30.510228,0,2019-08,streetview
data/images/kyiv/50.512677_30.510228_h90.jpg,kyiv,50.512677,30.510228,90,2019-08,streetview
data/images/kyiv/50.512677_30.510228_h180.jpg,kyiv,50.512677,30.510228,180,2019-08,streetview
data/images/kyiv/50.512677_30.510228_h270.jpg,kyiv,50.512677,30.510228,270,2019-08,streetview
data/images/kyiv/50.395178_30.60594_h0.jpg,kyiv,50.395178,30.60594,0,2024-04,streetview
data/images/kyiv/50.395178_30.60594_h90.jpg,kyiv,50.395178,30.60594,90,2024-04,streetview
data/images/kyiv/50.395178_30.60594_h180.jpg,kyiv,50.395178,30.60594,180,2024-04,streetview
data/images/kyiv/50.395178_30.60594_h270.jpg,kyiv,50.395178,30.60594,270,2024-04,streetview
data/images/kyiv/50.562263_30.692087_h0.jpg,kyiv,50.562263,30.692087,0,2019-07,streetview
data/images/kyiv/50.562263_30.692087_h90.jpg,kyiv,50.562263,30.692087,90,2019-07,streetview
data/images/kyiv/50.562263_30.692087_h180.jpg,kyiv,50.562263,30.692087,180,2019-07,streetview
data/images/kyiv/50.562263_30.692087_h270.jpg,kyiv,50.562263,30.692087,270,2019-07,streetview
data/images/kyiv/50.490039_30.337273_h0.jpg,kyiv,50.490039,30.337273,0,2019-07,streetview
data/images/kyiv/50.490039_30.337273_h90.jpg,kyiv,50.490039,30.337273,90,2019-07,streetview
data/images/kyiv/50.490039_30.337273_h180.jpg,kyiv,50.490039,30.337273,180,2019-07,streetview
data/images/kyiv/50.490039_30.337273_h270.jpg,kyiv,50.490039,30.337273,270,2019-07,streetview
data/images/kyiv/50.386554_30.391159_h0.jpg,kyiv,50.386554,30.391159,0,2019-08,streetview
data/images/kyiv/50.386554_30.391159_h90.jpg,kyiv,50.386554,30.391159,90,2019-08,streetview
data/images/kyiv/50.386554_30.391159_h180.jpg,kyiv,50.386554,30.391159,180,2019-08,streetview
data/images/kyiv/50.386554_30.391159_h270.jpg,kyiv,50.386554,30.391159,270,2019-08,streetview
data/images/kyiv/50.429673_30.430219_h0.jpg,kyiv,50.429673,30.430219,0,2019-11,streetview
data/images/kyiv/50.429673_30.430219_h90.jpg,kyiv,50.429673,30.430219,90,2019-11,streetview
data/images/kyiv/50.429673_30.430219_h180.jpg,kyiv,50.429673,30.430219,180,2019-11,streetview
data/images/kyiv/50.429673_30.430219_h270.jpg,kyiv,50.429673,30.430219,270,2019-11,streetview
data/images/kyiv/50.38871_30.780036_h0.jpg,kyiv,50.38871,30.780036,0,2021-05,streetview
data/images/kyiv/50.38871_30.780036_h90.jpg,kyiv,50.38871,30.780036,90,2021-05,streetview
data/images/kyiv/50.38871_30.780036_h180.jpg,kyiv,50.38871,30.780036,180,2021-05,streetview
data/images/kyiv/50.38871_30.780036_h270.jpg,kyiv,50.38871,30.780036,270,2021-05,streetview
data/images/kyiv/50.345591_30.72549_h0.jpg,kyiv,50.345591,30.72549,0,2021-10,streetview
data/images/kyiv/50.345591_30.72549_h90.jpg,kyiv,50.345591,30.72549,90,2021-10,streetview
data/images/kyiv/50.345591_30.72549_h180.jpg,kyiv,50.345591,30.72549,180,2021-10,streetview
data/images/kyiv/50.345591_30.72549_h270.jpg,kyiv,50.345591,30.72549,270,2021-10,streetview
data/images/kyiv/50.502975_30.416957_h0.jpg,kyiv,50.502975,30.416957,0,2025-01,streetview
data/images/kyiv/50.502975_30.416957_h90.jpg,kyiv,50.502975,30.416957,90,2025-01,streetview
data/images/kyiv/50.502975_30.416957_h180.jpg,kyiv,50.502975,30.416957,180,2025-01,streetview
data/images/kyiv/50.502975_30.416957_h270.jpg,kyiv,50.502975,30.416957,270,2025-01,streetview
data/images/kyiv/50.403801_30.529899_h0.jpg,kyiv,50.403801,30.529899,0,2019-03,streetview
data/images/kyiv/50.403801_30.529899_h90.jpg,kyiv,50.403801,30.529899,90,2019-03,streetview
data/images/kyiv/50.403801_30.529899_h180.jpg,kyiv,50.403801,30.529899,180,2019-03,streetview
data/images/kyiv/50.403801_30.529899_h270.jpg,kyiv,50.403801,30.529899,270,2019-03,streetview
data/images/kyiv/50.259353_30.544192_h0.jpg,kyiv,50.259353,30.544192,0,2021-05,streetview
data/images/kyiv/50.259353_30.544192_h90.jpg,kyiv,50.259353,30.544192,90,2021-05,streetview
data/images/kyiv/50.259353_30.544192_h180.jpg,kyiv,50.259353,30.544192,180,2021-05,streetview
data/images/kyiv/50.259353_30.544192_h270.jpg,kyiv,50.259353,30.544192,270,2021-05,streetview
data/images/kyiv/50.37254_30.44858_h0.jpg,kyiv,50.37254,30.44858,0,2025-03,streetview
data/images/kyiv/50.37254_30.44858_h90.jpg,kyiv,50.37254,30.44858,90,2025-03,streetview
data/images/kyiv/50.37254_30.44858_h180.jpg,kyiv,50.37254,30.44858,180,2025-03,streetview
data/images/kyiv/50.37254_30.44858_h270.jpg,kyiv,50.37254,30.44858,270,2025-03,streetview
data/images/kyiv/50.413503_30.546875_h0.jpg,kyiv,50.413503,30.546875,0,2021-09,streetview
data/images/kyiv/50.413503_30.546875_h90.jpg,kyiv,50.413503,30.546875,90,2021-09,streetview
data/images/kyiv/50.413503_30.546875_h180.jpg,kyiv,50.413503,30.546875,180,2021-09,streetview
data/images/kyiv/50.413503_30.546875_h270.jpg,kyiv,50.413503,30.546875,270,2021-09,streetview
data/images/kyiv/50.437218_30.545337_h0.jpg,kyiv,50.437218,30.545337,0,2018-03,streetview
data/images/kyiv/50.437218_30.545337_h90.jpg,kyiv,50.437218,30.545337,90,2018-03,streetview
data/images/kyiv/50.437218_30.545337_h180.jpg,kyiv,50.437218,30.545337,180,2018-03,streetview
data/images/kyiv/50.437218_30.545337_h270.jpg,kyiv,50.437218,30.545337,270,2018-03,streetview
data/images/kyiv/50.438296_30.357476_h0.jpg,kyiv,50.438296,30.357476,0,2018-05,streetview
data/images/kyiv/50.438296_30.357476_h90.jpg,kyiv,50.438296,30.357476,90,2018-05,streetview
data/images/kyiv/50.438296_30.357476_h180.jpg,kyiv,50.438296,30.357476,180,2018-05,streetview
data/images/kyiv/50.438296_30.357476_h270.jpg,kyiv,50.438296,30.357476,270,2018-05,streetview
data/images/kyiv/50.491117_30.454189_h0.jpg,kyiv,50.491117,30.454189,0,2019-03,streetview
data/images/kyiv/50.491117_30.454189_h90.jpg,kyiv,50.491117,30.454189,90,2019-03,streetview
data/images/kyiv/50.491117_30.454189_h180.jpg,kyiv,50.491117,30.454189,180,2019-03,streetview
data/images/kyiv/50.491117_30.454189_h270.jpg,kyiv,50.491117,30.454189,270,2019-03,streetview
data/images/kyiv/50.506209_30.437308_h0.jpg,kyiv,50.506209,30.437308,0,2019-09,streetview
data/images/kyiv/50.506209_30.437308_h90.jpg,kyiv,50.506209,30.437308,90,2019-09,streetview
data/images/kyiv/50.506209_30.437308_h180.jpg,kyiv,50.506209,30.437308,180,2019-09,streetview
data/images/kyiv/50.506209_30.437308_h270.jpg,kyiv,50.506209,30.437308,270,2019-09,streetview
data/images/kyiv/50.294926_30.736784_h0.jpg,kyiv,50.294926,30.736784,0,2021-06,streetview
data/images/kyiv/50.294926_30.736784_h90.jpg,kyiv,50.294926,30.736784,90,2021-06,streetview
data/images/kyiv/50.294926_30.736784_h180.jpg,kyiv,50.294926,30.736784,180,2021-06,streetview
data/images/kyiv/50.294926_30.736784_h270.jpg,kyiv,50.294926,30.736784,270,2021-06,streetview
data/images/kyiv/50.440452_30.624909_h0.jpg,kyiv,50.440452,30.624909,0,2020-06,streetview
data/images/kyiv/50.440452_30.624909_h90.jpg,kyiv,50.440452,30.624909,90,2020-06,streetview
data/images/kyiv/50.440452_30.624909_h180.jpg,kyiv,50.440452,30.624909,180,2020-06,streetview
data/images/kyiv/50.440452_30.624909_h270.jpg,kyiv,50.440452,30.624909,270,2020-06,streetview
data/images/kyiv/50.408113_30.518086_h0.jpg,kyiv,50.408113,30.518086,0,2019-07,streetview
data/images/kyiv/50.408113_30.518086_h90.jpg,kyiv,50.408113,30.518086,90,2019-07,streetview
data/images/kyiv/50.408113_30.518086_h180.jpg,kyiv,50.408113,30.518086,180,2019-07,streetview
data/images/kyiv/50.408113_30.518086_h270.jpg,kyiv,50.408113,30.518086,270,2019-07,streetview
data/images/kyiv/50.466324_30.645443_h0.jpg,kyiv,50.466324,30.645443,0,2020-04,streetview
data/images/kyiv/50.466324_30.645443_h90.jpg,kyiv,50.466324,30.645443,90,2020-04,streetview
data/images/kyiv/50.466324_30.645443_h180.jpg,kyiv,50.466324,30.645443,180,2020-04,streetview
data/images/kyiv/50.466324_30.645443_h270.jpg,kyiv,50.466324,30.645443,270,2020-04,streetview
data/images/kyiv/50.496507_30.760935_h0.jpg,kyiv,50.496507,30.760935,0,2021-11,streetview
data/images/kyiv/50.496507_30.760935_h90.jpg,kyiv,50.496507,30.760935,90,2021-11,streetview
data/images/kyiv/50.496507_30.760935_h180.jpg,kyiv,50.496507,30.760935,180,2021-11,streetview
data/images/kyiv/50.496507_30.760935_h270.jpg,kyiv,50.496507,30.760935,270,2021-11,streetview
data/images/kyiv/50.414581_30.562107_h0.jpg,kyiv,50.414581,30.562107,0,2025-04,streetview
data/images/kyiv/50.414581_30.562107_h90.jpg,kyiv,50.414581,30.562107,90,2025-04,streetview
data/images/kyiv/50.414581_30.562107_h180.jpg,kyiv,50.414581,30.562107,180,2025-04,streetview
data/images/kyiv/50.414581_30.562107_h270.jpg,kyiv,50.414581,30.562107,270,2025-04,streetview
data/images/kyiv/50.507287_30.483077_h0.jpg,kyiv,50.507287,30.483077,0,2020-10,streetview
data/images/kyiv/50.507287_30.483077_h90.jpg,kyiv,50.507287,30.483077,90,2020-10,streetview
data/images/kyiv/50.507287_30.483077_h180.jpg,kyiv,50.507287,30.483077,180,2020-10,streetview
data/images/kyiv/50.507287_30.483077_h270.jpg,kyiv,50.507287,30.483077,270,2020-10,streetview
data/images/kyiv/50.238871_30.362035_h0.jpg,kyiv,50.238871,30.362035,0,2021-12,streetview
data/images/kyiv/50.238871_30.362035_h90.jpg,kyiv,50.238871,30.362035,90,2021-12,streetview
data/images/kyiv/50.238871_30.362035_h180.jpg,kyiv,50.238871,30.362035,180,2021-12,streetview
data/images/kyiv/50.238871_30.362035_h270.jpg,kyiv,50.238871,30.362035,270,2021-12,streetview
data/images/kyiv/50.488961_30.508397_h0.jpg,kyiv,50.488961,30.508397,0,2019-03,streetview
data/images/kyiv/50.488961_30.508397_h90.jpg,kyiv,50.488961,30.508397,90,2019-03,streetview
data/images/kyiv/50.488961_30.508397_h180.jpg,kyiv,50.488961,30.508397,180,2019-03,streetview
data/images/kyiv/50.488961_30.508397_h270.jpg,kyiv,50.488961,30.508397,270,2019-03,streetview
data/images/kyiv/50.423205_30.381125_h0.jpg,kyiv,50.423205,30.381125,0,2019-04,streetview
data/images/kyiv/50.423205_30.381125_h90.jpg,kyiv,50.423205,30.381125,90,2019-04,streetview
data/images/kyiv/50.423205_30.381125_h180.jpg,kyiv,50.423205,30.381125,180,2019-04,streetview
data/images/kyiv/50.423205_30.381125_h270.jpg,kyiv,50.423205,30.381125,270,2019-04,streetview
data/images/kyiv/50.438296_30.536881_h0.jpg,kyiv,50.438296,30.536881,0,2019-04,streetview
data/images/kyiv/50.438296_30.536881_h90.jpg,kyiv,50.438296,30.536881,90,2019-04,streetview
data/images/kyiv/50.438296_30.536881_h180.jpg,kyiv,50.438296,30.536881,180,2019-04,streetview
data/images/kyiv/50.438296_30.536881_h270.jpg,kyiv,50.438296,30.536881,270,2019-04,streetview
data/images/kyiv/50.583823_30.474985_h0.jpg,kyiv,50.583823,30.474985,0,2021-07,streetview
data/images/kyiv/50.583823_30.474985_h90.jpg,kyiv,50.583823,30.474985,90,2021-07,streetview
data/images/kyiv/50.583823_30.474985_h180.jpg,kyiv,50.583823,30.474985,180,2021-07,streetview
data/images/kyiv/50.583823_30.474985_h270.jpg,kyiv,50.583823,30.474985,270,2021-07,streetview
data/images/kyiv/50.4577_30.391388_h0.jpg,kyiv,50.4577,30.391388,0,2021-09,streetview
data/images/kyiv/50.4577_30.391388_h90.jpg,kyiv,50.4577,30.391388,90,2021-09,streetview
data/images/kyiv/50.4577_30.391388_h180.jpg,kyiv,50.4577,30.391388,180,2021-09,streetview
data/images/kyiv/50.4577_30.391388_h270.jpg,kyiv,50.4577,30.391388,270,2021-09,streetview
data/images/kyiv/50.405957_30.624628_h0.jpg,kyiv,50.405957,30.624628,0,2020-02,streetview
data/images/kyiv/50.405957_30.624628_h90.jpg,kyiv,50.405957,30.624628,90,2020-02,streetview
data/images/kyiv/50.405957_30.624628_h180.jpg,kyiv,50.405957,30.624628,180,2020-02,streetview
data/images/kyiv/50.405957_30.624628_h270.jpg,kyiv,50.405957,30.624628,270,2020-02,streetview
data/images/kyiv/50.458778_30.403244_h0.jpg,kyiv,50.458778,30.403244,0,2019-04,streetview
data/images/kyiv/50.458778_30.403244_h90.jpg,kyiv,50.458778,30.403244,90,2019-04,streetview
data/images/kyiv/50.458778_30.403244_h180.jpg,kyiv,50.458778,30.403244,180,2019-04,streetview
data/images/kyiv/50.458778_30.403244_h270.jpg,kyiv,50.458778,30.403244,270,2019-04,streetview
data/images/kyiv/50.507287_30.481382_h0.jpg,kyiv,50.507287,30.481382,0,2020-10,streetview
data/images/kyiv/50.507287_30.481382_h90.jpg,kyiv,50.507287,30.481382,90,2020-10,streetview
data/images/kyiv/50.507287_30.481382_h180.jpg,kyiv,50.507287,30.481382,180,2020-10,streetview
data/images/kyiv/50.507287_30.481382_h270.jpg,kyiv,50.507287,30.481382,270,2020-10,streetview
data/images/kyiv/50.492195_30.340666_h0.jpg,kyiv,50.492195,30.340666,0,2019-03,streetview
data/images/kyiv/50.492195_30.340666_h90.jpg,kyiv,50.492195,30.340666,90,2019-03,streetview
data/images/kyiv/50.492195_30.340666_h180.jpg,kyiv,50.492195,30.340666,180,2019-03,streetview
data/images/kyiv/50.492195_30.340666_h270.jpg,kyiv,50.492195,30.340666,270,2019-03,streetview
data/images/kyiv/50.331577_30.69495_h0.jpg,kyiv,50.331577,30.69495,0,2020-03,streetview
data/images/kyiv/50.331577_30.69495_h90.jpg,kyiv,50.331577,30.69495,90,2020-03,streetview
data/images/kyiv/50.331577_30.69495_h180.jpg,kyiv,50.331577,30.69495,180,2020-03,streetview
data/images/kyiv/50.331577_30.69495_h270.jpg,kyiv,50.331577,30.69495,270,2020-03,streetview
data/images/kyiv/50.425361_30.377748_h0.jpg,kyiv,50.425361,30.377748,0,2021-08,streetview
data/images/kyiv/50.425361_30.377748_h90.jpg,kyiv,50.425361,30.377748,90,2021-08,streetview
data/images/kyiv/50.425361_30.377748_h180.jpg,kyiv,50.425361,30.377748,180,2021-08,streetview
data/images/kyiv/50.425361_30.377748_h270.jpg,kyiv,50.425361,30.377748,270,2021-08,streetview
data/images/kyiv/50.450154_30.486168_h0.jpg,kyiv,50.450154,30.486168,0,2025-10,streetview
data/images/kyiv/50.450154_30.486168_h90.jpg,kyiv,50.450154,30.486168,90,2025-10,streetview
data/images/kyiv/50.450154_30.486168_h180.jpg,kyiv,50.450154,30.486168,180,2025-10,streetview
data/images/kyiv/50.450154_30.486168_h270.jpg,kyiv,50.450154,30.486168,270,2025-10,streetview
data/images/kyiv/50.382242_30.386074_h0.jpg,kyiv,50.382242,30.386074,0,2024-05,streetview
data/images/kyiv/50.382242_30.386074_h90.jpg,kyiv,50.382242,30.386074,90,2024-05,streetview
data/images/kyiv/50.382242_30.386074_h180.jpg,kyiv,50.382242,30.386074,180,2024-05,streetview
data/images/kyiv/50.382242_30.386074_h270.jpg,kyiv,50.382242,30.386074,270,2024-05,streetview
data/images/kyiv/50.501897_30.584736_h0.jpg,kyiv,50.501897,30.584736,0,2023-08,streetview
data/images/kyiv/50.501897_30.584736_h90.jpg,kyiv,50.501897,30.584736,90,2023-08,streetview
data/images/kyiv/50.501897_30.584736_h180.jpg,kyiv,50.501897,30.584736,180,2023-08,streetview
data/images/kyiv/50.501897_30.584736_h270.jpg,kyiv,50.501897,30.584736,270,2023-08,streetview
data/images/kyiv/50.466324_30.655604_h0.jpg,kyiv,50.466324,30.655604,0,2020-04,streetview
data/images/kyiv/50.466324_30.655604_h90.jpg,kyiv,50.466324,30.655604,90,2020-04,streetview
data/images/kyiv/50.466324_30.655604_h180.jpg,kyiv,50.466324,30.655604,180,2020-04,streetview
data/images/kyiv/50.466324_30.655604_h270.jpg,kyiv,50.466324,30.655604,270,2020-04,streetview
data/images/kyiv/50.412425_30.529952_h0.jpg,kyiv,50.412425,30.529952,0,2026-01,streetview
data/images/kyiv/50.412425_30.529952_h90.jpg,kyiv,50.412425,30.529952,90,2026-01,streetview
data/images/kyiv/50.412425_30.529952_h180.jpg,kyiv,50.412425,30.529952,180,2026-01,streetview
data/images/kyiv/50.412425_30.529952_h270.jpg,kyiv,50.412425,30.529952,270,2026-01,streetview
data/images/kyiv/50.3941_30.321856_h0.jpg,kyiv,50.3941,30.321856,0,2018-11,streetview
data/images/kyiv/50.3941_30.321856_h90.jpg,kyiv,50.3941,30.321856,90,2018-11,streetview
data/images/kyiv/50.3941_30.321856_h180.jpg,kyiv,50.3941,30.321856,180,2018-11,streetview
data/images/kyiv/50.3941_30.321856_h270.jpg,kyiv,50.3941,30.321856,270,2018-11,streetview
data/images/kyiv/50.3941_30.474039_h0.jpg,kyiv,50.3941,30.474039,0,2021-12,streetview
data/images/kyiv/50.3941_30.474039_h90.jpg,kyiv,50.3941,30.474039,90,2021-12,streetview
data/images/kyiv/50.3941_30.474039_h180.jpg,kyiv,50.3941,30.474039,180,2021-12,streetview
data/images/kyiv/50.3941_30.474039_h270.jpg,kyiv,50.3941,30.474039,270,2021-12,streetview
data/images/kyiv/50.374696_30.45366_h0.jpg,kyiv,50.374696,30.45366,0,2019-10,streetview
data/images/kyiv/50.374696_30.45366_h90.jpg,kyiv,50.374696,30.45366,90,2019-10,streetview
data/images/kyiv/50.374696_30.45366_h180.jpg,kyiv,50.374696,30.45366,180,2019-10,streetview
data/images/kyiv/50.374696_30.45366_h270.jpg,kyiv,50.374696,30.45366,270,2019-10,streetview
data/images/kyiv/50.252885_30.323296_h0.jpg,kyiv,50.252885,30.323296,0,2021-03,streetview
data/images/kyiv/50.252885_30.323296_h90.jpg,kyiv,50.252885,30.323296,90,2021-03,streetview
data/images/kyiv/50.252885_30.323296_h180.jpg,kyiv,50.252885,30.323296,180,2021-03,streetview
data/images/kyiv/50.252885_30.323296_h270.jpg,kyiv,50.252885,30.323296,270,2021-03,streetview
data/images/kyiv/50.46309_30.337217_h0.jpg,kyiv,50.46309,30.337217,0,2019-04,streetview
data/images/kyiv/50.46309_30.337217_h90.jpg,kyiv,50.46309,30.337217,90,2019-04,streetview
data/images/kyiv/50.46309_30.337217_h180.jpg,kyiv,50.46309,30.337217,180,2019-04,streetview
data/images/kyiv/50.46309_30.337217_h270.jpg,kyiv,50.46309,30.337217,270,2019-04,streetview
data/images/kyiv/50.423205_30.538478_h0.jpg,kyiv,50.423205,30.538478,0,2018-05,streetview
data/images/kyiv/50.423205_30.538478_h90.jpg,kyiv,50.423205,30.538478,90,2018-05,streetview
data/images/kyiv/50.423205_30.538478_h180.jpg,kyiv,50.423205,30.538478,180,2018-05,streetview
data/images/kyiv/50.423205_30.538478_h270.jpg,kyiv,50.423205,30.538478,270,2018-05,streetview
data/images/kyiv/50.429673_30.386221_h0.jpg,kyiv,50.429673,30.386221,0,2023-09,streetview
data/images/kyiv/50.429673_30.386221_h90.jpg,kyiv,50.429673,30.386221,90,2023-09,streetview
data/images/kyiv/50.429673_30.386221_h180.jpg,kyiv,50.429673,30.386221,180,2023-09,streetview
data/images/kyiv/50.429673_30.386221_h270.jpg,kyiv,50.429673,30.386221,270,2023-09,streetview
data/images/kyiv/50.447998_30.5234_h0.jpg,kyiv,50.447998,30.5234,0,2019-09,streetview
data/images/kyiv/50.447998_30.5234_h90.jpg,kyiv,50.447998,30.5234,90,2019-09,streetview
data/images/kyiv/50.447998_30.5234_h180.jpg,kyiv,50.447998,30.5234,180,2019-09,streetview
data/images/kyiv/50.447998_30.5234_h270.jpg,kyiv,50.447998,30.5234,270,2019-09,streetview
data/images/kyiv/50.214078_30.249107_h0.jpg,kyiv,50.214078,30.249107,0,2019-06,streetview
data/images/kyiv/50.214078_30.249107_h90.jpg,kyiv,50.214078,30.249107,90,2019-06,streetview
data/images/kyiv/50.214078_30.249107_h180.jpg,kyiv,50.214078,30.249107,180,2019-06,streetview
data/images/kyiv/50.214078_30.249107_h270.jpg,kyiv,50.214078,30.249107,270,2019-06,streetview
data/images/kyiv/50.320797_30.659392_h0.jpg,kyiv,50.320797,30.659392,0,2019-11,streetview
data/images/kyiv/50.320797_30.659392_h90.jpg,kyiv,50.320797,30.659392,90,2019-11,streetview
data/images/kyiv/50.320797_30.659392_h180.jpg,kyiv,50.320797,30.659392,180,2019-11,streetview
data/images/kyiv/50.320797_30.659392_h270.jpg,kyiv,50.320797,30.659392,270,2019-11,streetview
data/images/kyiv/50.52669_30.464525_h0.jpg,kyiv,50.52669,30.464525,0,2020-05,streetview
data/images/kyiv/50.52669_30.464525_h90.jpg,kyiv,50.52669,30.464525,90,2020-05,streetview
data/images/kyiv/50.52669_30.464525_h180.jpg,kyiv,50.52669,30.464525,180,2020-05,streetview
data/images/kyiv/50.52669_30.464525_h270.jpg,kyiv,50.52669,30.464525,270,2020-05,streetview
data/images/kyiv/50.442608_30.519982_h0.jpg,kyiv,50.442608,30.519982,0,2019-05,streetview
data/images/kyiv/50.442608_30.519982_h90.jpg,kyiv,50.442608,30.519982,90,2019-05,streetview
data/images/kyiv/50.442608_30.519982_h180.jpg,kyiv,50.442608,30.519982,180,2019-05,streetview
data/images/kyiv/50.442608_30.519982_h270.jpg,kyiv,50.442608,30.519982,270,2019-05,streetview
data/images/kyiv/50.567653_30.824517_h0.jpg,kyiv,50.567653,30.824517,0,2019-03,streetview
data/images/kyiv/50.567653_30.824517_h90.jpg,kyiv,50.567653,30.824517,90,2019-03,streetview
data/images/kyiv/50.567653_30.824517_h180.jpg,kyiv,50.567653,30.824517,180,2019-03,streetview
data/images/kyiv/50.567653_30.824517_h270.jpg,kyiv,50.567653,30.824517,270,2019-03,streetview
data/images/kyiv/50.440452_30.621524_h0.jpg,kyiv,50.440452,30.621524,0,2019-04,streetview
data/images/kyiv/50.440452_30.621524_h90.jpg,kyiv,50.440452,30.621524,90,2019-04,streetview
data/images/kyiv/50.440452_30.621524_h180.jpg,kyiv,50.440452,30.621524,180,2019-04,streetview
data/images/kyiv/50.440452_30.621524_h270.jpg,kyiv,50.440452,30.621524,270,2019-04,streetview
data/images/kyiv/50.520222_30.245782_h0.jpg,kyiv,50.520222,30.245782,0,2018-01,streetview
data/images/kyiv/50.520222_30.245782_h90.jpg,kyiv,50.520222,30.245782,90,2018-01,streetview
data/images/kyiv/50.520222_30.245782_h180.jpg,kyiv,50.520222,30.245782,180,2018-01,streetview
data/images/kyiv/50.520222_30.245782_h270.jpg,kyiv,50.520222,30.245782,270,2018-01,streetview
data/images/kyiv/50.412425_30.628064_h0.jpg,kyiv,50.412425,30.628064,0,2021-07,streetview
data/images/kyiv/50.412425_30.628064_h90.jpg,kyiv,50.412425,30.628064,90,2021-07,streetview
data/images/kyiv/50.412425_30.628064_h180.jpg,kyiv,50.412425,30.628064,180,2021-07,streetview
data/images/kyiv/50.412425_30.628064_h270.jpg,kyiv,50.412425,30.628064,270,2021-07,streetview
data/images/kyiv/50.547172_30.500248_h0.jpg,kyiv,50.547172,30.500248,0,2021-05,streetview
data/images/kyiv/50.547172_30.500248_h90.jpg,kyiv,50.547172,30.500248,90,2021-05,streetview
data/images/kyiv/50.547172_30.500248_h180.jpg,kyiv,50.547172,30.500248,180,2021-05,streetview
data/images/kyiv/50.547172_30.500248_h270.jpg,kyiv,50.547172,30.500248,270,2021-05,streetview
data/images/kyiv/50.506209_30.542394_h0.jpg,kyiv,50.506209,30.542394,0,2021-04,streetview
data/images/kyiv/50.506209_30.542394_h90.jpg,kyiv,50.506209,30.542394,90,2021-04,streetview
data/images/kyiv/50.506209_30.542394_h180.jpg,kyiv,50.506209,30.542394,180,2021-04,streetview
data/images/kyiv/50.506209_30.542394_h270.jpg,kyiv,50.506209,30.542394,270,2021-04,streetview
data/images/kyiv/50.414581_30.612857_h0.jpg,kyiv,50.414581,30.612857,0,2018-11,streetview
data/images/kyiv/50.414581_30.612857_h90.jpg,kyiv,50.414581,30.612857,90,2018-11,streetview
data/images/kyiv/50.414581_30.612857_h180.jpg,kyiv,50.414581,30.612857,180,2018-11,streetview
data/images/kyiv/50.414581_30.612857_h270.jpg,kyiv,50.414581,30.612857,270,2018-11,streetview
data/images/kyiv/50.491117_30.452494_h0.jpg,kyiv,50.491117,30.452494,0,2019-03,streetview
data/images/kyiv/50.491117_30.452494_h90.jpg,kyiv,50.491117,30.452494,90,2019-03,streetview
data/images/kyiv/50.491117_30.452494_h180.jpg,kyiv,50.491117,30.452494,180,2019-03,streetview
data/images/kyiv/50.491117_30.452494_h270.jpg,kyiv,50.491117,30.452494,270,2019-03,streetview
data/images/kyiv/50.291692_30.451598_h0.jpg,kyiv,50.291692,30.451598,0,2020-07,streetview
data/images/kyiv/50.291692_30.451598_h90.jpg,kyiv,50.291692,30.451598,90,2020-07,streetview
data/images/kyiv/50.291692_30.451598_h180.jpg,kyiv,50.291692,30.451598,180,2020-07,streetview
data/images/kyiv/50.291692_30.451598_h270.jpg,kyiv,50.291692,30.451598,270,2020-07,streetview
data/images/kyiv/50.462012_30.638632_h0.jpg,kyiv,50.462012,30.638632,0,2019-05,streetview
data/images/kyiv/50.462012_30.638632_h90.jpg,kyiv,50.462012,30.638632,90,2019-05,streetview
data/images/kyiv/50.462012_30.638632_h180.jpg,kyiv,50.462012,30.638632,180,2019-05,streetview
data/images/kyiv/50.462012_30.638632_h270.jpg,kyiv,50.462012,30.638632,270,2019-05,streetview
data/images/kyiv/50.451232_30.337192_h0.jpg,kyiv,50.451232,30.337192,0,2020-05,streetview
data/images/kyiv/50.451232_30.337192_h90.jpg,kyiv,50.451232,30.337192,90,2020-05,streetview
data/images/kyiv/50.451232_30.337192_h180.jpg,kyiv,50.451232,30.337192,180,2020-05,streetview
data/images/kyiv/50.451232_30.337192_h270.jpg,kyiv,50.451232,30.337192,270,2020-05,streetview
data/images/kyiv/50.564419_30.697199_h0.jpg,kyiv,50.564419,30.697199,0,2019-03,streetview
data/images/kyiv/50.564419_30.697199_h90.jpg,kyiv,50.564419,30.697199,90,2019-03,streetview
data/images/kyiv/50.564419_30.697199_h180.jpg,kyiv,50.564419,30.697199,180,2019-03,streetview
data/images/kyiv/50.564419_30.697199_h270.jpg,kyiv,50.564419,30.697199,270,2019-03,streetview
data/images/kyiv/50.504053_30.239_h0.jpg,kyiv,50.504053,30.239,0,2020-04,streetview
data/images/kyiv/50.504053_30.239_h90.jpg,kyiv,50.504053,30.239,90,2020-04,streetview
data/images/kyiv/50.504053_30.239_h180.jpg,kyiv,50.504053,30.239,180,2020-04,streetview
data/images/kyiv/50.504053_30.239_h270.jpg,kyiv,50.504053,30.239,270,2020-04,streetview
data/images/kyiv/50.433985_30.377773_h0.jpg,kyiv,50.433985,30.377773,0,2019-05,streetview
data/images/kyiv/50.433985_30.377773_h90.jpg,kyiv,50.433985,30.377773,90,2019-05,streetview
data/images/kyiv/50.433985_30.377773_h180.jpg,kyiv,50.433985,30.377773,180,2019-05,streetview
data/images/kyiv/50.433985_30.377773_h270.jpg,kyiv,50.433985,30.377773,270,2019-05,streetview
data/images/kyiv/50.497585_30.459302_h0.jpg,kyiv,50.497585,30.459302,0,2020-04,streetview
data/images/kyiv/50.497585_30.459302_h90.jpg,kyiv,50.497585,30.459302,90,2020-04,streetview
data/images/kyiv/50.497585_30.459302_h180.jpg,kyiv,50.497585,30.459302,180,2020-04,streetview
data/images/kyiv/50.497585_30.459302_h270.jpg,kyiv,50.497585,30.459302,270,2020-04,streetview
data/images/kyiv/50.45231_30.460784_h0.jpg,kyiv,50.45231,30.460784,0,2019-03,streetview
data/images/kyiv/50.45231_30.460784_h90.jpg,kyiv,50.45231,30.460784,90,2019-03,streetview
data/images/kyiv/50.45231_30.460784_h180.jpg,kyiv,50.45231,30.460784,180,2019-03,streetview
data/images/kyiv/50.45231_30.460784_h270.jpg,kyiv,50.45231,30.460784,270,2019-03,streetview
data/images/kyiv/50.438296_30.602889_h0.jpg,kyiv,50.438296,30.602889,0,2021-06,streetview
data/images/kyiv/50.438296_30.602889_h90.jpg,kyiv,50.438296,30.602889,90,2021-06,streetview
data/images/kyiv/50.438296_30.602889_h180.jpg,kyiv,50.438296,30.602889,180,2021-06,streetview
data/images/kyiv/50.438296_30.602889_h270.jpg,kyiv,50.438296,30.602889,270,2021-06,streetview
data/images/kyiv/50.443686_30.453973_h0.jpg,kyiv,50.443686,30.453973,0,2021-06,streetview
data/images/kyiv/50.443686_30.453973_h90.jpg,kyiv,50.443686,30.453973,90,2021-06,streetview
data/images/kyiv/50.443686_30.453973_h180.jpg,kyiv,50.443686,30.453973,180,2021-06,streetview
data/images/kyiv/50.443686_30.453973_h270.jpg,kyiv,50.443686,30.453973,270,2021-06,streetview
data/images/kyiv/50.353137_30.636026_h0.jpg,kyiv,50.353137,30.636026,0,2020-05,streetview
data/images/kyiv/50.353137_30.636026_h90.jpg,kyiv,50.353137,30.636026,90,2020-05,streetview
data/images/kyiv/50.353137_30.636026_h180.jpg,kyiv,50.353137,30.636026,180,2020-05,streetview
data/images/kyiv/50.353137_30.636026_h270.jpg,kyiv,50.353137,30.636026,270,2020-05,streetview
data/images/kyiv/50.522378_30.249173_h0.jpg,kyiv,50.522378,30.249173,0,2023-05,streetview
data/images/kyiv/50.522378_30.249173_h90.jpg,kyiv,50.522378,30.249173,90,2023-05,streetview
data/images/kyiv/50.522378_30.249173_h180.jpg,kyiv,50.522378,30.249173,180,2023-05,streetview
data/images/kyiv/50.522378_30.249173_h270.jpg,kyiv,50.522378,30.249173,270,2023-05,streetview
data/images/kyiv/50.528846_30.793512_h0.jpg,kyiv,50.528846,30.793512,0,2019-10,streetview
data/images/kyiv/50.528846_30.793512_h90.jpg,kyiv,50.528846,30.793512,90,2019-10,streetview
data/images/kyiv/50.528846_30.793512_h180.jpg,kyiv,50.528846,30.793512,180,2019-10,streetview
data/images/kyiv/50.528846_30.793512_h270.jpg,kyiv,50.528846,30.793512,270,2019-10,streetview
data/images/kyiv/50.38871_30.501064_h0.jpg,kyiv,50.38871,30.501064,0,2019-02,streetview
data/images/kyiv/50.38871_30.501064_h90.jpg,kyiv,50.38871,30.501064,90,2019-02,streetview
data/images/kyiv/50.38871_30.501064_h180.jpg,kyiv,50.38871,30.501064,180,2019-02,streetview
data/images/kyiv/50.38871_30.501064_h270.jpg,kyiv,50.38871,30.501064,270,2019-02,streetview
data/images/kyiv/50.341279_30.622414_h0.jpg,kyiv,50.341279,30.622414,0,2019-11,streetview
data/images/kyiv/50.341279_30.622414_h90.jpg,kyiv,50.341279,30.622414,90,2019-11,streetview
data/images/kyiv/50.341279_30.622414_h180.jpg,kyiv,50.341279,30.622414,180,2019-11,streetview
data/images/kyiv/50.341279_30.622414_h270.jpg,kyiv,50.341279,30.622414,270,2019-11,streetview
data/images/kyiv/50.3941_30.49433_h0.jpg,kyiv,50.3941,30.49433,0,2020-01,streetview
data/images/kyiv/50.3941_30.49433_h90.jpg,kyiv,50.3941,30.49433,90,2020-01,streetview
data/images/kyiv/50.3941_30.49433_h180.jpg,kyiv,50.3941,30.49433,180,2020-01,streetview
data/images/kyiv/50.3941_30.49433_h270.jpg,kyiv,50.3941,30.49433,270,2020-01,streetview
data/images/kyiv/50.494351_30.322031_h0.jpg,kyiv,50.494351,30.322031,0,2019-03,streetview
data/images/kyiv/50.494351_30.322031_h90.jpg,kyiv,50.494351,30.322031,90,2019-03,streetview
data/images/kyiv/50.494351_30.322031_h180.jpg,kyiv,50.494351,30.322031,180,2019-03,streetview
data/images/kyiv/50.494351_30.322031_h270.jpg,kyiv,50.494351,30.322031,270,2019-03,streetview
data/images/kyiv/50.413503_30.651756_h0.jpg,kyiv,50.413503,30.651756,0,2018-03,streetview
data/images/kyiv/50.413503_30.651756_h90.jpg,kyiv,50.413503,30.651756,90,2018-03,streetview
data/images/kyiv/50.413503_30.651756_h180.jpg,kyiv,50.413503,30.651756,180,2018-03,streetview
data/images/kyiv/50.413503_30.651756_h270.jpg,kyiv,50.413503,30.651756,270,2018-03,streetview
data/images/kyiv/50.411347_30.485966_h0.jpg,kyiv,50.411347,30.485966,0,2019-03,streetview
data/images/kyiv/50.411347_30.485966_h90.jpg,kyiv,50.411347,30.485966,90,2019-03,streetview
data/images/kyiv/50.411347_30.485966_h180.jpg,kyiv,50.411347,30.485966,180,2019-03,streetview
data/images/kyiv/50.411347_30.485966_h270.jpg,kyiv,50.411347,30.485966,270,2019-03,streetview
data/images/kyiv/50.44153_30.409955_h0.jpg,kyiv,50.44153,30.409955,0,2021-09,streetview
data/images/kyiv/50.44153_30.409955_h90.jpg,kyiv,50.44153,30.409955,90,2021-09,streetview
data/images/kyiv/50.44153_30.409955_h180.jpg,kyiv,50.44153,30.409955,180,2021-09,streetview
data/images/kyiv/50.44153_30.409955_h270.jpg,kyiv,50.44153,30.409955,270,2021-09,streetview
data/images/kyiv/50.447998_30.589421_h0.jpg,kyiv,50.447998,30.589421,0,2026-03,streetview
data/images/kyiv/50.447998_30.589421_h90.jpg,kyiv,50.447998,30.589421,90,2026-03,streetview
data/images/kyiv/50.447998_30.589421_h180.jpg,kyiv,50.447998,30.589421,180,2026-03,streetview
data/images/kyiv/50.447998_30.589421_h270.jpg,kyiv,50.447998,30.589421,270,2026-03,streetview
data/images/kyiv/50.391944_30.604224_h0.jpg,kyiv,50.391944,30.604224,0,2018-11,streetview
data/images/kyiv/50.391944_30.604224_h90.jpg,kyiv,50.391944,30.604224,90,2018-11,streetview
data/images/kyiv/50.391944_30.604224_h180.jpg,kyiv,50.391944,30.604224,180,2018-11,streetview
data/images/kyiv/50.391944_30.604224_h270.jpg,kyiv,50.391944,30.604224,270,2018-11,streetview
data/images/kyiv/50.454466_30.484498_h0.jpg,kyiv,50.454466,30.484498,0,2018-11,streetview
data/images/kyiv/50.454466_30.484498_h90.jpg,kyiv,50.454466,30.484498,90,2018-11,streetview
data/images/kyiv/50.454466_30.484498_h180.jpg,kyiv,50.454466,30.484498,180,2018-11,streetview
data/images/kyiv/50.454466_30.484498_h270.jpg,kyiv,50.454466,30.484498,270,2018-11,streetview
data/images/kyiv/50.315407_30.664409_h0.jpg,kyiv,50.315407,30.664409,0,2019-11,streetview
data/images/kyiv/50.315407_30.664409_h90.jpg,kyiv,50.315407,30.664409,90,2019-11,streetview
data/images/kyiv/50.315407_30.664409_h180.jpg,kyiv,50.315407,30.664409,180,2019-11,streetview
data/images/kyiv/50.315407_30.664409_h270.jpg,kyiv,50.315407,30.664409,270,2019-11,streetview
data/images/kyiv/50.21839_30.240685_h0.jpg,kyiv,50.21839,30.240685,0,2019-06,streetview
data/images/kyiv/50.21839_30.240685_h90.jpg,kyiv,50.21839,30.240685,90,2019-06,streetview
data/images/kyiv/50.21839_30.240685_h180.jpg,kyiv,50.21839,30.240685,180,2019-06,streetview
data/images/kyiv/50.21839_30.240685_h270.jpg,kyiv,50.21839,30.240685,270,2019-06,streetview
data/images/kyiv/50.416737_30.63825_h0.jpg,kyiv,50.416737,30.63825,0,2018-08,streetview
data/images/kyiv/50.416737_30.63825_h90.jpg,kyiv,50.416737,30.63825,90,2018-08,streetview
data/images/kyiv/50.416737_30.63825_h180.jpg,kyiv,50.416737,30.63825,180,2018-08,streetview
data/images/kyiv/50.416737_30.63825_h270.jpg,kyiv,50.416737,30.63825,270,2018-08,streetview
data/images/kyiv/50.557951_30.817609_h0.jpg,kyiv,50.557951,30.817609,0,2018-10,streetview
data/images/kyiv/50.557951_30.817609_h90.jpg,kyiv,50.557951,30.817609,90,2018-10,streetview
data/images/kyiv/50.557951_30.817609_h180.jpg,kyiv,50.557951,30.817609,180,2018-10,streetview
data/images/kyiv/50.557951_30.817609_h270.jpg,kyiv,50.557951,30.817609,270,2018-10,streetview
data/images/kyiv/50.422127_30.643371_h0.jpg,kyiv,50.422127,30.643371,0,2019-05,streetview
data/images/kyiv/50.422127_30.643371_h90.jpg,kyiv,50.422127,30.643371,90,2019-05,streetview
data/images/kyiv/50.422127_30.643371_h180.jpg,kyiv,50.422127,30.643371,180,2019-05,streetview
data/images/kyiv/50.422127_30.643371_h270.jpg,kyiv,50.422127,30.643371,270,2019-05,streetview
data/images/kyiv/50.577355_30.485138_h0.jpg,kyiv,50.577355,30.485138,0,2021-11,streetview
data/images/kyiv/50.577355_30.485138_h90.jpg,kyiv,50.577355,30.485138,90,2021-11,streetview
data/images/kyiv/50.577355_30.485138_h180.jpg,kyiv,50.577355,30.485138,180,2021-11,streetview
data/images/kyiv/50.577355_30.485138_h270.jpg,kyiv,50.577355,30.485138,270,2021-11,streetview
data/images/kyiv/50.400567_30.423337_h0.jpg,kyiv,50.400567,30.423337,0,2019-03,streetview
data/images/kyiv/50.400567_30.423337_h90.jpg,kyiv,50.400567,30.423337,90,2019-03,streetview
data/images/kyiv/50.400567_30.423337_h180.jpg,kyiv,50.400567,30.423337,180,2019-03,streetview
data/images/kyiv/50.400567_30.423337_h270.jpg,kyiv,50.400567,30.423337,270,2019-03,streetview
data/images/kyiv/50.551484_30.619031_h0.jpg,kyiv,50.551484,30.619031,0,2020-04,streetview
data/images/kyiv/50.551484_30.619031_h90.jpg,kyiv,50.551484,30.619031,90,2020-04,streetview
data/images/kyiv/50.551484_30.619031_h180.jpg,kyiv,50.551484,30.619031,180,2020-04,streetview
data/images/kyiv/50.551484_30.619031_h270.jpg,kyiv,50.551484,30.619031,270,2020-04,streetview
data/images/kyiv/50.419971_30.553685_h0.jpg,kyiv,50.419971,30.553685,0,2020-09,streetview
data/images/kyiv/50.419971_30.553685_h90.jpg,kyiv,50.419971,30.553685,90,2020-09,streetview
data/images/kyiv/50.419971_30.553685_h180.jpg,kyiv,50.419971,30.553685,180,2020-09,streetview
data/images/kyiv/50.419971_30.553685_h270.jpg,kyiv,50.419971,30.553685,270,2020-09,streetview
data/images/kyiv/50.46309_30.477769_h0.jpg,kyiv,50.46309,30.477769,0,2021-11,streetview
data/images/kyiv/50.46309_30.477769_h90.jpg,kyiv,50.46309,30.477769,90,2021-11,streetview
data/images/kyiv/50.46309_30.477769_h180.jpg,kyiv,50.46309,30.477769,180,2021-11,streetview
data/images/kyiv/50.46309_30.477769_h270.jpg,kyiv,50.46309,30.477769,270,2021-11,streetview
data/images/kyiv/50.492195_30.60161_h0.jpg,kyiv,50.492195,30.60161,0,2018-11,streetview
data/images/kyiv/50.492195_30.60161_h90.jpg,kyiv,50.492195,30.60161,90,2018-11,streetview
data/images/kyiv/50.492195_30.60161_h180.jpg,kyiv,50.492195,30.60161,180,2018-11,streetview
data/images/kyiv/50.492195_30.60161_h270.jpg,kyiv,50.492195,30.60161,270,2018-11,streetview
data/images/kyiv/50.447998_30.46415_h0.jpg,kyiv,50.447998,30.46415,0,2021-01,streetview
data/images/kyiv/50.447998_30.46415_h90.jpg,kyiv,50.447998,30.46415,90,2021-01,streetview
data/images/kyiv/50.447998_30.46415_h180.jpg,kyiv,50.447998,30.46415,180,2021-01,streetview
data/images/kyiv/50.447998_30.46415_h270.jpg,kyiv,50.447998,30.46415,270,2021-01,streetview
data/images/kyiv/50.29277_30.267685_h0.jpg,kyiv,50.29277,30.267685,0,2021-06,streetview
data/images/kyiv/50.29277_30.267685_h90.jpg,kyiv,50.29277,30.267685,90,2021-06,streetview
data/images/kyiv/50.29277_30.267685_h180.jpg,kyiv,50.29277,30.267685,180,2021-06,streetview
data/images/kyiv/50.29277_30.267685_h270.jpg,kyiv,50.29277,30.267685,270,2021-06,streetview
data/images/kyiv/50.416737_30.563814_h0.jpg,kyiv,50.416737,30.563814,0,2019-04,streetview
data/images/kyiv/50.416737_30.563814_h90.jpg,kyiv,50.416737,30.563814,90,2019-04,streetview
data/images/kyiv/50.416737_30.563814_h180.jpg,kyiv,50.416737,30.563814,180,2019-04,streetview
data/images/kyiv/50.416737_30.563814_h270.jpg,kyiv,50.416737,30.563814,270,2019-04,streetview
data/images/kyiv/50.435063_30.558862_h0.jpg,kyiv,50.435063,30.558862,0,2018-11,streetview
data/images/kyiv/50.435063_30.558862_h90.jpg,kyiv,50.435063,30.558862,90,2018-11,streetview
data/images/kyiv/50.435063_30.558862_h180.jpg,kyiv,50.435063,30.558862,180,2018-11,streetview
data/images/kyiv/50.435063_30.558862_h270.jpg,kyiv,50.435063,30.558862,270,2018-11,streetview
data/images/kyiv/50.497585_30.427104_h0.jpg,kyiv,50.497585,30.427104,0,2019-07,streetview
data/images/kyiv/50.497585_30.427104_h90.jpg,kyiv,50.497585,30.427104,90,2019-07,streetview
data/images/kyiv/50.497585_30.427104_h180.jpg,kyiv,50.497585,30.427104,180,2019-07,streetview
data/images/kyiv/50.497585_30.427104_h270.jpg,kyiv,50.497585,30.427104,270,2019-07,streetview
data/images/kyiv/50.344513_30.424808_h0.jpg,kyiv,50.344513,30.424808,0,2024-07,streetview
data/images/kyiv/50.344513_30.424808_h90.jpg,kyiv,50.344513,30.424808,90,2024-07,streetview
data/images/kyiv/50.344513_30.424808_h180.jpg,kyiv,50.344513,30.424808,180,2024-07,streetview
data/images/kyiv/50.344513_30.424808_h270.jpg,kyiv,50.344513,30.424808,270,2024-07,streetview
data/images/kyiv/50.533158_30.590053_h0.jpg,kyiv,50.533158,30.590053,0,2020-06,streetview
data/images/kyiv/50.533158_30.590053_h90.jpg,kyiv,50.533158,30.590053,90,2020-06,streetview
data/images/kyiv/50.533158_30.590053_h180.jpg,kyiv,50.533158,30.590053,180,2020-06,streetview
data/images/kyiv/50.533158_30.590053_h270.jpg,kyiv,50.533158,30.590053,270,2020-06,streetview
data/images/kyiv/50.44692_30.442138_h0.jpg,kyiv,50.44692,30.442138,0,2021-06,streetview
data/images/kyiv/50.44692_30.442138_h90.jpg,kyiv,50.44692,30.442138,90,2021-06,streetview
data/images/kyiv/50.44692_30.442138_h180.jpg,kyiv,50.44692,30.442138,180,2021-06,streetview
data/images/kyiv/50.44692_30.442138_h270.jpg,kyiv,50.44692,30.442138,270,2021-06,streetview
data/images/kyiv/50.569809_30.675188_h0.jpg,kyiv,50.569809,30.675188,0,2020-10,streetview
data/images/kyiv/50.569809_30.675188_h90.jpg,kyiv,50.569809,30.675188,90,2020-10,streetview
data/images/kyiv/50.569809_30.675188_h180.jpg,kyiv,50.569809,30.675188,180,2020-10,streetview
data/images/kyiv/50.569809_30.675188_h270.jpg,kyiv,50.569809,30.675188,270,2020-10,streetview
data/images/kyiv/50.312174_30.666068_h0.jpg,kyiv,50.312174,30.666068,0,2019-11,streetview
data/images/kyiv/50.312174_30.666068_h90.jpg,kyiv,50.312174,30.666068,90,2019-11,streetview
data/images/kyiv/50.312174_30.666068_h180.jpg,kyiv,50.312174,30.666068,180,2019-11,streetview
data/images/kyiv/50.312174_30.666068_h270.jpg,kyiv,50.312174,30.666068,270,2019-11,streetview
data/images/kyiv/50.492195_30.264417_h0.jpg,kyiv,50.492195,30.264417,0,2021-11,streetview
data/images/kyiv/50.492195_30.264417_h90.jpg,kyiv,50.492195,30.264417,90,2021-11,streetview
data/images/kyiv/50.492195_30.264417_h180.jpg,kyiv,50.492195,30.264417,180,2021-11,streetview
data/images/kyiv/50.492195_30.264417_h270.jpg,kyiv,50.492195,30.264417,270,2021-11,streetview
data/images/kyiv/50.350981_30.632629_h0.jpg,kyiv,50.350981,30.632629,0,2019-08,streetview
data/images/kyiv/50.350981_30.632629_h90.jpg,kyiv,50.350981,30.632629,90,2019-08,streetview
data/images/kyiv/50.350981_30.632629_h180.jpg,kyiv,50.350981,30.632629,180,2019-08,streetview
data/images/kyiv/50.350981_30.632629_h270.jpg,kyiv,50.350981,30.632629,270,2019-08,streetview
data/images/kyiv/50.284146_30.448191_h0.jpg,kyiv,50.284146,30.448191,0,2020-07,streetview
data/images/kyiv/50.284146_30.448191_h90.jpg,kyiv,50.284146,30.448191,90,2020-07,streetview
data/images/kyiv/50.284146_30.448191_h180.jpg,kyiv,50.284146,30.448191,180,2020-07,streetview
data/images/kyiv/50.284146_30.448191_h270.jpg,kyiv,50.284146,30.448191,270,2020-07,streetview
data/images/kyiv/50.399489_30.381054_h0.jpg,kyiv,50.399489,30.381054,0,2024-02,streetview
data/images/kyiv/50.399489_30.381054_h90.jpg,kyiv,50.399489,30.381054,90,2024-02,streetview
data/images/kyiv/50.399489_30.381054_h180.jpg,kyiv,50.399489,30.381054,180,2024-02,streetview
data/images/kyiv/50.399489_30.381054_h270.jpg,kyiv,50.399489,30.381054,270,2024-02,streetview
data/images/kyiv/50.437218_30.38286_h0.jpg,kyiv,50.437218,30.38286,0,2021-10,streetview
data/images/kyiv/50.437218_30.38286_h90.jpg,kyiv,50.437218,30.38286,90,2021-10,streetview
data/images/kyiv/50.437218_30.38286_h180.jpg,kyiv,50.437218,30.38286,180,2021-10,streetview
data/images/kyiv/50.437218_30.38286_h270.jpg,kyiv,50.437218,30.38286,270,2021-10,streetview
data/images/kyiv/50.246417_30.37554_h0.jpg,kyiv,50.246417,30.37554,0,2021-12,streetview
data/images/kyiv/50.246417_30.37554_h90.jpg,kyiv,50.246417,30.37554,90,2021-12,streetview
data/images/kyiv/50.246417_30.37554_h180.jpg,kyiv,50.246417,30.37554,180,2021-12,streetview
data/images/kyiv/50.246417_30.37554_h270.jpg,kyiv,50.246417,30.37554,270,2021-12,streetview
data/images/kyiv/50.507287_30.437313_h0.jpg,kyiv,50.507287,30.437313,0,2018-06,streetview
data/images/kyiv/50.507287_30.437313_h90.jpg,kyiv,50.507287,30.437313,90,2018-06,streetview
data/images/kyiv/50.507287_30.437313_h180.jpg,kyiv,50.507287,30.437313,180,2018-06,streetview
data/images/kyiv/50.507287_30.437313_h270.jpg,kyiv,50.507287,30.437313,270,2018-06,streetview
data/images/kyiv/50.506209_30.471207_h0.jpg,kyiv,50.506209,30.471207,0,2020-10,streetview
data/images/kyiv/50.506209_30.471207_h90.jpg,kyiv,50.506209,30.471207,90,2020-10,streetview
data/images/kyiv/50.506209_30.471207_h180.jpg,kyiv,50.506209,30.471207,180,2020-10,streetview
data/images/kyiv/50.506209_30.471207_h270.jpg,kyiv,50.506209,30.471207,270,2020-10,streetview
data/images/kyiv/50.451232_30.467551_h0.jpg,kyiv,50.451232,30.467551,0,2018-08,streetview
data/images/kyiv/50.451232_30.467551_h90.jpg,kyiv,50.451232,30.467551,90,2018-08,streetview
data/images/kyiv/50.451232_30.467551_h180.jpg,kyiv,50.451232,30.467551,180,2018-08,streetview
data/images/kyiv/50.451232_30.467551_h270.jpg,kyiv,50.451232,30.467551,270,2018-08,streetview
data/images/kyiv/50.465246_30.545519_h0.jpg,kyiv,50.465246,30.545519,0,2021-08,streetview
data/images/kyiv/50.465246_30.545519_h90.jpg,kyiv,50.465246,30.545519,90,2021-08,streetview
data/images/kyiv/50.465246_30.545519_h180.jpg,kyiv,50.465246,30.545519,180,2021-08,streetview
data/images/kyiv/50.465246_30.545519_h270.jpg,kyiv,50.465246,30.545519,270,2021-08,streetview
data/images/kyiv/50.453388_30.589461_h0.jpg,kyiv,50.453388,30.589461,0,2019-09,streetview
data/images/kyiv/50.453388_30.589461_h90.jpg,kyiv,50.453388,30.589461,90,2019-09,streetview
data/images/kyiv/50.453388_30.589461_h180.jpg,kyiv,50.453388,30.589461,180,2019-09,streetview
data/images/kyiv/50.453388_30.589461_h270.jpg,kyiv,50.453388,30.589461,270,2019-09,streetview
data/images/kyiv/50.320797_30.645885_h0.jpg,kyiv,50.320797,30.645885,0,2021-01,streetview
data/images/kyiv/50.320797_30.645885_h90.jpg,kyiv,50.320797,30.645885,90,2021-01,streetview
data/images/kyiv/50.320797_30.645885_h180.jpg,kyiv,50.320797,30.645885,180,2021-01,streetview
data/images/kyiv/50.320797_30.645885_h270.jpg,kyiv,50.320797,30.645885,270,2021-01,streetview
data/images/kyiv/50.550406_30.61563_h0.jpg,kyiv,50.550406,30.61563,0,2019-03,streetview
data/images/kyiv/50.550406_30.61563_h90.jpg,kyiv,50.550406,30.61563,90,2019-03,streetview
data/images/kyiv/50.550406_30.61563_h180.jpg,kyiv,50.550406,30.61563,180,2019-03,streetview
data/images/kyiv/50.550406_30.61563_h270.jpg,kyiv,50.550406,30.61563,270,2019-03,streetview
data/images/kyiv/50.502975_30.447463_h0.jpg,kyiv,50.502975,30.447463,0,2020-03,streetview
data/images/kyiv/50.502975_30.447463_h90.jpg,kyiv,50.502975,30.447463,90,2020-03,streetview
data/images/kyiv/50.502975_30.447463_h180.jpg,kyiv,50.502975,30.447463,180,2020-03,streetview
data/images/kyiv/50.502975_30.447463_h270.jpg,kyiv,50.502975,30.447463,270,2020-03,streetview
data/images/kyiv/50.472792_30.445637_h0.jpg,kyiv,50.472792,30.445637,0,2026-04,streetview
data/images/kyiv/50.472792_30.445637_h90.jpg,kyiv,50.472792,30.445637,90,2026-04,streetview
data/images/kyiv/50.472792_30.445637_h180.jpg,kyiv,50.472792,30.445637,180,2026-04,streetview
data/images/kyiv/50.472792_30.445637_h270.jpg,kyiv,50.472792,30.445637,270,2026-04,streetview
data/images/kyiv/50.424283_30.472497_h0.jpg,kyiv,50.424283,30.472497,0,2023-11,streetview
data/images/kyiv/50.424283_30.472497_h90.jpg,kyiv,50.424283,30.472497,90,2023-11,streetview
data/images/kyiv/50.424283_30.472497_h180.jpg,kyiv,50.424283,30.472497,180,2023-11,streetview
data/images/kyiv/50.424283_30.472497_h270.jpg,kyiv,50.424283,30.472497,270,2023-11,streetview
data/images/kyiv/50.344513_30.625818_h0.jpg,kyiv,50.344513,30.625818,0,2019-08,streetview
data/images/kyiv/50.344513_30.625818_h90.jpg,kyiv,50.344513,30.625818,90,2019-08,streetview
data/images/kyiv/50.344513_30.625818_h180.jpg,kyiv,50.344513,30.625818,180,2019-08,streetview
data/images/kyiv/50.344513_30.625818_h270.jpg,kyiv,50.344513,30.625818,270,2019-08,streetview
data/images/kyiv/50.485727_30.33557_h0.jpg,kyiv,50.485727,30.33557,0,2019-03,streetview
data/images/kyiv/50.485727_30.33557_h90.jpg,kyiv,50.485727,30.33557,90,2019-03,streetview
data/images/kyiv/50.485727_30.33557_h180.jpg,kyiv,50.485727,30.33557,180,2019-03,streetview
data/images/kyiv/50.485727_30.33557_h270.jpg,kyiv,50.485727,30.33557,270,2019-03,streetview
data/images/kyiv/50.384398_30.455395_h0.jpg,kyiv,50.384398,30.455395,0,2019-06,streetview
data/images/kyiv/50.384398_30.455395_h90.jpg,kyiv,50.384398,30.455395,90,2019-06,streetview
data/images/kyiv/50.384398_30.455395_h180.jpg,kyiv,50.384398,30.455395,180,2019-06,streetview
data/images/kyiv/50.384398_30.455395_h270.jpg,kyiv,50.384398,30.455395,270,2019-06,streetview
data/images/kyiv/50.384398_30.389462_h0.jpg,kyiv,50.384398,30.389462,0,2019-07,streetview
data/images/kyiv/50.384398_30.389462_h90.jpg,kyiv,50.384398,30.389462,90,2019-07,streetview
data/images/kyiv/50.384398_30.389462_h180.jpg,kyiv,50.384398,30.389462,180,2019-07,streetview
data/images/kyiv/50.384398_30.389462_h270.jpg,kyiv,50.384398,30.389462,270,2019-07,streetview
data/images/kyiv/50.459856_30.633534_h0.jpg,kyiv,50.459856,30.633534,0,2019-11,streetview
data/images/kyiv/50.459856_30.633534_h90.jpg,kyiv,50.459856,30.633534,90,2019-11,streetview
data/images/kyiv/50.459856_30.633534_h180.jpg,kyiv,50.459856,30.633534,180,2019-11,streetview
data/images/kyiv/50.459856_30.633534_h270.jpg,kyiv,50.459856,30.633534,270,2019-11,streetview
data/images/kyiv/50.408113_30.655092_h0.jpg,kyiv,50.408113,30.655092,0,2020-10,streetview
data/images/kyiv/50.408113_30.655092_h90.jpg,kyiv,50.408113,30.655092,90,2020-10,streetview
data/images/kyiv/50.408113_30.655092_h180.jpg,kyiv,50.408113,30.655092,180,2020-10,streetview
data/images/kyiv/50.408113_30.655092_h270.jpg,kyiv,50.408113,30.655092,270,2020-10,streetview
data/images/kyiv/50.55364_30.26445_h0.jpg,kyiv,50.55364,30.26445,0,2019-07,streetview
data/images/kyiv/50.55364_30.26445_h90.jpg,kyiv,50.55364,30.26445,90,2019-07,streetview
data/images/kyiv/50.55364_30.26445_h180.jpg,kyiv,50.55364,30.26445,180,2019-07,streetview
data/images/kyiv/50.55364_30.26445_h270.jpg,kyiv,50.55364,30.26445,270,2019-07,streetview
data/images/kyiv/50.437218_30.601189_h0.jpg,kyiv,50.437218,30.601189,0,2021-08,streetview
data/images/kyiv/50.437218_30.601189_h90.jpg,kyiv,50.437218,30.601189,90,2021-08,streetview
data/images/kyiv/50.437218_30.601189_h180.jpg,kyiv,50.437218,30.601189,180,2021-08,streetview
data/images/kyiv/50.437218_30.601189_h270.jpg,kyiv,50.437218,30.601189,270,2021-08,streetview
data/images/kyiv/50.589213_30.500481_h0.jpg,kyiv,50.589213,30.500481,0,2021-06,streetview
data/images/kyiv/50.589213_30.500481_h90.jpg,kyiv,50.589213,30.500481,90,2021-06,streetview
data/images/kyiv/50.589213_30.500481_h180.jpg,kyiv,50.589213,30.500481,180,2021-06,streetview
data/images/kyiv/50.589213_30.500481_h270.jpg,kyiv,50.589213,30.500481,270,2021-06,streetview
data/images/kyiv/50.422127_30.548623_h0.jpg,kyiv,50.422127,30.548623,0,2020-10,streetview
data/images/kyiv/50.422127_30.548623_h90.jpg,kyiv,50.422127,30.548623,90,2020-10,streetview
data/images/kyiv/50.422127_30.548623_h180.jpg,kyiv,50.422127,30.548623,180,2020-10,streetview
data/images/kyiv/50.422127_30.548623_h270.jpg,kyiv,50.422127,30.548623,270,2020-10,streetview
data/images/kyiv/50.494351_30.52029_h0.jpg,kyiv,50.494351,30.52029,0,2019-05,streetview
data/images/kyiv/50.494351_30.52029_h90.jpg,kyiv,50.494351,30.52029,90,2019-05,streetview
data/images/kyiv/50.494351_30.52029_h180.jpg,kyiv,50.494351,30.52029,180,2019-05,streetview
data/images/kyiv/50.494351_30.52029_h270.jpg,kyiv,50.494351,30.52029,270,2019-05,streetview
data/images/kyiv/50.467402_30.359242_h0.jpg,kyiv,50.467402,30.359242,0,2021-06,streetview
data/images/kyiv/50.467402_30.359242_h90.jpg,kyiv,50.467402,30.359242,90,2021-06,streetview
data/images/kyiv/50.467402_30.359242_h180.jpg,kyiv,50.467402,30.359242,180,2021-06,streetview
data/images/kyiv/50.467402_30.359242_h270.jpg,kyiv,50.467402,30.359242,270,2021-06,streetview
data/images/kyiv/50.582745_30.47498_h0.jpg,kyiv,50.582745,30.47498,0,2021-12,streetview
data/images/kyiv/50.582745_30.47498_h90.jpg,kyiv,50.582745,30.47498,90,2021-12,streetview
data/images/kyiv/50.582745_30.47498_h180.jpg,kyiv,50.582745,30.47498,180,2021-12,streetview
data/images/kyiv/50.582745_30.47498_h270.jpg,kyiv,50.582745,30.47498,270,2021-12,streetview
data/images/kyiv/50.460934_30.65217_h0.jpg,kyiv,50.460934,30.65217,0,2019-05,streetview
data/images/kyiv/50.460934_30.65217_h90.jpg,kyiv,50.460934,30.65217,90,2019-05,streetview
data/images/kyiv/50.460934_30.65217_h180.jpg,kyiv,50.460934,30.65217,180,2019-05,streetview
data/images/kyiv/50.460934_30.65217_h270.jpg,kyiv,50.460934,30.65217,270,2019-05,streetview
data/images/kyiv/50.470636_30.611606_h0.jpg,kyiv,50.470636,30.611606,0,2018-09,streetview
data/images/kyiv/50.470636_30.611606_h90.jpg,kyiv,50.470636,30.611606,90,2018-09,streetview
data/images/kyiv/50.470636_30.611606_h180.jpg,kyiv,50.470636,30.611606,180,2018-09,streetview
data/images/kyiv/50.470636_30.611606_h270.jpg,kyiv,50.470636,30.611606,270,2018-09,streetview
data/images/kyiv/50.427517_30.499587_h0.jpg,kyiv,50.427517,30.499587,0,2019-07,streetview
data/images/kyiv/50.427517_30.499587_h90.jpg,kyiv,50.427517,30.499587,90,2019-07,streetview
data/images/kyiv/50.427517_30.499587_h180.jpg,kyiv,50.427517,30.499587,180,2019-07,streetview
data/images/kyiv/50.427517_30.499587_h270.jpg,kyiv,50.427517,30.499587,270,2019-07,streetview
data/images/kyiv/50.408113_30.458886_h0.jpg,kyiv,50.408113,30.458886,0,2021-08,streetview
data/images/kyiv/50.408113_30.458886_h90.jpg,kyiv,50.408113,30.458886,90,2021-08,streetview
data/images/kyiv/50.408113_30.458886_h180.jpg,kyiv,50.408113,30.458886,180,2021-08,streetview
data/images/kyiv/50.408113_30.458886_h270.jpg,kyiv,50.408113,30.458886,270,2021-08,streetview
data/images/kyiv/50.424283_30.560481_h0.jpg,kyiv,50.424283,30.560481,0,2019-03,streetview
data/images/kyiv/50.424283_30.560481_h90.jpg,kyiv,50.424283,30.560481,90,2019-03,streetview
data/images/kyiv/50.424283_30.560481_h180.jpg,kyiv,50.424283,30.560481,180,2019-03,streetview
data/images/kyiv/50.424283_30.560481_h270.jpg,kyiv,50.424283,30.560481,270,2019-03,streetview
data/images/kyiv/50.278756_30.69107_h0.jpg,kyiv,50.278756,30.69107,0,2019-11,streetview
data/images/kyiv/50.278756_30.69107_h90.jpg,kyiv,50.278756,30.69107,90,2019-11,streetview
data/images/kyiv/50.278756_30.69107_h180.jpg,kyiv,50.278756,30.69107,180,2019-11,streetview
data/images/kyiv/50.278756_30.69107_h270.jpg,kyiv,50.278756,30.69107,270,2019-11,streetview
data/images/kyiv/50.471714_30.547254_h0.jpg,kyiv,50.471714,30.547254,0,2021-03,streetview
data/images/kyiv/50.471714_30.547254_h90.jpg,kyiv,50.471714,30.547254,90,2021-03,streetview
data/images/kyiv/50.471714_30.547254_h180.jpg,kyiv,50.471714,30.547254,180,2021-03,streetview
data/images/kyiv/50.471714_30.547254_h270.jpg,kyiv,50.471714,30.547254,270,2021-03,streetview
data/images/kyiv/50.555796_30.64791_h0.jpg,kyiv,50.555796,30.64791,0,2019-03,streetview
data/images/kyiv/50.555796_30.64791_h90.jpg,kyiv,50.555796,30.64791,90,2019-03,streetview
data/images/kyiv/50.555796_30.64791_h180.jpg,kyiv,50.555796,30.64791,180,2019-03,streetview
data/images/kyiv/50.555796_30.64791_h270.jpg,kyiv,50.555796,30.64791,270,2019-03,streetview
data/images/kyiv/50.470636_30.614994_h0.jpg,kyiv,50.470636,30.614994,0,2019-09,streetview
data/images/kyiv/50.470636_30.614994_h90.jpg,kyiv,50.470636,30.614994,90,2019-09,streetview
data/images/kyiv/50.470636_30.614994_h180.jpg,kyiv,50.470636,30.614994,180,2019-09,streetview
data/images/kyiv/50.470636_30.614994_h270.jpg,kyiv,50.470636,30.614994,270,2019-09,streetview
data/images/kyiv/50.408113_30.633103_h0.jpg,kyiv,50.408113,30.633103,0,2019-03,streetview
data/images/kyiv/50.408113_30.633103_h90.jpg,kyiv,50.408113,30.633103,90,2019-03,streetview
data/images/kyiv/50.408113_30.633103_h180.jpg,kyiv,50.408113,30.633103,180,2019-03,streetview
data/images/kyiv/50.408113_30.633103_h270.jpg,kyiv,50.408113,30.633103,270,2019-03,streetview
data/images/kyiv/50.4577_30.63013_h0.jpg,kyiv,50.4577,30.63013,0,2019-06,streetview
data/images/kyiv/50.4577_30.63013_h90.jpg,kyiv,50.4577,30.63013,90,2019-06,streetview
data/images/kyiv/50.4577_30.63013_h180.jpg,kyiv,50.4577,30.63013,180,2019-06,streetview
data/images/kyiv/50.4577_30.63013_h270.jpg,kyiv,50.4577,30.63013,270,2019-06,streetview
data/images/kyiv/50.397333_30.641469_h0.jpg,kyiv,50.397333,30.641469,0,2022-01,streetview
data/images/kyiv/50.397333_30.641469_h90.jpg,kyiv,50.397333,30.641469,90,2022-01,streetview
data/images/kyiv/50.397333_30.641469_h180.jpg,kyiv,50.397333,30.641469,180,2022-01,streetview
data/images/kyiv/50.397333_30.641469_h270.jpg,kyiv,50.397333,30.641469,270,2022-01,streetview
data/images/kyiv/50.410269_30.644962_h0.jpg,kyiv,50.410269,30.644962,0,2020-10,streetview
data/images/kyiv/50.410269_30.644962_h90.jpg,kyiv,50.410269,30.644962,90,2020-10,streetview
data/images/kyiv/50.410269_30.644962_h180.jpg,kyiv,50.410269,30.644962,180,2020-10,streetview
data/images/kyiv/50.410269_30.644962_h270.jpg,kyiv,50.410269,30.644962,270,2020-10,streetview
data/images/kyiv/50.346669_30.421438_h0.jpg,kyiv,50.346669,30.421438,0,2021-08,streetview
data/images/kyiv/50.346669_30.421438_h90.jpg,kyiv,50.346669,30.421438,90,2021-08,streetview
data/images/kyiv/50.346669_30.421438_h180.jpg,kyiv,50.346669,30.421438,180,2021-08,streetview
data/images/kyiv/50.346669_30.421438_h270.jpg,kyiv,50.346669,30.421438,270,2021-08,streetview
data/images/kyiv/50.578433_30.712613_h0.jpg,kyiv,50.578433,30.712613,0,2019-03,streetview
data/images/kyiv/50.578433_30.712613_h90.jpg,kyiv,50.578433,30.712613,90,2019-03,streetview
data/images/kyiv/50.578433_30.712613_h180.jpg,kyiv,50.578433,30.712613,180,2019-03,streetview
data/images/kyiv/50.578433_30.712613_h270.jpg,kyiv,50.578433,30.712613,270,2019-03,streetview
data/images/kyiv/50.518066_30.60859_h0.jpg,kyiv,50.518066,30.60859,0,2020-04,streetview
data/images/kyiv/50.518066_30.60859_h90.jpg,kyiv,50.518066,30.60859,90,2020-04,streetview
data/images/kyiv/50.518066_30.60859_h180.jpg,kyiv,50.518066,30.60859,180,2020-04,streetview
data/images/kyiv/50.518066_30.60859_h270.jpg,kyiv,50.518066,30.60859,270,2020-04,streetview
data/images/kyiv/50.453388_30.396453_h0.jpg,kyiv,50.453388,30.396453,0,2019-05,streetview
data/images/kyiv/50.453388_30.396453_h90.jpg,kyiv,50.453388,30.396453,90,2019-05,streetview
data/images/kyiv/50.453388_30.396453_h180.jpg,kyiv,50.453388,30.396453,180,2019-05,streetview
data/images/kyiv/50.453388_30.396453_h270.jpg,kyiv,50.453388,30.396453,270,2019-05,streetview
data/images/kyiv/50.52669_30.466221_h0.jpg,kyiv,50.52669,30.466221,0,2020-05,streetview
data/images/kyiv/50.52669_30.466221_h90.jpg,kyiv,50.52669,30.466221,90,2020-05,streetview
data/images/kyiv/50.52669_30.466221_h180.jpg,kyiv,50.52669,30.466221,180,2020-05,streetview
data/images/kyiv/50.52669_30.466221_h270.jpg,kyiv,50.52669,30.466221,270,2020-05,streetview
data/images/kyiv/50.431829_30.382844_h0.jpg,kyiv,50.431829,30.382844,0,2025-07,streetview
data/images/kyiv/50.431829_30.382844_h90.jpg,kyiv,50.431829,30.382844,90,2025-07,streetview
data/images/kyiv/50.431829_30.382844_h180.jpg,kyiv,50.431829,30.382844,180,2025-07,streetview
data/images/kyiv/50.431829_30.382844_h270.jpg,kyiv,50.431829,30.382844,270,2025-07,streetview
data/images/kyiv/50.379008_30.484107_h0.jpg,kyiv,50.379008,30.484107,0,2022-09,streetview
data/images/kyiv/50.379008_30.484107_h90.jpg,kyiv,50.379008,30.484107,90,2022-09,streetview
data/images/kyiv/50.379008_30.484107_h180.jpg,kyiv,50.379008,30.484107,180,2022-09,streetview
data/images/kyiv/50.379008_30.484107_h270.jpg,kyiv,50.379008,30.484107,270,2022-09,streetview
data/images/kyiv/50.401645_30.611064_h0.jpg,kyiv,50.401645,30.611064,0,2021-09,streetview
data/images/kyiv/50.401645_30.611064_h90.jpg,kyiv,50.401645,30.611064,90,2021-09,streetview
data/images/kyiv/50.401645_30.611064_h180.jpg,kyiv,50.401645,30.611064,180,2021-09,streetview
data/images/kyiv/50.401645_30.611064_h270.jpg,kyiv,50.401645,30.611064,270,2021-09,streetview
data/images/kyiv/50.422127_30.455567_h0.jpg,kyiv,50.422127,30.455567,0,2025-06,streetview
data/images/kyiv/50.422127_30.455567_h90.jpg,kyiv,50.422127,30.455567,90,2025-06,streetview
data/images/kyiv/50.422127_30.455567_h180.jpg,kyiv,50.422127,30.455567,180,2025-06,streetview
data/images/kyiv/50.422127_30.455567_h270.jpg,kyiv,50.422127,30.455567,270,2025-06,streetview
data/images/kyiv/50.498663_30.46778_h0.jpg,kyiv,50.498663,30.46778,0,2020-04,streetview
data/images/kyiv/50.498663_30.46778_h90.jpg,kyiv,50.498663,30.46778,90,2020-04,streetview
data/images/kyiv/50.498663_30.46778_h180.jpg,kyiv,50.498663,30.46778,180,2020-04,streetview
data/images/kyiv/50.498663_30.46778_h270.jpg,kyiv,50.498663,30.46778,270,2020-04,streetview
data/images/kyiv/50.398411_30.340465_h0.jpg,kyiv,50.398411,30.340465,0,2018-11,streetview
data/images/kyiv/50.398411_30.340465_h90.jpg,kyiv,50.398411,30.340465,90,2018-11,streetview
data/images/kyiv/50.398411_30.340465_h180.jpg,kyiv,50.398411,30.340465,180,2018-11,streetview
data/images/kyiv/50.398411_30.340465_h270.jpg,kyiv,50.398411,30.340465,270,2018-11,streetview
data/images/kyiv/50.454466_30.372754_h0.jpg,kyiv,50.454466,30.372754,0,2019-05,streetview
data/images/kyiv/50.454466_30.372754_h90.jpg,kyiv,50.454466,30.372754,90,2019-05,streetview
data/images/kyiv/50.454466_30.372754_h180.jpg,kyiv,50.454466,30.372754,180,2019-05,streetview
data/images/kyiv/50.454466_30.372754_h270.jpg,kyiv,50.454466,30.372754,270,2019-05,streetview
data/images/kyiv/50.438296_30.606274_h0.jpg,kyiv,50.438296,30.606274,0,2026-03,streetview
data/images/kyiv/50.438296_30.606274_h90.jpg,kyiv,50.438296,30.606274,90,2026-03,streetview
data/images/kyiv/50.438296_30.606274_h180.jpg,kyiv,50.438296,30.606274,180,2026-03,streetview
data/images/kyiv/50.438296_30.606274_h270.jpg,kyiv,50.438296,30.606274,270,2026-03,streetview
data/images/kyiv/50.497585_30.764336_h0.jpg,kyiv,50.497585,30.764336,0,2021-11,streetview
data/images/kyiv/50.497585_30.764336_h90.jpg,kyiv,50.497585,30.764336,90,2021-11,streetview
data/images/kyiv/50.497585_30.764336_h180.jpg,kyiv,50.497585,30.764336,180,2021-11,streetview
data/images/kyiv/50.497585_30.764336_h270.jpg,kyiv,50.497585,30.764336,270,2021-11,streetview
data/images/kyiv/50.453388_30.382909_h0.jpg,kyiv,50.453388,30.382909,0,2019-05,streetview
data/images/kyiv/50.453388_30.382909_h90.jpg,kyiv,50.453388,30.382909,90,2019-05,streetview
data/images/kyiv/50.453388_30.382909_h180.jpg,kyiv,50.453388,30.382909,180,2019-05,streetview
data/images/kyiv/50.453388_30.382909_h270.jpg,kyiv,50.453388,30.382909,270,2019-05,streetview
data/images/kyiv/50.540704_30.486642_h0.jpg,kyiv,50.540704,30.486642,0,2021-08,streetview
data/images/kyiv/50.540704_30.486642_h90.jpg,kyiv,50.540704,30.486642,90,2021-08,streetview
data/images/kyiv/50.540704_30.486642_h180.jpg,kyiv,50.540704,30.486642,180,2021-08,streetview
data/images/kyiv/50.540704_30.486642_h270.jpg,kyiv,50.540704,30.486642,270,2021-08,streetview
data/images/kyiv/50.381164_30.448618_h0.jpg,kyiv,50.381164,30.448618,0,2018-06,streetview
data/images/kyiv/50.381164_30.448618_h90.jpg,kyiv,50.381164,30.448618,90,2018-06,streetview
data/images/kyiv/50.381164_30.448618_h180.jpg,kyiv,50.381164,30.448618,180,2018-06,streetview
data/images/kyiv/50.381164_30.448618_h270.jpg,kyiv,50.381164,30.448618,270,2018-06,streetview
data/images/kyiv/50.328343_30.318364_h0.jpg,kyiv,50.328343,30.318364,0,2022-01,streetview
data/images/kyiv/50.328343_30.318364_h90.jpg,kyiv,50.328343,30.318364,90,2022-01,streetview
data/images/kyiv/50.328343_30.318364_h180.jpg,kyiv,50.328343,30.318364,180,2022-01,streetview
data/images/kyiv/50.328343_30.318364_h270.jpg,kyiv,50.328343,30.318364,270,2022-01,streetview
data/images/kyiv/50.472792_30.552342_h0.jpg,kyiv,50.472792,30.552342,0,2021-04,streetview
data/images/kyiv/50.472792_30.552342_h90.jpg,kyiv,50.472792,30.552342,90,2021-04,streetview
data/images/kyiv/50.472792_30.552342_h180.jpg,kyiv,50.472792,30.552342,180,2021-04,streetview
data/images/kyiv/50.472792_30.552342_h270.jpg,kyiv,50.472792,30.552342,270,2021-04,streetview
data/images/kyiv/50.234559_30.796823_h0.jpg,kyiv,50.234559,30.796823,0,2021-05,streetview
data/images/kyiv/50.234559_30.796823_h90.jpg,kyiv,50.234559,30.796823,90,2021-05,streetview
data/images/kyiv/50.234559_30.796823_h180.jpg,kyiv,50.234559,30.796823,180,2021-05,streetview
data/images/kyiv/50.234559_30.796823_h270.jpg,kyiv,50.234559,30.796823,270,2021-05,streetview
data/images/kyiv/50.589213_30.491991_h0.jpg,kyiv,50.589213,30.491991,0,2020-08,streetview
data/images/kyiv/50.589213_30.491991_h90.jpg,kyiv,50.589213,30.491991,90,2020-08,streetview
data/images/kyiv/50.589213_30.491991_h180.jpg,kyiv,50.589213,30.491991,180,2020-08,streetview
data/images/kyiv/50.589213_30.491991_h270.jpg,kyiv,50.589213,30.491991,270,2020-08,streetview
data/images/kyiv/50.479259_30.452441_h0.jpg,kyiv,50.479259,30.452441,0,2019-03,streetview
data/images/kyiv/50.479259_30.452441_h90.jpg,kyiv,50.479259,30.452441,90,2019-03,streetview
data/images/kyiv/50.479259_30.452441_h180.jpg,kyiv,50.479259,30.452441,180,2019-03,streetview
data/images/kyiv/50.479259_30.452441_h270.jpg,kyiv,50.479259,30.452441,270,2019-03,streetview
data/images/kyiv/50.422127_30.37943_h0.jpg,kyiv,50.422127,30.37943,0,2023-11,streetview
data/images/kyiv/50.422127_30.37943_h90.jpg,kyiv,50.422127,30.37943,90,2023-11,streetview
data/images/kyiv/50.422127_30.37943_h180.jpg,kyiv,50.422127,30.37943,180,2023-11,streetview
data/images/kyiv/50.422127_30.37943_h270.jpg,kyiv,50.422127,30.37943,270,2023-11,streetview
data/images/kyiv/50.38332_30.501035_h0.jpg,kyiv,50.38332,30.501035,0,2024-08,streetview
data/images/kyiv/50.38332_30.501035_h90.jpg,kyiv,50.38332,30.501035,90,2024-08,streetview
data/images/kyiv/50.38332_30.501035_h180.jpg,kyiv,50.38332,30.501035,180,2024-08,streetview
data/images/kyiv/50.38332_30.501035_h270.jpg,kyiv,50.38332,30.501035,270,2024-08,streetview
data/images/kyiv/50.30355_30.667678_h0.jpg,kyiv,50.30355,30.667678,0,2019-11,streetview
data/images/kyiv/50.30355_30.667678_h90.jpg,kyiv,50.30355,30.667678,90,2019-11,streetview
data/images/kyiv/50.30355_30.667678_h180.jpg,kyiv,50.30355,30.667678,180,2019-11,streetview
data/images/kyiv/50.30355_30.667678_h270.jpg,kyiv,50.30355,30.667678,270,2019-11,streetview
data/images/kyiv/50.478181_30.484621_h0.jpg,kyiv,50.478181,30.484621,0,2021-08,streetview
data/images/kyiv/50.478181_30.484621_h90.jpg,kyiv,50.478181,30.484621,90,2021-08,streetview
data/images/kyiv/50.478181_30.484621_h180.jpg,kyiv,50.478181,30.484621,180,2021-08,streetview
data/images/kyiv/50.478181_30.484621_h270.jpg,kyiv,50.478181,30.484621,270,2021-08,streetview
data/images/kyiv/50.379008_30.441847_h0.jpg,kyiv,50.379008,30.441847,0,2020-02,streetview
data/images/kyiv/50.379008_30.441847_h90.jpg,kyiv,50.379008,30.441847,90,2020-02,streetview
data/images/kyiv/50.379008_30.441847_h180.jpg,kyiv,50.379008,30.441847,180,2020-02,streetview
data/images/kyiv/50.379008_30.441847_h270.jpg,kyiv,50.379008,30.441847,270,2020-02,streetview
data/images/kyiv/50.560107_30.692067_h0.jpg,kyiv,50.560107,30.692067,0,2019-07,streetview
data/images/kyiv/50.560107_30.692067_h90.jpg,kyiv,50.560107,30.692067,90,2019-07,streetview
data/images/kyiv/50.560107_30.692067_h180.jpg,kyiv,50.560107,30.692067,180,2019-07,streetview
data/images/kyiv/50.560107_30.692067_h270.jpg,kyiv,50.560107,30.692067,270,2019-07,streetview
data/images/kyiv/50.398411_30.622876_h0.jpg,kyiv,50.398411,30.622876,0,2021-11,streetview
data/images/kyiv/50.398411_30.622876_h90.jpg,kyiv,50.398411,30.622876,90,2021-11,streetview
data/images/kyiv/50.398411_30.622876_h180.jpg,kyiv,50.398411,30.622876,180,2021-11,streetview
data/images/kyiv/50.398411_30.622876_h270.jpg,kyiv,50.398411,30.622876,270,2021-11,streetview
data/images/kyiv/50.418893_30.524917_h0.jpg,kyiv,50.418893,30.524917,0,2021-07,streetview
data/images/kyiv/50.418893_30.524917_h90.jpg,kyiv,50.418893,30.524917,90,2021-07,streetview
data/images/kyiv/50.418893_30.524917_h180.jpg,kyiv,50.418893,30.524917,180,2021-07,streetview
data/images/kyiv/50.418893_30.524917_h270.jpg,kyiv,50.418893,30.524917,270,2021-07,streetview
data/images/kyiv/50.474948_30.498154_h0.jpg,kyiv,50.474948,30.498154,0,2025-06,streetview
data/images/kyiv/50.474948_30.498154_h90.jpg,kyiv,50.474948,30.498154,90,2025-06,streetview
data/images/kyiv/50.474948_30.498154_h180.jpg,kyiv,50.474948,30.498154,180,2025-06,streetview
data/images/kyiv/50.474948_30.498154_h270.jpg,kyiv,50.474948,30.498154,270,2025-06,streetview
data/images/kyiv/50.38332_30.807023_h0.jpg,kyiv,50.38332,30.807023,0,2018-10,streetview
data/images/kyiv/50.38332_30.807023_h90.jpg,kyiv,50.38332,30.807023,90,2018-10,streetview
data/images/kyiv/50.38332_30.807023_h180.jpg,kyiv,50.38332,30.807023,180,2018-10,streetview
data/images/kyiv/50.38332_30.807023_h270.jpg,kyiv,50.38332,30.807023,270,2018-10,streetview
data/images/kyiv/50.439374_30.284699_h0.jpg,kyiv,50.439374,30.284699,0,2021-12,streetview
data/images/kyiv/50.439374_30.284699_h90.jpg,kyiv,50.439374,30.284699,90,2021-12,streetview
data/images/kyiv/50.439374_30.284699_h180.jpg,kyiv,50.439374,30.284699,180,2021-12,streetview
data/images/kyiv/50.439374_30.284699_h270.jpg,kyiv,50.439374,30.284699,270,2021-12,streetview
data/images/kyiv/50.296004_30.45668_h0.jpg,kyiv,50.296004,30.45668,0,2020-07,streetview
data/images/kyiv/50.296004_30.45668_h90.jpg,kyiv,50.296004,30.45668,90,2020-07,streetview
data/images/kyiv/50.296004_30.45668_h180.jpg,kyiv,50.296004,30.45668,180,2020-07,streetview
data/images/kyiv/50.296004_30.45668_h270.jpg,kyiv,50.296004,30.45668,270,2020-07,streetview
data/images/kyiv/50.485727_30.482966_h0.jpg,kyiv,50.485727,30.482966,0,2018-07,streetview
data/images/kyiv/50.485727_30.482966_h90.jpg,kyiv,50.485727,30.482966,90,2018-07,streetview
data/images/kyiv/50.485727_30.482966_h180.jpg,kyiv,50.485727,30.482966,180,2018-07,streetview
data/images/kyiv/50.485727_30.482966_h270.jpg,kyiv,50.485727,30.482966,270,2018-07,streetview
data/images/kyiv/50.454466_30.530211_h0.jpg,kyiv,50.454466,30.530211,0,2021-07,streetview
data/images/kyiv/50.454466_30.530211_h90.jpg,kyiv,50.454466,30.530211,90,2021-07,streetview
data/images/kyiv/50.454466_30.530211_h180.jpg,kyiv,50.454466,30.530211,180,2021-07,streetview
data/images/kyiv/50.454466_30.530211_h270.jpg,kyiv,50.454466,30.530211,270,2021-07,streetview
data/images/kyiv/50.403801_30.651671_h0.jpg,kyiv,50.403801,30.651671,0,2021-08,streetview
data/images/kyiv/50.403801_30.651671_h90.jpg,kyiv,50.403801,30.651671,90,2021-08,streetview
data/images/kyiv/50.403801_30.651671_h180.jpg,kyiv,50.403801,30.651671,180,2021-08,streetview
data/images/kyiv/50.403801_30.651671_h270.jpg,kyiv,50.403801,30.651671,270,2021-08,streetview
data/images/kyiv/50.403801_30.666893_h0.jpg,kyiv,50.403801,30.666893,0,2025-08,streetview
data/images/kyiv/50.403801_30.666893_h90.jpg,kyiv,50.403801,30.666893,90,2025-08,streetview
data/images/kyiv/50.403801_30.666893_h180.jpg,kyiv,50.403801,30.666893,180,2025-08,streetview
data/images/kyiv/50.403801_30.666893_h270.jpg,kyiv,50.403801,30.666893,270,2025-08,streetview
data/images/kyiv/50.319719_30.654317_h0.jpg,kyiv,50.319719,30.654317,0,2019-11,streetview
data/images/kyiv/50.319719_30.654317_h90.jpg,kyiv,50.319719,30.654317,90,2019-11,streetview
data/images/kyiv/50.319719_30.654317_h180.jpg,kyiv,50.319719,30.654317,180,2019-11,streetview
data/images/kyiv/50.319719_30.654317_h270.jpg,kyiv,50.319719,30.654317,270,2019-11,streetview
data/images/kyiv/50.389788_30.36919_h0.jpg,kyiv,50.389788,30.36919,0,2019-07,streetview
data/images/kyiv/50.389788_30.36919_h90.jpg,kyiv,50.389788,30.36919,90,2019-07,streetview
data/images/kyiv/50.389788_30.36919_h180.jpg,kyiv,50.389788,30.36919,180,2019-07,streetview
data/images/kyiv/50.389788_30.36919_h270.jpg,kyiv,50.389788,30.36919,270,2019-07,streetview
data/images/kyiv/50.453388_30.474334_h0.jpg,kyiv,50.453388,30.474334,0,2025-08,streetview
data/images/kyiv/50.453388_30.474334_h90.jpg,kyiv,50.453388,30.474334,90,2025-08,streetview
data/images/kyiv/50.453388_30.474334_h180.jpg,kyiv,50.453388,30.474334,180,2025-08,streetview
data/images/kyiv/50.453388_30.474334_h270.jpg,kyiv,50.453388,30.474334,270,2025-08,streetview
data/images/kyiv/50.4577_30.523458_h0.jpg,kyiv,50.4577,30.523458,0,2021-12,streetview
data/images/kyiv/50.4577_30.523458_h90.jpg,kyiv,50.4577,30.523458,90,2021-12,streetview
data/images/kyiv/50.4577_30.523458_h180.jpg,kyiv,50.4577,30.523458,180,2021-12,streetview
data/images/kyiv/50.4577_30.523458_h270.jpg,kyiv,50.4577,30.523458,270,2021-12,streetview
data/images/kyiv/50.504053_30.469501_h0.jpg,kyiv,50.504053,30.469501,0,2020-10,streetview
data/images/kyiv/50.504053_30.469501_h90.jpg,kyiv,50.504053,30.469501,90,2020-10,streetview
data/images/kyiv/50.504053_30.469501_h180.jpg,kyiv,50.504053,30.469501,180,2020-10,streetview
data/images/kyiv/50.504053_30.469501_h270.jpg,kyiv,50.504053,30.469501,270,2020-10,streetview
data/images/kyiv/50.402723_30.655044_h0.jpg,kyiv,50.402723,30.655044,0,2018-09,streetview
data/images/kyiv/50.402723_30.655044_h90.jpg,kyiv,50.402723,30.655044,90,2018-09,streetview
data/images/kyiv/50.402723_30.655044_h180.jpg,kyiv,50.402723,30.655044,180,2018-09,streetview
data/images/kyiv/50.402723_30.655044_h270.jpg,kyiv,50.402723,30.655044,270,2018-09,streetview
data/images/kyiv/50.395178_30.468972_h0.jpg,kyiv,50.395178,30.468972,0,2018-11,streetview
data/images/kyiv/50.395178_30.468972_h90.jpg,kyiv,50.395178,30.468972,90,2018-11,streetview
data/images/kyiv/50.395178_30.468972_h180.jpg,kyiv,50.395178,30.468972,180,2018-11,streetview
data/images/kyiv/50.395178_30.468972_h270.jpg,kyiv,50.395178,30.468972,270,2018-11,streetview
data/images/kyiv/50.390866_30.397937_h0.jpg,kyiv,50.390866,30.397937,0,2024-07,streetview
data/images/kyiv/50.390866_30.397937_h90.jpg,kyiv,50.390866,30.397937,90,2024-07,streetview
data/images/kyiv/50.390866_30.397937_h180.jpg,kyiv,50.390866,30.397937,180,2024-07,streetview
data/images/kyiv/50.390866_30.397937_h270.jpg,kyiv,50.390866,30.397937,270,2024-07,streetview
data/images/kyiv/50.578433_30.47326_h0.jpg,kyiv,50.578433,30.47326,0,2021-07,streetview
data/images/kyiv/50.578433_30.47326_h90.jpg,kyiv,50.578433,30.47326,90,2021-07,streetview
data/images/kyiv/50.578433_30.47326_h180.jpg,kyiv,50.578433,30.47326,180,2021-07,streetview
data/images/kyiv/50.578433_30.47326_h270.jpg,kyiv,50.578433,30.47326,270,2021-07,streetview
data/images/kyiv/50.522378_30.779871_h0.jpg,kyiv,50.522378,30.779871,0,2020-07,streetview
data/images/kyiv/50.522378_30.779871_h90.jpg,kyiv,50.522378,30.779871,90,2020-07,streetview
data/images/kyiv/50.522378_30.779871_h180.jpg,kyiv,50.522378,30.779871,180,2020-07,streetview
data/images/kyiv/50.522378_30.779871_h270.jpg,kyiv,50.522378,30.779871,270,2020-07,streetview
data/images/kyiv/50.419971_30.350662_h0.jpg,kyiv,50.419971,30.350662,0,2025-07,streetview
data/images/kyiv/50.419971_30.350662_h90.jpg,kyiv,50.419971,30.350662,90,2025-07,streetview
data/images/kyiv/50.419971_30.350662_h180.jpg,kyiv,50.419971,30.350662,180,2025-07,streetview
data/images/kyiv/50.419971_30.350662_h270.jpg,kyiv,50.419971,30.350662,270,2025-07,streetview
data/images/kyiv/50.403801_30.350624_h0.jpg,kyiv,50.403801,30.350624,0,2018-11,streetview
data/images/kyiv/50.403801_30.350624_h90.jpg,kyiv,50.403801,30.350624,90,2018-11,streetview
data/images/kyiv/50.403801_30.350624_h180.jpg,kyiv,50.403801,30.350624,180,2018-11,streetview
data/images/kyiv/50.403801_30.350624_h270.jpg,kyiv,50.403801,30.350624,270,2018-11,streetview
data/images/kyiv/50.460934_30.508238_h0.jpg,kyiv,50.460934,30.508238,0,2021-06,streetview
data/images/kyiv/50.460934_30.508238_h90.jpg,kyiv,50.460934,30.508238,90,2021-06,streetview
data/images/kyiv/50.460934_30.508238_h180.jpg,kyiv,50.460934,30.508238,180,2021-06,streetview
data/images/kyiv/50.460934_30.508238_h270.jpg,kyiv,50.460934,30.508238,270,2021-06,streetview
data/images/kyiv/50.433985_30.477622_h0.jpg,kyiv,50.433985,30.477622,0,2019-03,streetview
data/images/kyiv/50.433985_30.477622_h90.jpg,kyiv,50.433985,30.477622,90,2019-03,streetview
data/images/kyiv/50.433985_30.477622_h180.jpg,kyiv,50.433985,30.477622,180,2019-03,streetview
data/images/kyiv/50.433985_30.477622_h270.jpg,kyiv,50.433985,30.477622,270,2019-03,streetview
data/images/kyiv/50.500819_30.432201_h0.jpg,kyiv,50.500819,30.432201,0,2018-01,streetview
data/images/kyiv/50.500819_30.432201_h90.jpg,kyiv,50.500819,30.432201,90,2018-01,streetview
data/images/kyiv/50.500819_30.432201_h180.jpg,kyiv,50.500819,30.432201,180,2018-01,streetview
data/images/kyiv/50.500819_30.432201_h270.jpg,kyiv,50.500819,30.432201,270,2018-01,streetview
data/images/kyiv/50.429673_30.372684_h0.jpg,kyiv,50.429673,30.372684,0,2020-12,streetview
data/images/kyiv/50.429673_30.372684_h90.jpg,kyiv,50.429673,30.372684,90,2020-12,streetview
data/images/kyiv/50.429673_30.372684_h180.jpg,kyiv,50.429673,30.372684,180,2020-12,streetview
data/images/kyiv/50.429673_30.372684_h270.jpg,kyiv,50.429673,30.372684,270,2020-12,streetview
data/images/kyiv/50.363916_30.556693_h0.jpg,kyiv,50.363916,30.556693,0,2021-04,streetview
data/images/kyiv/50.363916_30.556693_h90.jpg,kyiv,50.363916,30.556693,90,2021-04,streetview
data/images/kyiv/50.363916_30.556693_h180.jpg,kyiv,50.363916,30.556693,180,2021-04,streetview
data/images/kyiv/50.363916_30.556693_h270.jpg,kyiv,50.363916,30.556693,270,2021-04,streetview
data/images/kyiv/50.381164_30.431713_h0.jpg,kyiv,50.381164,30.431713,0,2019-09,streetview
data/images/kyiv/50.381164_30.431713_h90.jpg,kyiv,50.381164,30.431713,90,2019-09,streetview
data/images/kyiv/50.381164_30.431713_h180.jpg,kyiv,50.381164,30.431713,180,2019-09,streetview
data/images/kyiv/50.381164_30.431713_h270.jpg,kyiv,50.381164,30.431713,270,2019-09,streetview
data/images/kyiv/50.444764_30.513224_h0.jpg,kyiv,50.444764,30.513224,0,2018-01,streetview
data/images/kyiv/50.444764_30.513224_h90.jpg,kyiv,50.444764,30.513224,90,2018-01,streetview
data/images/kyiv/50.444764_30.513224_h180.jpg,kyiv,50.444764,30.513224,180,2018-01,streetview
data/images/kyiv/50.444764_30.513224_h270.jpg,kyiv,50.444764,30.513224,270,2018-01,streetview
data/images/kyiv/50.433985_30.404851_h0.jpg,kyiv,50.433985,30.404851,0,2020-05,streetview
data/images/kyiv/50.433985_30.404851_h90.jpg,kyiv,50.433985,30.404851,90,2020-05,streetview
data/images/kyiv/50.433985_30.404851_h180.jpg,kyiv,50.433985,30.404851,180,2020-05,streetview
data/images/kyiv/50.433985_30.404851_h270.jpg,kyiv,50.433985,30.404851,270,2020-05,streetview
data/images/kyiv/50.454466_30.657192_h0.jpg,kyiv,50.454466,30.657192,0,2018-12,streetview
data/images/kyiv/50.454466_30.657192_h90.jpg,kyiv,50.454466,30.657192,90,2018-12,streetview
data/images/kyiv/50.454466_30.657192_h180.jpg,kyiv,50.454466,30.657192,180,2018-12,streetview
data/images/kyiv/50.454466_30.657192_h270.jpg,kyiv,50.454466,30.657192,270,2018-12,streetview
data/images/kyiv/50.450154_30.528491_h0.jpg,kyiv,50.450154,30.528491,0,2019-03,streetview
data/images/kyiv/50.450154_30.528491_h90.jpg,kyiv,50.450154,30.528491,90,2019-03,streetview
data/images/kyiv/50.450154_30.528491_h180.jpg,kyiv,50.450154,30.528491,180,2019-03,streetview
data/images/kyiv/50.450154_30.528491_h270.jpg,kyiv,50.450154,30.528491,270,2019-03,streetview
data/images/kyiv/50.413503_30.639914_h0.jpg,kyiv,50.413503,30.639914,0,2021-01,streetview
data/images/kyiv/50.413503_30.639914_h90.jpg,kyiv,50.413503,30.639914,90,2021-01,streetview
data/images/kyiv/50.413503_30.639914_h180.jpg,kyiv,50.413503,30.639914,180,2021-01,streetview
data/images/kyiv/50.413503_30.639914_h270.jpg,kyiv,50.413503,30.639914,270,2021-01,streetview
data/images/kyiv/50.525612_30.618823_h0.jpg,kyiv,50.525612,30.618823,0,2020-08,streetview
data/images/kyiv/50.525612_30.618823_h90.jpg,kyiv,50.525612,30.618823,90,2020-08,streetview
data/images/kyiv/50.525612_30.618823_h180.jpg,kyiv,50.525612,30.618823,180,2020-08,streetview
data/images/kyiv/50.525612_30.618823_h270.jpg,kyiv,50.525612,30.618823,270,2020-08,streetview
data/images/kyiv/50.426439_30.601106_h0.jpg,kyiv,50.426439,30.601106,0,2022-02,streetview
data/images/kyiv/50.426439_30.601106_h90.jpg,kyiv,50.426439,30.601106,90,2022-02,streetview
data/images/kyiv/50.426439_30.601106_h180.jpg,kyiv,50.426439,30.601106,180,2022-02,streetview
data/images/kyiv/50.426439_30.601106_h270.jpg,kyiv,50.426439,30.601106,270,2022-02,streetview
data/images/kyiv/50.54825_30.500254_h0.jpg,kyiv,50.54825,30.500254,0,2021-05,streetview
data/images/kyiv/50.54825_30.500254_h90.jpg,kyiv,50.54825,30.500254,90,2021-05,streetview
data/images/kyiv/50.54825_30.500254_h180.jpg,kyiv,50.54825,30.500254,180,2021-05,streetview
data/images/kyiv/50.54825_30.500254_h270.jpg,kyiv,50.54825,30.500254,270,2021-05,streetview
data/images/kyiv/50.327265_30.699974_h0.jpg,kyiv,50.327265,30.699974,0,2020-08,streetview
data/images/kyiv/50.327265_30.699974_h90.jpg,kyiv,50.327265,30.699974,90,2020-08,streetview
data/images/kyiv/50.327265_30.699974_h180.jpg,kyiv,50.327265,30.699974,180,2020-08,streetview
data/images/kyiv/50.327265_30.699974_h270.jpg,kyiv,50.327265,30.699974,270,2020-08,streetview
data/images/kyiv/50.370384_30.465471_h0.jpg,kyiv,50.370384,30.465471,0,2018-10,streetview
data/images/kyiv/50.370384_30.465471_h90.jpg,kyiv,50.370384,30.465471,90,2018-10,streetview
data/images/kyiv/50.370384_30.465471_h180.jpg,kyiv,50.370384,30.465471,180,2018-10,streetview
data/images/kyiv/50.370384_30.465471_h270.jpg,kyiv,50.370384,30.465471,270,2018-10,streetview
data/images/kyiv/50.423205_30.511407_h0.jpg,kyiv,50.423205,30.511407,0,2021-08,streetview
data/images/kyiv/50.423205_30.511407_h90.jpg,kyiv,50.423205,30.511407,90,2021-08,streetview
data/images/kyiv/50.423205_30.511407_h180.jpg,kyiv,50.423205,30.511407,180,2021-08,streetview
data/images/kyiv/50.423205_30.511407_h270.jpg,kyiv,50.423205,30.511407,270,2021-08,streetview
data/images/kyiv/50.451232_30.675786_h0.jpg,kyiv,50.451232,30.675786,0,2023-09,streetview
data/images/kyiv/50.451232_30.675786_h90.jpg,kyiv,50.451232,30.675786,90,2023-09,streetview
data/images/kyiv/50.451232_30.675786_h180.jpg,kyiv,50.451232,30.675786,180,2023-09,streetview
data/images/kyiv/50.451232_30.675786_h270.jpg,kyiv,50.451232,30.675786,270,2023-09,streetview
data/images/kyiv/50.493273_30.488088_h0.jpg,kyiv,50.493273,30.488088,0,2025-02,streetview
data/images/kyiv/50.493273_30.488088_h90.jpg,kyiv,50.493273,30.488088,90,2025-02,streetview
data/images/kyiv/50.493273_30.488088_h180.jpg,kyiv,50.493273,30.488088,180,2025-02,streetview
data/images/kyiv/50.493273_30.488088_h270.jpg,kyiv,50.493273,30.488088,270,2025-02,streetview
data/images/kyiv/50.470636_30.445627_h0.jpg,kyiv,50.470636,30.445627,0,2026-05,streetview
data/images/kyiv/50.470636_30.445627_h90.jpg,kyiv,50.470636,30.445627,90,2026-05,streetview
data/images/kyiv/50.470636_30.445627_h180.jpg,kyiv,50.470636,30.445627,180,2026-05,streetview
data/images/kyiv/50.470636_30.445627_h270.jpg,kyiv,50.470636,30.445627,270,2026-05,streetview
data/images/kyiv/50.253963_30.436256_h0.jpg,kyiv,50.253963,30.436256,0,2021-01,streetview
data/images/kyiv/50.253963_30.436256_h90.jpg,kyiv,50.253963,30.436256,90,2021-01,streetview
data/images/kyiv/50.253963_30.436256_h180.jpg,kyiv,50.253963,30.436256,180,2021-01,streetview
data/images/kyiv/50.253963_30.436256_h270.jpg,kyiv,50.253963,30.436256,270,2021-01,streetview
data/images/kyiv/50.398411_30.382742_h0.jpg,kyiv,50.398411,30.382742,0,2018-11,streetview
data/images/kyiv/50.398411_30.382742_h90.jpg,kyiv,50.398411,30.382742,90,2018-11,streetview
data/images/kyiv/50.398411_30.382742_h180.jpg,kyiv,50.398411,30.382742,180,2018-11,streetview
data/images/kyiv/50.398411_30.382742_h270.jpg,kyiv,50.398411,30.382742,270,2018-11,streetview
data/images/kyiv/50.400567_30.824142_h0.jpg,kyiv,50.400567,30.824142,0,2021-01,streetview
data/images/kyiv/50.400567_30.824142_h90.jpg,kyiv,50.400567,30.824142,90,2021-01,streetview
data/images/kyiv/50.400567_30.824142_h180.jpg,kyiv,50.400567,30.824142,180,2021-01,streetview
data/images/kyiv/50.400567_30.824142_h270.jpg,kyiv,50.400567,30.824142,270,2021-01,streetview
data/images/kyiv/50.379008_30.36916_h0.jpg,kyiv,50.379008,30.36916,0,2020-01,streetview
data/images/kyiv/50.379008_30.36916_h90.jpg,kyiv,50.379008,30.36916,90,2020-01,streetview
data/images/kyiv/50.379008_30.36916_h180.jpg,kyiv,50.379008,30.36916,180,2020-01,streetview
data/images/kyiv/50.379008_30.36916_h270.jpg,kyiv,50.379008,30.36916,270,2020-01,streetview
data/images/kyiv/50.324031_30.644225_h0.jpg,kyiv,50.324031,30.644225,0,2019-11,streetview
data/images/kyiv/50.324031_30.644225_h90.jpg,kyiv,50.324031,30.644225,90,2019-11,streetview
data/images/kyiv/50.324031_30.644225_h180.jpg,kyiv,50.324031,30.644225,180,2019-11,streetview
data/images/kyiv/50.324031_30.644225_h270.jpg,kyiv,50.324031,30.644225,270,2019-11,streetview
data/images/kyiv/50.410269_30.326958_h0.jpg,kyiv,50.410269,30.326958,0,2021-06,streetview
data/images/kyiv/50.410269_30.326958_h90.jpg,kyiv,50.410269,30.326958,90,2021-06,streetview
data/images/kyiv/50.410269_30.326958_h180.jpg,kyiv,50.410269,30.326958,180,2021-06,streetview
data/images/kyiv/50.410269_30.326958_h270.jpg,kyiv,50.410269,30.326958,270,2021-06,streetview
data/images/kyiv/50.502975_30.427126_h0.jpg,kyiv,50.502975,30.427126,0,2021-06,streetview
data/images/kyiv/50.502975_30.427126_h90.jpg,kyiv,50.502975,30.427126,90,2021-06,streetview
data/images/kyiv/50.502975_30.427126_h180.jpg,kyiv,50.502975,30.427126,180,2021-06,streetview
data/images/kyiv/50.502975_30.427126_h270.jpg,kyiv,50.502975,30.427126,270,2021-06,streetview
data/images/kyiv/50.505131_30.41527_h0.jpg,kyiv,50.505131,30.41527,0,2025-10,streetview
data/images/kyiv/50.505131_30.41527_h90.jpg,kyiv,50.505131,30.41527,90,2025-10,streetview
data/images/kyiv/50.505131_30.41527_h180.jpg,kyiv,50.505131,30.41527,180,2025-10,streetview
data/images/kyiv/50.505131_30.41527_h270.jpg,kyiv,50.505131,30.41527,270,2025-10,streetview
data/images/kyiv/50.4577_30.342285_h0.jpg,kyiv,50.4577,30.342285,0,2020-11,streetview
data/images/kyiv/50.4577_30.342285_h90.jpg,kyiv,50.4577,30.342285,90,2020-11,streetview
data/images/kyiv/50.4577_30.342285_h180.jpg,kyiv,50.4577,30.342285,180,2020-11,streetview
data/images/kyiv/50.4577_30.342285_h270.jpg,kyiv,50.4577,30.342285,270,2020-11,streetview
data/images/kyiv/50.55364_30.349282_h0.jpg,kyiv,50.55364,30.349282,0,2020-04,streetview
data/images/kyiv/50.55364_30.349282_h90.jpg,kyiv,50.55364,30.349282,90,2020-04,streetview
data/images/kyiv/50.55364_30.349282_h180.jpg,kyiv,50.55364,30.349282,180,2020-04,streetview
data/images/kyiv/50.55364_30.349282_h270.jpg,kyiv,50.55364,30.349282,270,2020-04,streetview
data/images/kyiv/50.44692_30.518315_h0.jpg,kyiv,50.44692,30.518315,0,2018-08,streetview
data/images/kyiv/50.44692_30.518315_h90.jpg,kyiv,50.44692,30.518315,90,2018-08,streetview
data/images/kyiv/50.44692_30.518315_h180.jpg,kyiv,50.44692,30.518315,180,2018-08,streetview
data/images/kyiv/50.44692_30.518315_h270.jpg,kyiv,50.44692,30.518315,270,2018-08,streetview
data/images/kyiv/50.53208_30.613787_h0.jpg,kyiv,50.53208,30.613787,0,2019-08,streetview
data/images/kyiv/50.53208_30.613787_h90.jpg,kyiv,50.53208,30.613787,90,2019-08,streetview
data/images/kyiv/50.53208_30.613787_h180.jpg,kyiv,50.53208,30.613787,180,2019-08,streetview
data/images/kyiv/50.53208_30.613787_h270.jpg,kyiv,50.53208,30.613787,270,2019-08,streetview
data/images/kyiv/50.495429_30.454208_h0.jpg,kyiv,50.495429,30.454208,0,2019-10,streetview
data/images/kyiv/50.495429_30.454208_h90.jpg,kyiv,50.495429,30.454208,90,2019-10,streetview
data/images/kyiv/50.495429_30.454208_h180.jpg,kyiv,50.495429,30.454208,180,2019-10,streetview
data/images/kyiv/50.495429_30.454208_h270.jpg,kyiv,50.495429,30.454208,270,2019-10,streetview
data/images/kyiv/50.486805_30.394871_h0.jpg,kyiv,50.486805,30.394871,0,2019-09,streetview
data/images/kyiv/50.486805_30.394871_h90.jpg,kyiv,50.486805,30.394871,90,2019-09,streetview
data/images/kyiv/50.486805_30.394871_h180.jpg,kyiv,50.486805,30.394871,180,2019-09,streetview
data/images/kyiv/50.486805_30.394871_h270.jpg,kyiv,50.486805,30.394871,270,2019-09,streetview
data/images/kyiv/50.487883_30.469423_h0.jpg,kyiv,50.487883,30.469423,0,2019-03,streetview
data/images/kyiv/50.487883_30.469423_h90.jpg,kyiv,50.487883,30.469423,90,2019-03,streetview
data/images/kyiv/50.487883_30.469423_h180.jpg,kyiv,50.487883,30.469423,180,2019-03,streetview
data/images/kyiv/50.487883_30.469423_h270.jpg,kyiv,50.487883,30.469423,270,2019-03,streetview
data/images/kyiv/50.458778_30.586114_h0.jpg,kyiv,50.458778,30.586114,0,2023-10,streetview
data/images/kyiv/50.458778_30.586114_h90.jpg,kyiv,50.458778,30.586114,90,2023-10,streetview
data/images/kyiv/50.458778_30.586114_h180.jpg,kyiv,50.458778,30.586114,180,2023-10,streetview
data/images/kyiv/50.458778_30.586114_h270.jpg,kyiv,50.458778,30.586114,270,2023-10,streetview
data/images/kyiv/50.231326_30.74623_h0.jpg,kyiv,50.231326,30.74623,0,2019-11,streetview
data/images/kyiv/50.231326_30.74623_h90.jpg,kyiv,50.231326,30.74623,90,2019-11,streetview
data/images/kyiv/50.231326_30.74623_h180.jpg,kyiv,50.231326,30.74623,180,2019-11,streetview
data/images/kyiv/50.231326_30.74623_h270.jpg,kyiv,50.231326,30.74623,270,2019-11,streetview
data/images/kyiv/50.481415_30.488026_h0.jpg,kyiv,50.481415,30.488026,0,2024-11,streetview
data/images/kyiv/50.481415_30.488026_h90.jpg,kyiv,50.481415,30.488026,90,2024-11,streetview
data/images/kyiv/50.481415_30.488026_h180.jpg,kyiv,50.481415,30.488026,180,2024-11,streetview
data/images/kyiv/50.481415_30.488026_h270.jpg,kyiv,50.481415,30.488026,270,2024-11,streetview
data/images/kyiv/50.397333_30.614412_h0.jpg,kyiv,50.397333,30.614412,0,2021-09,streetview
data/images/kyiv/50.397333_30.614412_h90.jpg,kyiv,50.397333,30.614412,90,2021-09,streetview
data/images/kyiv/50.397333_30.614412_h180.jpg,kyiv,50.397333,30.614412,180,2021-09,streetview
data/images/kyiv/50.397333_30.614412_h270.jpg,kyiv,50.397333,30.614412,270,2021-09,streetview
data/images/kyiv/50.285224_30.687758_h0.jpg,kyiv,50.285224,30.687758,0,2019-11,streetview
data/images/kyiv/50.285224_30.687758_h90.jpg,kyiv,50.285224,30.687758,90,2019-11,streetview
data/images/kyiv/50.285224_30.687758_h180.jpg,kyiv,50.285224,30.687758,180,2019-11,streetview
data/images/kyiv/50.285224_30.687758_h270.jpg,kyiv,50.285224,30.687758,270,2019-11,streetview
data/images/kyiv/50.453388_30.387988_h0.jpg,kyiv,50.453388,30.387988,0,2019-03,streetview
data/images/kyiv/50.453388_30.387988_h90.jpg,kyiv,50.453388,30.387988,90,2019-03,streetview
data/images/kyiv/50.453388_30.387988_h180.jpg,kyiv,50.453388,30.387988,180,2019-03,streetview
data/images/kyiv/50.453388_30.387988_h270.jpg,kyiv,50.453388,30.387988,270,2019-03,streetview
data/images/kyiv/50.472792_30.462574_h0.jpg,kyiv,50.472792,30.462574,0,2018-10,streetview
data/images/kyiv/50.472792_30.462574_h90.jpg,kyiv,50.472792,30.462574,90,2018-10,streetview
data/images/kyiv/50.472792_30.462574_h180.jpg,kyiv,50.472792,30.462574,180,2018-10,streetview
data/images/kyiv/50.472792_30.462574_h270.jpg,kyiv,50.472792,30.462574,270,2018-10,streetview
data/images/kyiv/50.428595_30.479287_h0.jpg,kyiv,50.428595,30.479287,0,2018-11,streetview
data/images/kyiv/50.428595_30.479287_h90.jpg,kyiv,50.428595,30.479287,90,2018-11,streetview
data/images/kyiv/50.428595_30.479287_h180.jpg,kyiv,50.428595,30.479287,180,2018-11,streetview
data/images/kyiv/50.428595_30.479287_h270.jpg,kyiv,50.428595,30.479287,270,2018-11,streetview
data/images/kyiv/50.481415_30.476167_h0.jpg,kyiv,50.481415,30.476167,0,2019-03,streetview
data/images/kyiv/50.481415_30.476167_h90.jpg,kyiv,50.481415,30.476167,90,2019-03,streetview
data/images/kyiv/50.481415_30.476167_h180.jpg,kyiv,50.481415,30.476167,180,2019-03,streetview
data/images/kyiv/50.481415_30.476167_h270.jpg,kyiv,50.481415,30.476167,270,2019-03,streetview
data/images/kyiv/50.399489_30.325247_h0.jpg,kyiv,50.399489,30.325247,0,2019-08,streetview
data/images/kyiv/50.399489_30.325247_h90.jpg,kyiv,50.399489,30.325247,90,2019-08,streetview
data/images/kyiv/50.399489_30.325247_h180.jpg,kyiv,50.399489,30.325247,180,2019-08,streetview
data/images/kyiv/50.399489_30.325247_h270.jpg,kyiv,50.399489,30.325247,270,2019-08,streetview
data/images/kyiv/50.409191_30.548539_h0.jpg,kyiv,50.409191,30.548539,0,2021-09,streetview
data/images/kyiv/50.409191_30.548539_h90.jpg,kyiv,50.409191,30.548539,90,2021-09,streetview
data/images/kyiv/50.409191_30.548539_h180.jpg,kyiv,50.409191,30.548539,180,2021-09,streetview
data/images/kyiv/50.409191_30.548539_h270.jpg,kyiv,50.409191,30.548539,270,2021-09,streetview
data/images/kyiv/50.454466_30.377833_h0.jpg,kyiv,50.454466,30.377833,0,2025-03,streetview
data/images/kyiv/50.454466_30.377833_h90.jpg,kyiv,50.454466,30.377833,90,2025-03,streetview
data/images/kyiv/50.454466_30.377833_h180.jpg,kyiv,50.454466,30.377833,180,2025-03,streetview
data/images/kyiv/50.454466_30.377833_h270.jpg,kyiv,50.454466,30.377833,270,2025-03,streetview
data/images/kyiv/50.43614_30.435322_h0.jpg,kyiv,50.43614,30.435322,0,2024-06,streetview
data/images/kyiv/50.43614_30.435322_h90.jpg,kyiv,50.43614,30.435322,90,2024-06,streetview
data/images/kyiv/50.43614_30.435322_h180.jpg,kyiv,50.43614,30.435322,180,2024-06,streetview
data/images/kyiv/50.43614_30.435322_h270.jpg,kyiv,50.43614,30.435322,270,2024-06,streetview
data/images/kyiv/50.312174_30.569851_h0.jpg,kyiv,50.312174,30.569851,0,2024-08,streetview
data/images/kyiv/50.312174_30.569851_h90.jpg,kyiv,50.312174,30.569851,90,2024-08,streetview
data/images/kyiv/50.312174_30.569851_h180.jpg,kyiv,50.312174,30.569851,180,2024-08,streetview
data/images/kyiv/50.312174_30.569851_h270.jpg,kyiv,50.312174,30.569851,270,2024-08,streetview
data/images/kyiv/50.469558_30.481189_h0.jpg,kyiv,50.469558,30.481189,0,2021-07,streetview
data/images/kyiv/50.469558_30.481189_h90.jpg,kyiv,50.469558,30.481189,90,2021-07,streetview
data/images/kyiv/50.469558_30.481189_h180.jpg,kyiv,50.469558,30.481189,180,2021-07,streetview
data/images/kyiv/50.469558_30.481189_h270.jpg,kyiv,50.469558,30.481189,270,2021-07,streetview
data/images/kyiv/50.496507_30.75924_h0.jpg,kyiv,50.496507,30.75924,0,2019-03,streetview
data/images/kyiv/50.496507_30.75924_h90.jpg,kyiv,50.496507,30.75924,90,2019-03,streetview
data/images/kyiv/50.496507_30.75924_h180.jpg,kyiv,50.496507,30.75924,180,2019-03,streetview
data/images/kyiv/50.496507_30.75924_h270.jpg,kyiv,50.496507,30.75924,270,2019-03,streetview
data/images/kyiv/50.439374_30.616438_h0.jpg,kyiv,50.439374,30.616438,0,2019-10,streetview
data/images/kyiv/50.439374_30.616438_h90.jpg,kyiv,50.439374,30.616438,90,2019-10,streetview
data/images/kyiv/50.439374_30.616438_h180.jpg,kyiv,50.439374,30.616438,180,2019-10,streetview
data/images/kyiv/50.439374_30.616438_h270.jpg,kyiv,50.439374,30.616438,270,2019-10,streetview
data/images/kyiv/50.398411_30.39458_h0.jpg,kyiv,50.398411,30.39458,0,2025-12,streetview
data/images/kyiv/50.398411_30.39458_h90.jpg,kyiv,50.398411,30.39458,90,2025-12,streetview
data/images/kyiv/50.398411_30.39458_h180.jpg,kyiv,50.398411,30.39458,180,2025-12,streetview
data/images/kyiv/50.398411_30.39458_h270.jpg,kyiv,50.398411,30.39458,270,2025-12,streetview
data/images/kyiv/50.233481_30.370448_h0.jpg,kyiv,50.233481,30.370448,0,2021-12,streetview
data/images/kyiv/50.233481_30.370448_h90.jpg,kyiv,50.233481,30.370448,90,2021-12,streetview
data/images/kyiv/50.233481_30.370448_h180.jpg,kyiv,50.233481,30.370448,180,2021-12,streetview
data/images/kyiv/50.233481_30.370448_h270.jpg,kyiv,50.233481,30.370448,270,2021-12,streetview
data/images/kyiv/50.443686_30.387958_h0.jpg,kyiv,50.443686,30.387958,0,2019-03,streetview
data/images/kyiv/50.443686_30.387958_h90.jpg,kyiv,50.443686,30.387958,90,2019-03,streetview
data/images/kyiv/50.443686_30.387958_h180.jpg,kyiv,50.443686,30.387958,180,2019-03,streetview
data/images/kyiv/50.443686_30.387958_h270.jpg,kyiv,50.443686,30.387958,270,2019-03,streetview
data/images/kyiv/50.366072_30.377574_h0.jpg,kyiv,50.366072,30.377574,0,2018-04,streetview
data/images/kyiv/50.366072_30.377574_h90.jpg,kyiv,50.366072,30.377574,90,2018-04,streetview
data/images/kyiv/50.366072_30.377574_h180.jpg,kyiv,50.366072,30.377574,180,2018-04,streetview
data/images/kyiv/50.366072_30.377574_h270.jpg,kyiv,50.366072,30.377574,270,2018-04,streetview
data/images/kyiv/50.407035_30.621254_h0.jpg,kyiv,50.407035,30.621254,0,2018-11,streetview
data/images/kyiv/50.407035_30.621254_h90.jpg,kyiv,50.407035,30.621254,90,2018-11,streetview
data/images/kyiv/50.407035_30.621254_h180.jpg,kyiv,50.407035,30.621254,180,2018-11,streetview
data/images/kyiv/50.407035_30.621254_h270.jpg,kyiv,50.407035,30.621254,270,2018-11,streetview
data/images/kyiv/50.332655_30.728735_h0.jpg,kyiv,50.332655,30.728735,0,2022-01,streetview
data/images/kyiv/50.332655_30.728735_h90.jpg,kyiv,50.332655,30.728735,90,2022-01,streetview
data/images/kyiv/50.332655_30.728735_h180.jpg,kyiv,50.332655,30.728735,180,2022-01,streetview
data/images/kyiv/50.332655_30.728735_h270.jpg,kyiv,50.332655,30.728735,270,2022-01,streetview
data/images/kyiv/50.443686_30.508139_h0.jpg,kyiv,50.443686,30.508139,0,2019-04,streetview
data/images/kyiv/50.443686_30.508139_h90.jpg,kyiv,50.443686,30.508139,90,2019-04,streetview
data/images/kyiv/50.443686_30.508139_h180.jpg,kyiv,50.443686,30.508139,180,2019-04,streetview
data/images/kyiv/50.443686_30.508139_h270.jpg,kyiv,50.443686,30.508139,270,2019-04,streetview
data/images/kyiv/50.429673_30.558826_h0.jpg,kyiv,50.429673,30.558826,0,2019-08,streetview
data/images/kyiv/50.429673_30.558826_h90.jpg,kyiv,50.429673,30.558826,90,2019-08,streetview
data/images/kyiv/50.429673_30.558826_h180.jpg,kyiv,50.429673,30.558826,180,2019-08,streetview
data/images/kyiv/50.429673_30.558826_h270.jpg,kyiv,50.429673,30.558826,270,2019-08,streetview
data/images/kyiv/50.421049_30.4894_h0.jpg,kyiv,50.421049,30.4894,0,2019-05,streetview
data/images/kyiv/50.421049_30.4894_h90.jpg,kyiv,50.421049,30.4894,90,2019-05,streetview
data/images/kyiv/50.421049_30.4894_h180.jpg,kyiv,50.421049,30.4894,180,2019-05,streetview
data/images/kyiv/50.421049_30.4894_h270.jpg,kyiv,50.421049,30.4894,270,2019-05,streetview
data/images/kyiv/50.417815_30.558746_h0.jpg,kyiv,50.417815,30.558746,0,2018-07,streetview
data/images/kyiv/50.417815_30.558746_h90.jpg,kyiv,50.417815,30.558746,90,2018-07,streetview
data/images/kyiv/50.417815_30.558746_h180.jpg,kyiv,50.417815,30.558746,180,2018-07,streetview
data/images/kyiv/50.417815_30.558746_h270.jpg,kyiv,50.417815,30.558746,270,2018-07,streetview
data/images/kyiv/50.412425_30.51642_h0.jpg,kyiv,50.412425,30.51642,0,2025-06,streetview
data/images/kyiv/50.412425_30.51642_h90.jpg,kyiv,50.412425,30.51642,90,2025-06,streetview
data/images/kyiv/50.412425_30.51642_h180.jpg,kyiv,50.412425,30.51642,180,2025-06,streetview
data/images/kyiv/50.412425_30.51642_h270.jpg,kyiv,50.412425,30.51642,270,2025-06,streetview
data/images/kyiv/50.385476_30.4554_h0.jpg,kyiv,50.385476,30.4554,0,2021-12,streetview
data/images/kyiv/50.385476_30.4554_h90.jpg,kyiv,50.385476,30.4554,90,2021-12,streetview
data/images/kyiv/50.385476_30.4554_h180.jpg,kyiv,50.385476,30.4554,180,2021-12,streetview
data/images/kyiv/50.385476_30.4554_h270.jpg,kyiv,50.385476,30.4554,270,2021-12,streetview
data/images/kyiv/50.438296_30.618122_h0.jpg,kyiv,50.438296,30.618122,0,2025-09,streetview
data/images/kyiv/50.438296_30.618122_h90.jpg,kyiv,50.438296,30.618122,90,2025-09,streetview
data/images/kyiv/50.438296_30.618122_h180.jpg,kyiv,50.438296,30.618122,180,2025-09,streetview
data/images/kyiv/50.438296_30.618122_h270.jpg,kyiv,50.438296,30.618122,270,2025-09,streetview
data/images/kyiv/50.451232_30.542042_h0.jpg,kyiv,50.451232,30.542042,0,2021-04,streetview
data/images/kyiv/50.451232_30.542042_h90.jpg,kyiv,50.451232,30.542042,90,2021-04,streetview
data/images/kyiv/50.451232_30.542042_h180.jpg,kyiv,50.451232,30.542042,180,2021-04,streetview
data/images/kyiv/50.451232_30.542042_h270.jpg,kyiv,50.451232,30.542042,270,2021-04,streetview
data/images/kyiv/50.464168_30.332139_h0.jpg,kyiv,50.464168,30.332139,0,2019-07,streetview
data/images/kyiv/50.464168_30.332139_h90.jpg,kyiv,50.464168,30.332139,90,2019-07,streetview
data/images/kyiv/50.464168_30.332139_h180.jpg,kyiv,50.464168,30.332139,180,2019-07,streetview
data/images/kyiv/50.464168_30.332139_h270.jpg,kyiv,50.464168,30.332139,270,2019-07,streetview
data/images/kyiv/50.485727_30.415197_h0.jpg,kyiv,50.485727,30.415197,0,2022-02,streetview
data/images/kyiv/50.485727_30.415197_h90.jpg,kyiv,50.485727,30.415197,90,2022-02,streetview
data/images/kyiv/50.485727_30.415197_h180.jpg,kyiv,50.485727,30.415197,180,2022-02,streetview
data/images/kyiv/50.485727_30.415197_h270.jpg,kyiv,50.485727,30.415197,270,2022-02,streetview
data/images/kyiv/50.432907_30.660387_h0.jpg,kyiv,50.432907,30.660387,0,2019-09,streetview
data/images/kyiv/50.432907_30.660387_h90.jpg,kyiv,50.432907,30.660387,90,2019-09,streetview
data/images/kyiv/50.432907_30.660387_h180.jpg,kyiv,50.432907,30.660387,180,2019-09,streetview
data/images/kyiv/50.432907_30.660387_h270.jpg,kyiv,50.432907,30.660387,270,2019-09,streetview
data/images/kyiv/50.445842_30.457368_h0.jpg,kyiv,50.445842,30.457368,0,2019-03,streetview
data/images/kyiv/50.445842_30.457368_h90.jpg,kyiv,50.445842,30.457368,90,2019-03,streetview
data/images/kyiv/50.445842_30.457368_h180.jpg,kyiv,50.445842,30.457368,180,2019-03,streetview
data/images/kyiv/50.445842_30.457368_h270.jpg,kyiv,50.445842,30.457368,270,2019-03,streetview
data/images/kyiv/50.513755_30.574652_h0.jpg,kyiv,50.513755,30.574652,0,2021-04,streetview
data/images/kyiv/50.513755_30.574652_h90.jpg,kyiv,50.513755,30.574652,90,2021-04,streetview
data/images/kyiv/50.513755_30.574652_h180.jpg,kyiv,50.513755,30.574652,180,2021-04,streetview
data/images/kyiv/50.513755_30.574652_h270.jpg,kyiv,50.513755,30.574652,270,2021-04,streetview
data/images/kyiv/50.401645_30.362458_h0.jpg,kyiv,50.401645,30.362458,0,2019-07,streetview
data/images/kyiv/50.401645_30.362458_h90.jpg,kyiv,50.401645,30.362458,90,2019-07,streetview
data/images/kyiv/50.401645_30.362458_h180.jpg,kyiv,50.401645,30.362458,180,2019-07,streetview
data/images/kyiv/50.401645_30.362458_h270.jpg,kyiv,50.401645,30.362458,270,2019-07,streetview
data/images/kyiv/50.428595_30.675578_h0.jpg,kyiv,50.428595,30.675578,0,2020-08,streetview
data/images/kyiv/50.428595_30.675578_h90.jpg,kyiv,50.428595,30.675578,90,2020-08,streetview
data/images/kyiv/50.428595_30.675578_h180.jpg,kyiv,50.428595,30.675578,180,2020-08,streetview
data/images/kyiv/50.428595_30.675578_h270.jpg,kyiv,50.428595,30.675578,270,2020-08,streetview
data/images/kyiv/50.425361_30.516496_h0.jpg,kyiv,50.425361,30.516496,0,2021-08,streetview
data/images/kyiv/50.425361_30.516496_h90.jpg,kyiv,50.425361,30.516496,90,2021-08,streetview
data/images/kyiv/50.425361_30.516496_h180.jpg,kyiv,50.425361,30.516496,180,2021-08,streetview
data/images/kyiv/50.425361_30.516496_h270.jpg,kyiv,50.425361,30.516496,270,2021-08,streetview
data/images/kyiv/50.412425_30.411542_h0.jpg,kyiv,50.412425,30.411542,0,2021-06,streetview
data/images/kyiv/50.412425_30.411542_h90.jpg,kyiv,50.412425,30.411542,90,2021-06,streetview
data/images/kyiv/50.412425_30.411542_h180.jpg,kyiv,50.412425,30.411542,180,2021-06,streetview
data/images/kyiv/50.412425_30.411542_h270.jpg,kyiv,50.412425,30.411542,270,2021-06,streetview
data/images/kyiv/50.359604_30.379245_h0.jpg,kyiv,50.359604,30.379245,0,2025-08,streetview
data/images/kyiv/50.359604_30.379245_h90.jpg,kyiv,50.359604,30.379245,90,2025-08,streetview
data/images/kyiv/50.359604_30.379245_h180.jpg,kyiv,50.359604,30.379245,180,2025-08,streetview
data/images/kyiv/50.359604_30.379245_h270.jpg,kyiv,50.359604,30.379245,270,2025-08,streetview
data/images/kyiv/50.523456_30.481465_h0.jpg,kyiv,50.523456,30.481465,0,2019-03,streetview
data/images/kyiv/50.523456_30.481465_h90.jpg,kyiv,50.523456,30.481465,90,2019-03,streetview
data/images/kyiv/50.523456_30.481465_h180.jpg,kyiv,50.523456,30.481465,180,2019-03,streetview
data/images/kyiv/50.523456_30.481465_h270.jpg,kyiv,50.523456,30.481465,270,2019-03,streetview
data/images/kyiv/50.423205_30.398045_h0.jpg,kyiv,50.423205,30.398045,0,2022-02,streetview
data/images/kyiv/50.423205_30.398045_h90.jpg,kyiv,50.423205,30.398045,90,2022-02,streetview
data/images/kyiv/50.423205_30.398045_h180.jpg,kyiv,50.423205,30.398045,180,2022-02,streetview
data/images/kyiv/50.423205_30.398045_h270.jpg,kyiv,50.423205,30.398045,270,2022-02,streetview
data/images/kyiv/50.44153_30.547058_h0.jpg,kyiv,50.44153,30.547058,0,2021-02,streetview
data/images/kyiv/50.44153_30.547058_h90.jpg,kyiv,50.44153,30.547058,90,2021-02,streetview
data/images/kyiv/50.44153_30.547058_h180.jpg,kyiv,50.44153,30.547058,180,2021-02,streetview
data/images/kyiv/50.44153_30.547058_h270.jpg,kyiv,50.44153,30.547058,270,2021-02,streetview
data/images/kyiv/50.554718_30.639418_h0.jpg,kyiv,50.554718,30.639418,0,2020-04,streetview
data/images/kyiv/50.554718_30.639418_h90.jpg,kyiv,50.554718,30.639418,90,2020-04,streetview
data/images/kyiv/50.554718_30.639418_h180.jpg,kyiv,50.554718,30.639418,180,2020-04,streetview
data/images/kyiv/50.554718_30.639418_h270.jpg,kyiv,50.554718,30.639418,270,2020-04,streetview
data/images/kyiv/50.444764_30.538615_h0.jpg,kyiv,50.444764,30.538615,0,2018-10,streetview
data/images/kyiv/50.444764_30.538615_h90.jpg,kyiv,50.444764,30.538615,90,2018-10,streetview
data/images/kyiv/50.444764_30.538615_h180.jpg,kyiv,50.444764,30.538615,180,2018-10,streetview
data/images/kyiv/50.444764_30.538615_h270.jpg,kyiv,50.444764,30.538615,270,2018-10,streetview
data/images/kyiv/50.214078_30.343442_h0.jpg,kyiv,50.214078,30.343442,0,2021-12,streetview
data/images/kyiv/50.214078_30.343442_h90.jpg,kyiv,50.214078,30.343442,90,2021-12,streetview
data/images/kyiv/50.214078_30.343442_h180.jpg,kyiv,50.214078,30.343442,180,2021-12,streetview
data/images/kyiv/50.214078_30.343442_h270.jpg,kyiv,50.214078,30.343442,270,2021-12,streetview
data/images/kyiv/50.231326_30.373812_h0.jpg,kyiv,50.231326,30.373812,0,2021-12,streetview
data/images/kyiv/50.231326_30.373812_h90.jpg,kyiv,50.231326,30.373812,90,2021-12,streetview
data/images/kyiv/50.231326_30.373812_h180.jpg,kyiv,50.231326,30.373812,180,2021-12,streetview
data/images/kyiv/50.231326_30.373812_h270.jpg,kyiv,50.231326,30.373812,270,2021-12,streetview
data/images/kyiv/50.46309_30.462528_h0.jpg,kyiv,50.46309,30.462528,0,2019-04,streetview
data/images/kyiv/50.46309_30.462528_h90.jpg,kyiv,50.46309,30.462528,90,2019-04,streetview
data/images/kyiv/50.46309_30.462528_h180.jpg,kyiv,50.46309,30.462528,180,2019-04,streetview
data/images/kyiv/50.46309_30.462528_h270.jpg,kyiv,50.46309,30.462528,270,2019-04,streetview
data/images/kyiv/50.418893_30.518149_h0.jpg,kyiv,50.418893,30.518149,0,2025-04,streetview
data/images/kyiv/50.418893_30.518149_h90.jpg,kyiv,50.418893,30.518149,90,2025-04,streetview
data/images/kyiv/50.418893_30.518149_h180.jpg,kyiv,50.418893,30.518149,180,2025-04,streetview
data/images/kyiv/50.418893_30.518149_h270.jpg,kyiv,50.418893,30.518149,270,2025-04,streetview
data/images/kyiv/50.511599_30.428855_h0.jpg,kyiv,50.511599,30.428855,0,2018-07,streetview
data/images/kyiv/50.511599_30.428855_h90.jpg,kyiv,50.511599,30.428855,90,2018-07,streetview
data/images/kyiv/50.511599_30.428855_h180.jpg,kyiv,50.511599,30.428855,180,2018-07,streetview
data/images/kyiv/50.511599_30.428855_h270.jpg,kyiv,50.511599,30.428855,270,2018-07,streetview
data/images/kyiv/50.272289_30.532468_h0.jpg,kyiv,50.272289,30.532468,0,2019-07,streetview
data/images/kyiv/50.272289_30.532468_h90.jpg,kyiv,50.272289,30.532468,90,2019-07,streetview
data/images/kyiv/50.272289_30.532468_h180.jpg,kyiv,50.272289,30.532468,180,2019-07,streetview
data/images/kyiv/50.272289_30.532468_h270.jpg,kyiv,50.272289,30.532468,270,2019-07,streetview
data/images/kyiv/50.470636_30.406673_h0.jpg,kyiv,50.470636,30.406673,0,2018-07,streetview
data/images/kyiv/50.470636_30.406673_h90.jpg,kyiv,50.470636,30.406673,90,2018-07,streetview
data/images/kyiv/50.470636_30.406673_h180.jpg,kyiv,50.470636,30.406673,180,2018-07,streetview
data/images/kyiv/50.470636_30.406673_h270.jpg,kyiv,50.470636,30.406673,270,2018-07,streetview
data/images/kyiv/50.402723_30.639823_h0.jpg,kyiv,50.402723,30.639823,0,2025-06,streetview
data/images/kyiv/50.402723_30.639823_h90.jpg,kyiv,50.402723,30.639823,90,2025-06,streetview
data/images/kyiv/50.402723_30.639823_h180.jpg,kyiv,50.402723,30.639823,180,2025-06,streetview
data/images/kyiv/50.402723_30.639823_h270.jpg,kyiv,50.402723,30.639823,270,2025-06,streetview
data/images/kyiv/50.432907_30.562232_h0.jpg,kyiv,50.432907,30.562232,0,2021-12,streetview
data/images/kyiv/50.432907_30.562232_h90.jpg,kyiv,50.432907,30.562232,90,2021-12,streetview
data/images/kyiv/50.432907_30.562232_h180.jpg,kyiv,50.432907,30.562232,180,2021-12,streetview
data/images/kyiv/50.432907_30.562232_h270.jpg,kyiv,50.432907,30.562232,270,2021-12,streetview
data/images/kyiv/50.380086_30.370854_h0.jpg,kyiv,50.380086,30.370854,0,2021-04,streetview
data/images/kyiv/50.380086_30.370854_h90.jpg,kyiv,50.380086,30.370854,90,2021-04,streetview
data/images/kyiv/50.380086_30.370854_h180.jpg,kyiv,50.380086,30.370854,180,2021-04,streetview
data/images/kyiv/50.380086_30.370854_h270.jpg,kyiv,50.380086,30.370854,270,2021-04,streetview
data/images/kyiv/50.478181_30.347412_h0.jpg,kyiv,50.478181,30.347412,0,2019-03,streetview
data/images/kyiv/50.478181_30.347412_h90.jpg,kyiv,50.478181,30.347412,90,2019-03,streetview
data/images/kyiv/50.478181_30.347412_h180.jpg,kyiv,50.478181,30.347412,180,2019-03,streetview
data/images/kyiv/50.478181_30.347412_h270.jpg,kyiv,50.478181,30.347412,270,2019-03,streetview
data/images/kyiv/50.52669_30.605266_h0.jpg,kyiv,50.52669,30.605266,0,2020-01,streetview
data/images/kyiv/50.52669_30.605266_h90.jpg,kyiv,50.52669,30.605266,90,2020-01,streetview
data/images/kyiv/50.52669_30.605266_h180.jpg,kyiv,50.52669,30.605266,180,2020-01,streetview
data/images/kyiv/50.52669_30.605266_h270.jpg,kyiv,50.52669,30.605266,270,2020-01,streetview
data/images/kyiv/50.400567_30.431792_h0.jpg,kyiv,50.400567,30.431792,0,2021-04,streetview
data/images/kyiv/50.400567_30.431792_h90.jpg,kyiv,50.400567,30.431792,90,2021-04,streetview
data/images/kyiv/50.400567_30.431792_h180.jpg,kyiv,50.400567,30.431792,180,2021-04,streetview
data/images/kyiv/50.400567_30.431792_h270.jpg,kyiv,50.400567,30.431792,270,2021-04,streetview
data/images/kyiv/50.511599_30.623796_h0.jpg,kyiv,50.511599,30.623796,0,2019-10,streetview
data/images/kyiv/50.511599_30.623796_h90.jpg,kyiv,50.511599,30.623796,90,2019-10,streetview
data/images/kyiv/50.511599_30.623796_h180.jpg,kyiv,50.511599,30.623796,180,2019-10,streetview
data/images/kyiv/50.511599_30.623796_h270.jpg,kyiv,50.511599,30.623796,270,2019-10,streetview
data/images/kyiv/50.231326_30.367071_h0.jpg,kyiv,50.231326,30.367071,0,2021-12,streetview
data/images/kyiv/50.231326_30.367071_h90.jpg,kyiv,50.231326,30.367071,90,2021-12,streetview
data/images/kyiv/50.231326_30.367071_h180.jpg,kyiv,50.231326,30.367071,180,2021-12,streetview
data/images/kyiv/50.231326_30.367071_h270.jpg,kyiv,50.231326,30.367071,270,2021-12,streetview
data/images/kyiv/50.556874_30.486727_h0.jpg,kyiv,50.556874,30.486727,0,2021-05,streetview
data/images/kyiv/50.556874_30.486727_h90.jpg,kyiv,50.556874,30.486727,90,2021-05,streetview
data/images/kyiv/50.556874_30.486727_h180.jpg,kyiv,50.556874,30.486727,180,2021-05,streetview
data/images/kyiv/50.556874_30.486727_h270.jpg,kyiv,50.556874,30.486727,270,2021-05,streetview
data/images/kyiv/50.44153_30.504742_h0.jpg,kyiv,50.44153,30.504742,0,2019-06,streetview
data/images/kyiv/50.44153_30.504742_h90.jpg,kyiv,50.44153,30.504742,90,2019-06,streetview
data/images/kyiv/50.44153_30.504742_h180.jpg,kyiv,50.44153,30.504742,180,2019-06,streetview
data/images/kyiv/50.44153_30.504742_h270.jpg,kyiv,50.44153,30.504742,270,2019-06,streetview
data/images/kyiv/50.453388_30.614857_h0.jpg,kyiv,50.453388,30.614857,0,2018-10,streetview
data/images/kyiv/50.453388_30.614857_h90.jpg,kyiv,50.453388,30.614857,90,2018-10,streetview
data/images/kyiv/50.453388_30.614857_h180.jpg,kyiv,50.453388,30.614857,180,2018-10,streetview
data/images/kyiv/50.453388_30.614857_h270.jpg,kyiv,50.453388,30.614857,270,2018-10,streetview
data/images/kyiv/50.445842_30.381193_h0.jpg,kyiv,50.445842,30.381193,0,2018-04,streetview
data/images/kyiv/50.445842_30.381193_h90.jpg,kyiv,50.445842,30.381193,90,2018-04,streetview
data/images/kyiv/50.445842_30.381193_h180.jpg,kyiv,50.445842,30.381193,180,2018-04,streetview
data/images/kyiv/50.445842_30.381193_h270.jpg,kyiv,50.445842,30.381193,270,2018-04,streetview
data/images/kyiv/50.430751_30.423454_h0.jpg,kyiv,50.430751,30.423454,0,2020-11,streetview
data/images/kyiv/50.430751_30.423454_h90.jpg,kyiv,50.430751,30.423454,90,2020-11,streetview
data/images/kyiv/50.430751_30.423454_h180.jpg,kyiv,50.430751,30.423454,180,2020-11,streetview
data/images/kyiv/50.430751_30.423454_h270.jpg,kyiv,50.430751,30.423454,270,2020-11,streetview
data/images/kyiv/50.547172_30.498551_h0.jpg,kyiv,50.547172,30.498551,0,2021-05,streetview
data/images/kyiv/50.547172_30.498551_h90.jpg,kyiv,50.547172,30.498551,90,2021-05,streetview
data/images/kyiv/50.547172_30.498551_h180.jpg,kyiv,50.547172,30.498551,180,2021-05,streetview
data/images/kyiv/50.547172_30.498551_h270.jpg,kyiv,50.547172,30.498551,270,2021-05,streetview
data/images/kyiv/50.476026_30.548976_h0.jpg,kyiv,50.476026,30.548976,0,2021-08,streetview
data/images/kyiv/50.476026_30.548976_h90.jpg,kyiv,50.476026,30.548976,90,2021-08,streetview
data/images/kyiv/50.476026_30.548976_h180.jpg,kyiv,50.476026,30.548976,180,2021-08,streetview
data/images/kyiv/50.476026_30.548976_h270.jpg,kyiv,50.476026,30.548976,270,2021-08,streetview
data/images/kyiv/50.464168_30.543818_h0.jpg,kyiv,50.464168,30.543818,0,2021-08,streetview
data/images/kyiv/50.464168_30.543818_h90.jpg,kyiv,50.464168,30.543818,90,2021-08,streetview
data/images/kyiv/50.464168_30.543818_h180.jpg,kyiv,50.464168,30.543818,180,2021-08,streetview
data/images/kyiv/50.464168_30.543818_h270.jpg,kyiv,50.464168,30.543818,270,2021-08,streetview
data/images/kyiv/50.374696_30.531411_h0.jpg,kyiv,50.374696,30.531411,0,2021-05,streetview
data/images/kyiv/50.374696_30.531411_h90.jpg,kyiv,50.374696,30.531411,90,2021-05,streetview
data/images/kyiv/50.374696_30.531411_h180.jpg,kyiv,50.374696,30.531411,180,2021-05,streetview
data/images/kyiv/50.374696_30.531411_h270.jpg,kyiv,50.374696,30.531411,270,2021-05,streetview
data/images/kyiv/50.407035_30.626329_h0.jpg,kyiv,50.407035,30.626329,0,2025-02,streetview
data/images/kyiv/50.407035_30.626329_h90.jpg,kyiv,50.407035,30.626329,90,2025-02,streetview
data/images/kyiv/50.407035_30.626329_h180.jpg,kyiv,50.407035,30.626329,180,2025-02,streetview
data/images/kyiv/50.407035_30.626329_h270.jpg,kyiv,50.407035,30.626329,270,2025-02,streetview
data/images/kyiv/50.390866_30.465569_h0.jpg,kyiv,50.390866,30.465569,0,2019-09,streetview
data/images/kyiv/50.390866_30.465569_h90.jpg,kyiv,50.390866,30.465569,90,2019-09,streetview
data/images/kyiv/50.390866_30.465569_h180.jpg,kyiv,50.390866,30.465569,180,2019-09,streetview
data/images/kyiv/50.390866_30.465569_h270.jpg,kyiv,50.390866,30.465569,270,2019-09,streetview
data/images/kyiv/50.458778_30.614899_h0.jpg,kyiv,50.458778,30.614899,0,2019-07,streetview
data/images/kyiv/50.458778_30.614899_h90.jpg,kyiv,50.458778,30.614899,90,2019-07,streetview
data/images/kyiv/50.458778_30.614899_h180.jpg,kyiv,50.458778,30.614899,180,2019-07,streetview
data/images/kyiv/50.458778_30.614899_h270.jpg,kyiv,50.458778,30.614899,270,2019-07,streetview
data/images/kyiv/50.444764_30.519995_h0.jpg,kyiv,50.444764,30.519995,0,2025-11,streetview
data/images/kyiv/50.444764_30.519995_h90.jpg,kyiv,50.444764,30.519995,90,2025-11,streetview
data/images/kyiv/50.444764_30.519995_h180.jpg,kyiv,50.444764,30.519995,180,2025-11,streetview
data/images/kyiv/50.444764_30.519995_h270.jpg,kyiv,50.444764,30.519995,270,2025-11,streetview
data/images/kyiv/50.507287_30.608506_h0.jpg,kyiv,50.507287,30.608506,0,2018-06,streetview
data/images/kyiv/50.507287_30.608506_h90.jpg,kyiv,50.507287,30.608506,90,2018-06,streetview
data/images/kyiv/50.507287_30.608506_h180.jpg,kyiv,50.507287,30.608506,180,2018-06,streetview
data/images/kyiv/50.507287_30.608506_h270.jpg,kyiv,50.507287,30.608506,270,2018-06,streetview
data/images/kyiv/50.339123_30.6984_h0.jpg,kyiv,50.339123,30.6984,0,2020-08,streetview
data/images/kyiv/50.339123_30.6984_h90.jpg,kyiv,50.339123,30.6984,90,2020-08,streetview
data/images/kyiv/50.339123_30.6984_h180.jpg,kyiv,50.339123,30.6984,180,2020-08,streetview
data/images/kyiv/50.339123_30.6984_h270.jpg,kyiv,50.339123,30.6984,270,2020-08,streetview
data/images/kyiv/50.426439_30.462355_h0.jpg,kyiv,50.426439,30.462355,0,2019-05,streetview
data/images/kyiv/50.426439_30.462355_h90.jpg,kyiv,50.426439,30.462355,90,2019-05,streetview
data/images/kyiv/50.426439_30.462355_h180.jpg,kyiv,50.426439,30.462355,180,2019-05,streetview
data/images/kyiv/50.426439_30.462355_h270.jpg,kyiv,50.426439,30.462355,270,2019-05,streetview
data/images/kyiv/50.329421_30.786115_h0.jpg,kyiv,50.329421,30.786115,0,2020-08,streetview
data/images/kyiv/50.329421_30.786115_h90.jpg,kyiv,50.329421,30.786115,90,2020-08,streetview
data/images/kyiv/50.329421_30.786115_h180.jpg,kyiv,50.329421,30.786115,180,2020-08,streetview
data/images/kyiv/50.329421_30.786115_h270.jpg,kyiv,50.329421,30.786115,270,2020-08,streetview
data/images/kyiv/50.353137_30.598857_h0.jpg,kyiv,50.353137,30.598857,0,2021-05,streetview
data/images/kyiv/50.353137_30.598857_h90.jpg,kyiv,50.353137,30.598857,90,2021-05,streetview
data/images/kyiv/50.353137_30.598857_h180.jpg,kyiv,50.353137,30.598857,180,2021-05,streetview
data/images/kyiv/50.353137_30.598857_h270.jpg,kyiv,50.353137,30.598857,270,2021-05,streetview
data/images/kyiv/50.498663_30.454223_h0.jpg,kyiv,50.498663,30.454223,0,2019-03,streetview
data/images/kyiv/50.498663_30.454223_h90.jpg,kyiv,50.498663,30.454223,90,2019-03,streetview
data/images/kyiv/50.498663_30.454223_h180.jpg,kyiv,50.498663,30.454223,180,2019-03,streetview
data/images/kyiv/50.498663_30.454223_h270.jpg,kyiv,50.498663,30.454223,270,2019-03,streetview
data/images/kyiv/50.405957_30.474098_h0.jpg,kyiv,50.405957,30.474098,0,2020-03,streetview
data/images/kyiv/50.405957_30.474098_h90.jpg,kyiv,50.405957,30.474098,90,2020-03,streetview
data/images/kyiv/50.405957_30.474098_h180.jpg,kyiv,50.405957,30.474098,180,2020-03,streetview
data/images/kyiv/50.405957_30.474098_h270.jpg,kyiv,50.405957,30.474098,270,2020-03,streetview
data/images/kyiv/50.415659_30.519822_h0.jpg,kyiv,50.415659,30.519822,0,2019-06,streetview
data/images/kyiv/50.415659_30.519822_h90.jpg,kyiv,50.415659,30.519822,90,2019-06,streetview
data/images/kyiv/50.415659_30.519822_h180.jpg,kyiv,50.415659,30.519822,180,2019-06,streetview
data/images/kyiv/50.415659_30.519822_h270.jpg,kyiv,50.415659,30.519822,270,2019-06,streetview
data/images/kyiv/50.450154_30.474318_h0.jpg,kyiv,50.450154,30.474318,0,2019-01,streetview
data/images/kyiv/50.450154_30.474318_h90.jpg,kyiv,50.450154,30.474318,90,2019-01,streetview
data/images/kyiv/50.450154_30.474318_h180.jpg,kyiv,50.450154,30.474318,180,2019-01,streetview
data/images/kyiv/50.450154_30.474318_h270.jpg,kyiv,50.450154,30.474318,270,2019-01,streetview
data/images/kyiv/50.444764_30.606324_h0.jpg,kyiv,50.444764,30.606324,0,2025-07,streetview
data/images/kyiv/50.444764_30.606324_h90.jpg,kyiv,50.444764,30.606324,90,2025-07,streetview
data/images/kyiv/50.444764_30.606324_h180.jpg,kyiv,50.444764,30.606324,180,2025-07,streetview
data/images/kyiv/50.444764_30.606324_h270.jpg,kyiv,50.444764,30.606324,270,2025-07,streetview
data/images/kyiv/50.519144_30.247477_h0.jpg,kyiv,50.519144,30.247477,0,2021-06,streetview
data/images/kyiv/50.519144_30.247477_h90.jpg,kyiv,50.519144,30.247477,90,2021-06,streetview
data/images/kyiv/50.519144_30.247477_h180.jpg,kyiv,50.519144,30.247477,180,2021-06,streetview
data/images/kyiv/50.519144_30.247477_h270.jpg,kyiv,50.519144,30.247477,270,2021-06,streetview
data/images/kyiv/50.400567_30.514659_h0.jpg,kyiv,50.400567,30.514659,0,2021-07,streetview
data/images/kyiv/50.400567_30.514659_h90.jpg,kyiv,50.400567,30.514659,90,2021-07,streetview
data/images/kyiv/50.400567_30.514659_h180.jpg,kyiv,50.400567,30.514659,180,2021-07,streetview
data/images/kyiv/50.400567_30.514659_h270.jpg,kyiv,50.400567,30.514659,270,2021-07,streetview
data/images/kyiv/50.529924_30.596812_h0.jpg,kyiv,50.529924,30.596812,0,2020-09,streetview
data/images/kyiv/50.529924_30.596812_h90.jpg,kyiv,50.529924,30.596812,90,2020-09,streetview
data/images/kyiv/50.529924_30.596812_h180.jpg,kyiv,50.529924,30.596812,180,2020-09,streetview
data/images/kyiv/50.529924_30.596812_h270.jpg,kyiv,50.529924,30.596812,270,2020-09,streetview
data/images/kyiv/50.409191_30.531624_h0.jpg,kyiv,50.409191,30.531624,0,2021-04,streetview
data/images/kyiv/50.409191_30.531624_h90.jpg,kyiv,50.409191,30.531624,90,2021-04,streetview
data/images/kyiv/50.409191_30.531624_h180.jpg,kyiv,50.409191,30.531624,180,2021-04,streetview
data/images/kyiv/50.409191_30.531624_h270.jpg,kyiv,50.409191,30.531624,270,2021-04,streetview
data/images/kyiv/50.500819_30.584729_h0.jpg,kyiv,50.500819,30.584729,0,2021-08,streetview
data/images/kyiv/50.500819_30.584729_h90.jpg,kyiv,50.500819,30.584729,90,2021-08,streetview
data/images/kyiv/50.500819_30.584729_h180.jpg,kyiv,50.500819,30.584729,180,2021-08,streetview
data/images/kyiv/50.500819_30.584729_h270.jpg,kyiv,50.500819,30.584729,270,2021-08,streetview
data/images/kyiv/50.44153_30.528439_h0.jpg,kyiv,50.44153,30.528439,0,2021-10,streetview
data/images/kyiv/50.44153_30.528439_h90.jpg,kyiv,50.44153,30.528439,90,2021-10,streetview
data/images/kyiv/50.44153_30.528439_h180.jpg,kyiv,50.44153,30.528439,180,2021-10,streetview
data/images/kyiv/50.44153_30.528439_h270.jpg,kyiv,50.44153,30.528439,270,2021-10,streetview
data/images/kyiv/50.273367_30.716319_h0.jpg,kyiv,50.273367,30.716319,0,2019-11,streetview
data/images/kyiv/50.273367_30.716319_h90.jpg,kyiv,50.273367,30.716319,90,2019-11,streetview
data/images/kyiv/50.273367_30.716319_h180.jpg,kyiv,50.273367,30.716319,180,2019-11,streetview
data/images/kyiv/50.273367_30.716319_h270.jpg,kyiv,50.273367,30.716319,270,2019-11,streetview
data/images/kyiv/50.414581_30.546882_h0.jpg,kyiv,50.414581,30.546882,0,2019-10,streetview
data/images/kyiv/50.414581_30.546882_h90.jpg,kyiv,50.414581,30.546882,90,2019-10,streetview
data/images/kyiv/50.414581_30.546882_h180.jpg,kyiv,50.414581,30.546882,180,2019-10,streetview
data/images/kyiv/50.414581_30.546882_h270.jpg,kyiv,50.414581,30.546882,270,2019-10,streetview
data/images/kyiv/50.464168_30.349073_h0.jpg,kyiv,50.464168,30.349073,0,2020-11,streetview
data/images/kyiv/50.464168_30.349073_h90.jpg,kyiv,50.464168,30.349073,90,2020-11,streetview
data/images/kyiv/50.464168_30.349073_h180.jpg,kyiv,50.464168,30.349073,180,2020-11,streetview
data/images/kyiv/50.464168_30.349073_h270.jpg,kyiv,50.464168,30.349073,270,2020-11,streetview
data/images/kyiv/50.425361_30.333755_h0.jpg,kyiv,50.425361,30.333755,0,2019-08,streetview
data/images/kyiv/50.425361_30.333755_h90.jpg,kyiv,50.425361,30.333755,90,2019-08,streetview
data/images/kyiv/50.425361_30.333755_h180.jpg,kyiv,50.425361,30.333755,180,2019-08,streetview
data/images/kyiv/50.425361_30.333755_h270.jpg,kyiv,50.425361,30.333755,270,2019-08,streetview
data/images/kyiv/50.3941_30.381038_h0.jpg,kyiv,50.3941,30.381038,0,2019-01,streetview
data/images/kyiv/50.3941_30.381038_h90.jpg,kyiv,50.3941,30.381038,90,2019-01,streetview
data/images/kyiv/50.3941_30.381038_h180.jpg,kyiv,50.3941,30.381038,180,2019-01,streetview
data/images/kyiv/50.3941_30.381038_h270.jpg,kyiv,50.3941,30.381038,270,2019-01,streetview
data/images/kyiv/50.495429_30.438957_h0.jpg,kyiv,50.495429,30.438957,0,2020-05,streetview
data/images/kyiv/50.495429_30.438957_h90.jpg,kyiv,50.495429,30.438957,90,2020-05,streetview
data/images/kyiv/50.495429_30.438957_h180.jpg,kyiv,50.495429,30.438957,180,2020-05,streetview
data/images/kyiv/50.495429_30.438957_h270.jpg,kyiv,50.495429,30.438957,270,2020-05,streetview
data/images/kyiv/50.408113_30.60604_h0.jpg,kyiv,50.408113,30.60604,0,2020-10,streetview
data/images/kyiv/50.408113_30.60604_h90.jpg,kyiv,50.408113,30.60604,90,2020-10,streetview
data/images/kyiv/50.408113_30.60604_h180.jpg,kyiv,50.408113,30.60604,180,2020-10,streetview
data/images/kyiv/50.408113_30.60604_h270.jpg,kyiv,50.408113,30.60604,270,2020-10,streetview
data/images/kyiv/50.444764_30.494604_h0.jpg,kyiv,50.444764,30.494604,0,2024-10,streetview
data/images/kyiv/50.444764_30.494604_h90.jpg,kyiv,50.444764,30.494604,90,2024-10,streetview
data/images/kyiv/50.444764_30.494604_h180.jpg,kyiv,50.444764,30.494604,180,2024-10,streetview
data/images/kyiv/50.444764_30.494604_h270.jpg,kyiv,50.444764,30.494604,270,2024-10,streetview
data/images/kyiv/50.450154_30.61991_h0.jpg,kyiv,50.450154,30.61991,0,2020-06,streetview
data/images/kyiv/50.450154_30.61991_h90.jpg,kyiv,50.450154,30.61991,90,2020-06,streetview
data/images/kyiv/50.450154_30.61991_h180.jpg,kyiv,50.450154,30.61991,180,2020-06,streetview
data/images/kyiv/50.450154_30.61991_h270.jpg,kyiv,50.450154,30.61991,270,2020-06,streetview
data/images/kyiv/50.235637_30.791779_h0.jpg,kyiv,50.235637,30.791779,0,2021-05,streetview
data/images/kyiv/50.235637_30.791779_h90.jpg,kyiv,50.235637,30.791779,90,2021-05,streetview
data/images/kyiv/50.235637_30.791779_h180.jpg,kyiv,50.235637,30.791779,180,2021-05,streetview
data/images/kyiv/50.235637_30.791779_h270.jpg,kyiv,50.235637,30.791779,270,2021-05,streetview
data/images/kyiv/50.411347_30.643279_h0.jpg,kyiv,50.411347,30.643279,0,2018-05,streetview
data/images/kyiv/50.411347_30.643279_h90.jpg,kyiv,50.411347,30.643279,90,2018-05,streetview
data/images/kyiv/50.411347_30.643279_h180.jpg,kyiv,50.411347,30.643279,180,2018-05,streetview
data/images/kyiv/50.411347_30.643279_h270.jpg,kyiv,50.411347,30.643279,270,2018-05,streetview
data/images/kyiv/50.450154_30.594516_h0.jpg,kyiv,50.450154,30.594516,0,2021-09,streetview
data/images/kyiv/50.450154_30.594516_h90.jpg,kyiv,50.450154,30.594516,90,2021-09,streetview
data/images/kyiv/50.450154_30.594516_h180.jpg,kyiv,50.450154,30.594516,180,2021-09,streetview
data/images/kyiv/50.450154_30.594516_h270.jpg,kyiv,50.450154,30.594516,270,2021-09,streetview
data/images/kyiv/50.583823_30.719458_h0.jpg,kyiv,50.583823,30.719458,0,2020-04,streetview
data/images/kyiv/50.583823_30.719458_h90.jpg,kyiv,50.583823,30.719458,90,2020-04,streetview
data/images/kyiv/50.583823_30.719458_h180.jpg,kyiv,50.583823,30.719458,180,2020-04,streetview
data/images/kyiv/50.583823_30.719458_h270.jpg,kyiv,50.583823,30.719458,270,2020-04,streetview
data/images/kyiv/50.442608_30.503055_h0.jpg,kyiv,50.442608,30.503055,0,2021-04,streetview
data/images/kyiv/50.442608_30.503055_h90.jpg,kyiv,50.442608,30.503055,90,2021-04,streetview
data/images/kyiv/50.442608_30.503055_h180.jpg,kyiv,50.442608,30.503055,180,2021-04,streetview
data/images/kyiv/50.442608_30.503055_h270.jpg,kyiv,50.442608,30.503055,270,2021-04,streetview
data/images/kyiv/50.43614_30.354085_h0.jpg,kyiv,50.43614,30.354085,0,2026-05,streetview
data/images/kyiv/50.43614_30.354085_h90.jpg,kyiv,50.43614,30.354085,90,2026-05,streetview
data/images/kyiv/50.43614_30.354085_h180.jpg,kyiv,50.43614,30.354085,180,2026-05,streetview
data/images/kyiv/50.43614_30.354085_h270.jpg,kyiv,50.43614,30.354085,270,2026-05,streetview
data/images/kyiv/50.401645_30.639814_h0.jpg,kyiv,50.401645,30.639814,0,2023-03,streetview
data/images/kyiv/50.401645_30.639814_h90.jpg,kyiv,50.401645,30.639814,90,2023-03,streetview
data/images/kyiv/50.401645_30.639814_h180.jpg,kyiv,50.401645,30.639814,180,2023-03,streetview
data/images/kyiv/50.401645_30.639814_h270.jpg,kyiv,50.401645,30.639814,270,2023-03,streetview
data/images/kyiv/50.481415_30.481249_h0.jpg,kyiv,50.481415,30.481249,0,2024-11,streetview
data/images/kyiv/50.481415_30.481249_h90.jpg,kyiv,50.481415,30.481249,90,2024-11,streetview
data/images/kyiv/50.481415_30.481249_h180.jpg,kyiv,50.481415,30.481249,180,2024-11,streetview
data/images/kyiv/50.481415_30.481249_h270.jpg,kyiv,50.481415,30.481249,270,2024-11,streetview
data/images/kyiv/50.435063_30.376084_h0.jpg,kyiv,50.435063,30.376084,0,2019-03,streetview
data/images/kyiv/50.435063_30.376084_h90.jpg,kyiv,50.435063,30.376084,90,2019-03,streetview
data/images/kyiv/50.435063_30.376084_h180.jpg,kyiv,50.435063,30.376084,180,2019-03,streetview
data/images/kyiv/50.435063_30.376084_h270.jpg,kyiv,50.435063,30.376084,270,2019-03,streetview
data/images/kyiv/50.4577_30.491287_h0.jpg,kyiv,50.4577,30.491287,0,2019-09,streetview
data/images/kyiv/50.4577_30.491287_h90.jpg,kyiv,50.4577,30.491287,90,2019-09,streetview
data/images/kyiv/50.4577_30.491287_h180.jpg,kyiv,50.4577,30.491287,180,2019-09,streetview
data/images/kyiv/50.4577_30.491287_h270.jpg,kyiv,50.4577,30.491287,270,2019-09,streetview
data/images/kyiv/50.429673_30.484369_h0.jpg,kyiv,50.429673,30.484369,0,2021-12,streetview
data/images/kyiv/50.429673_30.484369_h90.jpg,kyiv,50.429673,30.484369,90,2021-12,streetview
data/images/kyiv/50.429673_30.484369_h180.jpg,kyiv,50.429673,30.484369,180,2021-12,streetview
data/images/kyiv/50.429673_30.484369_h270.jpg,kyiv,50.429673,30.484369,270,2021-12,streetview
data/images/kyiv/50.433985_30.311771_h0.jpg,kyiv,50.433985,30.311771,0,2021-06,streetview
data/images/kyiv/50.433985_30.311771_h90.jpg,kyiv,50.433985,30.311771,90,2021-06,streetview
data/images/kyiv/50.433985_30.311771_h180.jpg,kyiv,50.433985,30.311771,180,2021-06,streetview
data/images/kyiv/50.433985_30.311771_h270.jpg,kyiv,50.433985,30.311771,270,2021-06,streetview
data/images/kyiv/50.234559_30.368765_h0.jpg,kyiv,50.234559,30.368765,0,2021-12,streetview
data/images/kyiv/50.234559_30.368765_h90.jpg,kyiv,50.234559,30.368765,90,2021-12,streetview
data/images/kyiv/50.234559_30.368765_h180.jpg,kyiv,50.234559,30.368765,180,2021-12,streetview
data/images/kyiv/50.234559_30.368765_h270.jpg,kyiv,50.234559,30.368765,270,2021-12,streetview
data/images/kyiv/50.466324_30.455769_h0.jpg,kyiv,50.466324,30.455769,0,2019-10,streetview
data/images/kyiv/50.466324_30.455769_h90.jpg,kyiv,50.466324,30.455769,90,2019-10,streetview
data/images/kyiv/50.466324_30.455769_h180.jpg,kyiv,50.466324,30.455769,180,2019-10,streetview
data/images/kyiv/50.466324_30.455769_h270.jpg,kyiv,50.466324,30.455769,270,2019-10,streetview
data/images/kyiv/50.414581_30.650074_h0.jpg,kyiv,50.414581,30.650074,0,2018-07,streetview
data/images/kyiv/50.414581_30.650074_h90.jpg,kyiv,50.414581,30.650074,90,2018-07,streetview
data/images/kyiv/50.414581_30.650074_h180.jpg,kyiv,50.414581,30.650074,180,2018-07,streetview
data/images/kyiv/50.414581_30.650074_h270.jpg,kyiv,50.414581,30.650074,270,2018-07,streetview
data/images/kyiv/50.460934_30.430345_h0.jpg,kyiv,50.460934,30.430345,0,2019-04,streetview
data/images/kyiv/50.460934_30.430345_h90.jpg,kyiv,50.460934,30.430345,90,2019-04,streetview
data/images/kyiv/50.460934_30.430345_h180.jpg,kyiv,50.460934,30.430345,180,2019-04,streetview
data/images/kyiv/50.460934_30.430345_h270.jpg,kyiv,50.460934,30.430345,270,2019-04,streetview
data/images/kyiv/50.498663_30.545735_h0.jpg,kyiv,50.498663,30.545735,0,2018-06,streetview
data/images/kyiv/50.498663_30.545735_h90.jpg,kyiv,50.498663,30.545735,90,2018-06,streetview
data/images/kyiv/50.498663_30.545735_h180.jpg,kyiv,50.498663,30.545735,180,2018-06,streetview
data/images/kyiv/50.498663_30.545735_h270.jpg,kyiv,50.498663,30.545735,270,2018-06,streetview
data/images/kyiv/50.459856_30.452353_h0.jpg,kyiv,50.459856,30.452353,0,2020-05,streetview
data/images/kyiv/50.459856_30.452353_h90.jpg,kyiv,50.459856,30.452353,90,2020-05,streetview
data/images/kyiv/50.459856_30.452353_h180.jpg,kyiv,50.459856,30.452353,180,2020-05,streetview
data/images/kyiv/50.459856_30.452353_h270.jpg,kyiv,50.459856,30.452353,270,2020-05,streetview
data/images/kyiv/50.523456_30.484856_h0.jpg,kyiv,50.523456,30.484856,0,2020-05,streetview
data/images/kyiv/50.523456_30.484856_h90.jpg,kyiv,50.523456,30.484856,90,2020-05,streetview
data/images/kyiv/50.523456_30.484856_h180.jpg,kyiv,50.523456,30.484856,180,2020-05,streetview
data/images/kyiv/50.523456_30.484856_h270.jpg,kyiv,50.523456,30.484856,270,2020-05,streetview
data/images/kyiv/50.522378_30.4662_h0.jpg,kyiv,50.522378,30.4662,0,2018-10,streetview
data/images/kyiv/50.522378_30.4662_h90.jpg,kyiv,50.522378,30.4662,90,2018-10,streetview
data/images/kyiv/50.522378_30.4662_h180.jpg,kyiv,50.522378,30.4662,180,2018-10,streetview
data/images/kyiv/50.522378_30.4662_h270.jpg,kyiv,50.522378,30.4662,270,2018-10,streetview
data/images/kyiv/50.511599_30.498356_h0.jpg,kyiv,50.511599,30.498356,0,2018-08,streetview
data/images/kyiv/50.511599_30.498356_h90.jpg,kyiv,50.511599,30.498356,90,2018-08,streetview
data/images/kyiv/50.511599_30.498356_h180.jpg,kyiv,50.511599,30.498356,180,2018-08,streetview
data/images/kyiv/50.511599_30.498356_h270.jpg,kyiv,50.511599,30.498356,270,2018-08,streetview
data/images/kyiv/50.327265_30.824927_h0.jpg,kyiv,50.327265,30.824927,0,2020-08,streetview
data/images/kyiv/50.327265_30.824927_h90.jpg,kyiv,50.327265,30.824927,90,2020-08,streetview
data/images/kyiv/50.327265_30.824927_h180.jpg,kyiv,50.327265,30.824927,180,2020-08,streetview
data/images/kyiv/50.327265_30.824927_h270.jpg,kyiv,50.327265,30.824927,270,2020-08,streetview
data/images/kyiv/50.505131_30.589845_h0.jpg,kyiv,50.505131,30.589845,0,2021-09,streetview
data/images/kyiv/50.505131_30.589845_h90.jpg,kyiv,50.505131,30.589845,90,2021-09,streetview
data/images/kyiv/50.505131_30.589845_h180.jpg,kyiv,50.505131,30.589845,180,2021-09,streetview
data/images/kyiv/50.505131_30.589845_h270.jpg,kyiv,50.505131,30.589845,270,2021-09,streetview
data/images/kyiv/50.515911_30.493293_h0.jpg,kyiv,50.515911,30.493293,0,2021-04,streetview
data/images/kyiv/50.515911_30.493293_h90.jpg,kyiv,50.515911,30.493293,90,2021-04,streetview
data/images/kyiv/50.515911_30.493293_h180.jpg,kyiv,50.515911,30.493293,180,2021-04,streetview
data/images/kyiv/50.515911_30.493293_h270.jpg,kyiv,50.515911,30.493293,270,2021-04,streetview
data/images/kyiv/50.401645_30.335398_h0.jpg,kyiv,50.401645,30.335398,0,2022-01,streetview
data/images/kyiv/50.401645_30.335398_h90.jpg,kyiv,50.401645,30.335398,90,2022-01,streetview
data/images/kyiv/50.401645_30.335398_h180.jpg,kyiv,50.401645,30.335398,180,2022-01,streetview
data/images/kyiv/50.401645_30.335398_h270.jpg,kyiv,50.401645,30.335398,270,2022-01,streetview
data/images/kyiv/50.505131_30.776284_h0.jpg,kyiv,50.505131,30.776284,0,2021-11,streetview
data/images/kyiv/50.505131_30.776284_h90.jpg,kyiv,50.505131,30.776284,90,2021-11,streetview
data/images/kyiv/50.505131_30.776284_h180.jpg,kyiv,50.505131,30.776284,180,2021-11,streetview
data/images/kyiv/50.505131_30.776284_h270.jpg,kyiv,50.505131,30.776284,270,2021-11,streetview
data/images/kyiv/50.477103_30.670944_h0.jpg,kyiv,50.477103,30.670944,0,2018-11,streetview
data/images/kyiv/50.477103_30.670944_h90.jpg,kyiv,50.477103,30.670944,90,2018-11,streetview
data/images/kyiv/50.477103_30.670944_h180.jpg,kyiv,50.477103,30.670944,180,2018-11,streetview
data/images/kyiv/50.477103_30.670944_h270.jpg,kyiv,50.477103,30.670944,270,2018-11,streetview
data/images/kyiv/50.430751_30.536834_h0.jpg,kyiv,50.430751,30.536834,0,2025-09,streetview
data/images/kyiv/50.430751_30.536834_h90.jpg,kyiv,50.430751,30.536834,90,2025-09,streetview
data/images/kyiv/50.430751_30.536834_h180.jpg,kyiv,50.430751,30.536834,180,2025-09,streetview
data/images/kyiv/50.430751_30.536834_h270.jpg,kyiv,50.430751,30.536834,270,2025-09,streetview
data/images/kyiv/50.307862_30.666029_h0.jpg,kyiv,50.307862,30.666029,0,2019-11,streetview
data/images/kyiv/50.307862_30.666029_h90.jpg,kyiv,50.307862,30.666029,90,2019-11,streetview
data/images/kyiv/50.307862_30.666029_h180.jpg,kyiv,50.307862,30.666029,180,2019-11,streetview
data/images/kyiv/50.307862_30.666029_h270.jpg,kyiv,50.307862,30.666029,270,2019-11,streetview
data/images/kyiv/50.509443_30.579707_h0.jpg,kyiv,50.509443,30.579707,0,2020-06,streetview
data/images/kyiv/50.509443_30.579707_h90.jpg,kyiv,50.509443,30.579707,90,2020-06,streetview
data/images/kyiv/50.509443_30.579707_h180.jpg,kyiv,50.509443,30.579707,180,2020-06,streetview
data/images/kyiv/50.509443_30.579707_h270.jpg,kyiv,50.509443,30.579707,270,2020-06,streetview
data/images/kyiv/50.336967_30.564957_h0.jpg,kyiv,50.336967,30.564957,0,2021-03,streetview
data/images/kyiv/50.336967_30.564957_h90.jpg,kyiv,50.336967,30.564957,90,2021-03,streetview
data/images/kyiv/50.336967_30.564957_h180.jpg,kyiv,50.336967,30.564957,180,2021-03,streetview
data/images/kyiv/50.336967_30.564957_h270.jpg,kyiv,50.336967,30.564957,270,2021-03,streetview
data/images/kyiv/50.501897_30.249169_h0.jpg,kyiv,50.501897,30.249169,0,2018-05,streetview
data/images/kyiv/50.501897_30.249169_h90.jpg,kyiv,50.501897,30.249169,90,2018-05,streetview
data/images/kyiv/50.501897_30.249169_h180.jpg,kyiv,50.501897,30.249169,180,2018-05,streetview
data/images/kyiv/50.501897_30.249169_h270.jpg,kyiv,50.501897,30.249169,270,2018-05,streetview
data/images/kyiv/50.47387_30.494761_h0.jpg,kyiv,50.47387,30.494761,0,2025-06,streetview
data/images/kyiv/50.47387_30.494761_h90.jpg,kyiv,50.47387,30.494761,90,2025-06,streetview
data/images/kyiv/50.47387_30.494761_h180.jpg,kyiv,50.47387,30.494761,180,2025-06,streetview
data/images/kyiv/50.47387_30.494761_h270.jpg,kyiv,50.47387,30.494761,270,2025-06,streetview
data/images/kyiv/50.408113_30.337103_h0.jpg,kyiv,50.408113,30.337103,0,2021-12,streetview
data/images/kyiv/50.408113_30.337103_h90.jpg,kyiv,50.408113,30.337103,90,2021-12,streetview
data/images/kyiv/50.408113_30.337103_h180.jpg,kyiv,50.408113,30.337103,180,2021-12,streetview
data/images/kyiv/50.408113_30.337103_h270.jpg,kyiv,50.408113,30.337103,270,2021-12,streetview
data/images/kyiv/50.498663_30.433887_h0.jpg,kyiv,50.498663,30.433887,0,2021-01,streetview
data/images/kyiv/50.498663_30.433887_h90.jpg,kyiv,50.498663,30.433887,90,2021-01,streetview
data/images/kyiv/50.498663_30.433887_h180.jpg,kyiv,50.498663,30.433887,180,2021-01,streetview
data/images/kyiv/50.498663_30.433887_h270.jpg,kyiv,50.498663,30.433887,270,2021-01,streetview
data/images/kyiv/50.411347_30.602682_h0.jpg,kyiv,50.411347,30.602682,0,2020-12,streetview
data/images/kyiv/50.411347_30.602682_h90.jpg,kyiv,50.411347,30.602682,90,2020-12,streetview
data/images/kyiv/50.411347_30.602682_h180.jpg,kyiv,50.411347,30.602682,180,2020-12,streetview
data/images/kyiv/50.411347_30.602682_h270.jpg,kyiv,50.411347,30.602682,270,2020-12,streetview
data/images/kyiv/50.550406_30.617326_h0.jpg,kyiv,50.550406,30.617326,0,2020-04,streetview
data/images/kyiv/50.550406_30.617326_h90.jpg,kyiv,50.550406,30.617326,90,2020-04,streetview
data/images/kyiv/50.550406_30.617326_h180.jpg,kyiv,50.550406,30.617326,180,2020-04,streetview
data/images/kyiv/50.550406_30.617326_h270.jpg,kyiv,50.550406,30.617326,270,2020-04,streetview
data/images/kyiv/50.472792_30.586217_h0.jpg,kyiv,50.472792,30.586217,0,2022-01,streetview
data/images/kyiv/50.472792_30.586217_h90.jpg,kyiv,50.472792,30.586217,90,2022-01,streetview
data/images/kyiv/50.472792_30.586217_h180.jpg,kyiv,50.472792,30.586217,180,2022-01,streetview
data/images/kyiv/50.472792_30.586217_h270.jpg,kyiv,50.472792,30.586217,270,2022-01,streetview
data/images/kyiv/50.431829_30.606224_h0.jpg,kyiv,50.431829,30.606224,0,2021-04,streetview
data/images/kyiv/50.431829_30.606224_h90.jpg,kyiv,50.431829,30.606224,90,2021-04,streetview
data/images/kyiv/50.431829_30.606224_h180.jpg,kyiv,50.431829,30.606224,180,2021-04,streetview
data/images/kyiv/50.431829_30.606224_h270.jpg,kyiv,50.431829,30.606224,270,2021-04,streetview
data/images/kyiv/50.582745_30.478375_h0.jpg,kyiv,50.582745,30.478375,0,2021-11,streetview
data/images/kyiv/50.582745_30.478375_h90.jpg,kyiv,50.582745,30.478375,90,2021-11,streetview
data/images/kyiv/50.582745_30.478375_h180.jpg,kyiv,50.582745,30.478375,180,2021-11,streetview
data/images/kyiv/50.582745_30.478375_h270.jpg,kyiv,50.582745,30.478375,270,2021-11,streetview
data/images/kyiv/50.524534_30.791765_h0.jpg,kyiv,50.524534,30.791765,0,2019-03,streetview
data/images/kyiv/50.524534_30.791765_h90.jpg,kyiv,50.524534,30.791765,90,2019-03,streetview
data/images/kyiv/50.524534_30.791765_h180.jpg,kyiv,50.524534,30.791765,180,2019-03,streetview
data/images/kyiv/50.524534_30.791765_h270.jpg,kyiv,50.524534,30.791765,270,2019-03,streetview
data/images/kyiv/50.479259_30.548997_h0.jpg,kyiv,50.479259,30.548997,0,2021-08,streetview
data/images/kyiv/50.479259_30.548997_h90.jpg,kyiv,50.479259,30.548997,90,2021-08,streetview
data/images/kyiv/50.479259_30.548997_h180.jpg,kyiv,50.479259,30.548997,180,2021-08,streetview
data/images/kyiv/50.479259_30.548997_h270.jpg,kyiv,50.479259,30.548997,270,2021-08,streetview
data/images/kyiv/50.234559_30.638408_h0.jpg,kyiv,50.234559,30.638408,0,2020-07,streetview
data/images/kyiv/50.234559_30.638408_h90.jpg,kyiv,50.234559,30.638408,90,2020-07,streetview
data/images/kyiv/50.234559_30.638408_h180.jpg,kyiv,50.234559,30.638408,180,2020-07,streetview
data/images/kyiv/50.234559_30.638408_h270.jpg,kyiv,50.234559,30.638408,270,2020-07,streetview
data/images/kyiv/50.288458_30.686101_h0.jpg,kyiv,50.288458,30.686101,0,2019-11,streetview
data/images/kyiv/50.288458_30.686101_h90.jpg,kyiv,50.288458,30.686101,90,2019-11,streetview
data/images/kyiv/50.288458_30.686101_h180.jpg,kyiv,50.288458,30.686101,180,2019-11,streetview
data/images/kyiv/50.288458_30.686101_h270.jpg,kyiv,50.288458,30.686101,270,2019-11,streetview
data/images/kyiv/50.454466_30.46926_h0.jpg,kyiv,50.454466,30.46926,0,2020-04,streetview
data/images/kyiv/50.454466_30.46926_h90.jpg,kyiv,50.454466,30.46926,90,2020-04,streetview
data/images/kyiv/50.454466_30.46926_h180.jpg,kyiv,50.454466,30.46926,180,2020-04,streetview
data/images/kyiv/50.454466_30.46926_h270.jpg,kyiv,50.454466,30.46926,270,2020-04,streetview
data/images/kyiv/50.320797_30.644197_h0.jpg,kyiv,50.320797,30.644197,0,2019-11,streetview
data/images/kyiv/50.320797_30.644197_h90.jpg,kyiv,50.320797,30.644197,90,2019-11,streetview
data/images/kyiv/50.320797_30.644197_h180.jpg,kyiv,50.320797,30.644197,180,2019-11,streetview
data/images/kyiv/50.320797_30.644197_h270.jpg,kyiv,50.320797,30.644197,270,2019-11,streetview
data/images/kyiv/50.443686_30.313479_h0.jpg,kyiv,50.443686,30.313479,0,2020-06,streetview
data/images/kyiv/50.443686_30.313479_h90.jpg,kyiv,50.443686,30.313479,90,2020-06,streetview
data/images/kyiv/50.443686_30.313479_h180.jpg,kyiv,50.443686,30.313479,180,2020-06,streetview
data/images/kyiv/50.443686_30.313479_h270.jpg,kyiv,50.443686,30.313479,270,2020-06,streetview
data/images/kyiv/50.368228_30.360681_h0.jpg,kyiv,50.368228,30.360681,0,2021-05,streetview
data/images/kyiv/50.368228_30.360681_h90.jpg,kyiv,50.368228,30.360681,90,2021-05,streetview
data/images/kyiv/50.368228_30.360681_h180.jpg,kyiv,50.368228,30.360681,180,2021-05,streetview
data/images/kyiv/50.368228_30.360681_h270.jpg,kyiv,50.368228,30.360681,270,2021-05,streetview
data/images/kyiv/50.455544_30.437096_h0.jpg,kyiv,50.455544,30.437096,0,2021-06,streetview
data/images/kyiv/50.455544_30.437096_h90.jpg,kyiv,50.455544,30.437096,90,2021-06,streetview
data/images/kyiv/50.455544_30.437096_h180.jpg,kyiv,50.455544,30.437096,180,2021-06,streetview
data/images/kyiv/50.455544_30.437096_h270.jpg,kyiv,50.455544,30.437096,270,2021-06,streetview
data/images/kyiv/50.428595_30.663733_h0.jpg,kyiv,50.428595,30.663733,0,2021-06,streetview
data/images/kyiv/50.428595_30.663733_h90.jpg,kyiv,50.428595,30.663733,90,2021-06,streetview
data/images/kyiv/50.428595_30.663733_h180.jpg,kyiv,50.428595,30.663733,180,2021-06,streetview
data/images/kyiv/50.428595_30.663733_h270.jpg,kyiv,50.428595,30.663733,270,2021-06,streetview
data/images/kyiv/50.36715_30.451936_h0.jpg,kyiv,50.36715,30.451936,0,2020-07,streetview
data/images/kyiv/50.36715_30.451936_h90.jpg,kyiv,50.36715,30.451936,90,2020-07,streetview
data/images/kyiv/50.36715_30.451936_h180.jpg,kyiv,50.36715,30.451936,180,2020-07,streetview
data/images/kyiv/50.36715_30.451936_h270.jpg,kyiv,50.36715,30.451936,270,2020-07,streetview
data/images/kyiv/50.460934_30.465905_h0.jpg,kyiv,50.460934,30.465905,0,2025-09,streetview
data/images/kyiv/50.460934_30.465905_h90.jpg,kyiv,50.460934,30.465905,90,2025-09,streetview
data/images/kyiv/50.460934_30.465905_h180.jpg,kyiv,50.460934,30.465905,180,2025-09,streetview
data/images/kyiv/50.460934_30.465905_h270.jpg,kyiv,50.460934,30.465905,270,2025-09,streetview
data/images/kyiv/50.525612_30.476389_h0.jpg,kyiv,50.525612,30.476389,0,2021-03,streetview
data/images/kyiv/50.525612_30.476389_h90.jpg,kyiv,50.525612,30.476389,90,2021-03,streetview
data/images/kyiv/50.525612_30.476389_h180.jpg,kyiv,50.525612,30.476389,180,2021-03,streetview
data/images/kyiv/50.525612_30.476389_h270.jpg,kyiv,50.525612,30.476389,270,2021-03,streetview
data/images/kyiv/50.540704_30.59859_h0.jpg,kyiv,50.540704,30.59859,0,2020-04,streetview
data/images/kyiv/50.540704_30.59859_h90.jpg,kyiv,50.540704,30.59859,90,2020-04,streetview
data/images/kyiv/50.540704_30.59859_h180.jpg,kyiv,50.540704,30.59859,180,2020-04,streetview
data/images/kyiv/50.540704_30.59859_h270.jpg,kyiv,50.540704,30.59859,270,2020-04,streetview
data/images/kyiv/50.380086_30.380996_h0.jpg,kyiv,50.380086,30.380996,0,2018-11,streetview
data/images/kyiv/50.380086_30.380996_h90.jpg,kyiv,50.380086,30.380996,90,2018-11,streetview
data/images/kyiv/50.380086_30.380996_h180.jpg,kyiv,50.380086,30.380996,180,2018-11,streetview
data/images/kyiv/50.380086_30.380996_h270.jpg,kyiv,50.380086,30.380996,270,2018-11,streetview
data/images/kyiv/50.471714_30.335541_h0.jpg,kyiv,50.471714,30.335541,0,2018-05,streetview
data/images/kyiv/50.471714_30.335541_h90.jpg,kyiv,50.471714,30.335541,90,2018-05,streetview
data/images/kyiv/50.471714_30.335541_h180.jpg,kyiv,50.471714,30.335541,180,2018-05,streetview
data/images/kyiv/50.471714_30.335541_h270.jpg,kyiv,50.471714,30.335541,270,2018-05,streetview
data/images/kyiv/50.427517_30.531737_h0.jpg,kyiv,50.427517,30.531737,0,2024-12,streetview
data/images/kyiv/50.427517_30.531737_h90.jpg,kyiv,50.427517,30.531737,90,2024-12,streetview
data/images/kyiv/50.427517_30.531737_h180.jpg,kyiv,50.427517,30.531737,180,2024-12,streetview
data/images/kyiv/50.427517_30.531737_h270.jpg,kyiv,50.427517,30.531737,270,2024-12,streetview
data/images/kyiv/50.405957_30.628011_h0.jpg,kyiv,50.405957,30.628011,0,2021-06,streetview
data/images/kyiv/50.405957_30.628011_h90.jpg,kyiv,50.405957,30.628011,90,2021-06,streetview
data/images/kyiv/50.405957_30.628011_h180.jpg,kyiv,50.405957,30.628011,180,2021-06,streetview
data/images/kyiv/50.405957_30.628011_h270.jpg,kyiv,50.405957,30.628011,270,2021-06,streetview
data/images/kyiv/50.4577_30.350751_h0.jpg,kyiv,50.4577,30.350751,0,2021-04,streetview
data/images/kyiv/50.4577_30.350751_h90.jpg,kyiv,50.4577,30.350751,90,2021-04,streetview
data/images/kyiv/50.4577_30.350751_h180.jpg,kyiv,50.4577,30.350751,180,2021-04,streetview
data/images/kyiv/50.4577_30.350751_h270.jpg,kyiv,50.4577,30.350751,270,2021-04,streetview
data/images/kyiv/50.429673_30.32361_h0.jpg,kyiv,50.429673,30.32361,0,2020-06,streetview
data/images/kyiv/50.429673_30.32361_h90.jpg,kyiv,50.429673,30.32361,90,2020-06,streetview
data/images/kyiv/50.429673_30.32361_h180.jpg,kyiv,50.429673,30.32361,180,2020-06,streetview
data/images/kyiv/50.429673_30.32361_h270.jpg,kyiv,50.429673,30.32361,270,2020-06,streetview
data/images/kyiv/50.547172_30.608818_h0.jpg,kyiv,50.547172,30.608818,0,2020-06,streetview
data/images/kyiv/50.547172_30.608818_h90.jpg,kyiv,50.547172,30.608818,90,2020-06,streetview
data/images/kyiv/50.547172_30.608818_h180.jpg,kyiv,50.547172,30.608818,180,2020-06,streetview
data/images/kyiv/50.547172_30.608818_h270.jpg,kyiv,50.547172,30.608818,270,2020-06,streetview
data/images/kyiv/50.491117_30.528742_h0.jpg,kyiv,50.491117,30.528742,0,2019-08,streetview
data/images/kyiv/50.491117_30.528742_h90.jpg,kyiv,50.491117,30.528742,90,2019-08,streetview
data/images/kyiv/50.491117_30.528742_h180.jpg,kyiv,50.491117,30.528742,180,2019-08,streetview
data/images/kyiv/50.491117_30.528742_h270.jpg,kyiv,50.491117,30.528742,270,2019-08,streetview
data/images/kyiv/50.442608_30.437041_h0.jpg,kyiv,50.442608,30.437041,0,2020-05,streetview
data/images/kyiv/50.442608_30.437041_h90.jpg,kyiv,50.442608,30.437041,90,2020-05,streetview
data/images/kyiv/50.442608_30.437041_h180.jpg,kyiv,50.442608,30.437041,180,2020-05,streetview
data/images/kyiv/50.442608_30.437041_h270.jpg,kyiv,50.442608,30.437041,270,2020-05,streetview
data/images/kyiv/50.484649_30.411805_h0.jpg,kyiv,50.484649,30.411805,0,2021-05,streetview
data/images/kyiv/50.484649_30.411805_h90.jpg,kyiv,50.484649,30.411805,90,2021-05,streetview
data/images/kyiv/50.484649_30.411805_h180.jpg,kyiv,50.484649,30.411805,180,2021-05,streetview
data/images/kyiv/50.484649_30.411805_h270.jpg,kyiv,50.484649,30.411805,270,2021-05,streetview
data/images/kyiv/50.496507_30.442351_h0.jpg,kyiv,50.496507,30.442351,0,2018-10,streetview
data/images/kyiv/50.496507_30.442351_h90.jpg,kyiv,50.496507,30.442351,90,2018-10,streetview
data/images/kyiv/50.496507_30.442351_h180.jpg,kyiv,50.496507,30.442351,180,2018-10,streetview
data/images/kyiv/50.496507_30.442351_h270.jpg,kyiv,50.496507,30.442351,270,2018-10,streetview
data/images/kyiv/50.288458_30.524132_h0.jpg,kyiv,50.288458,30.524132,0,2020-09,streetview
data/images/kyiv/50.288458_30.524132_h90.jpg,kyiv,50.288458,30.524132,90,2020-09,streetview
data/images/kyiv/50.288458_30.524132_h180.jpg,kyiv,50.288458,30.524132,180,2020-09,streetview
data/images/kyiv/50.288458_30.524132_h270.jpg,kyiv,50.288458,30.524132,270,2020-09,streetview
data/images/kyiv/50.582745_30.491956_h0.jpg,kyiv,50.582745,30.491956,0,2019-07,streetview
data/images/kyiv/50.582745_30.491956_h90.jpg,kyiv,50.582745,30.491956,90,2019-07,streetview
data/images/kyiv/50.582745_30.491956_h180.jpg,kyiv,50.582745,30.491956,180,2019-07,streetview
data/images/kyiv/50.582745_30.491956_h270.jpg,kyiv,50.582745,30.491956,270,2019-07,streetview
data/images/kyiv/50.38871_30.499374_h0.jpg,kyiv,50.38871,30.499374,0,2021-05,streetview
data/images/kyiv/50.38871_30.499374_h90.jpg,kyiv,50.38871,30.499374,90,2021-05,streetview
data/images/kyiv/50.38871_30.499374_h180.jpg,kyiv,50.38871,30.499374,180,2021-05,streetview
data/images/kyiv/50.38871_30.499374_h270.jpg,kyiv,50.38871,30.499374,270,2021-05,streetview
data/images/kyiv/50.425361_30.612942_h0.jpg,kyiv,50.425361,30.612942,0,2019-11,streetview
data/images/kyiv/50.425361_30.612942_h90.jpg,kyiv,50.425361,30.612942,90,2019-11,streetview
data/images/kyiv/50.425361_30.612942_h180.jpg,kyiv,50.425361,30.612942,180,2019-11,streetview
data/images/kyiv/50.425361_30.612942_h270.jpg,kyiv,50.425361,30.612942,270,2019-11,streetview
data/images/kyiv/50.357448_30.725612_h0.jpg,kyiv,50.357448,30.725612,0,2020-08,streetview
data/images/kyiv/50.357448_30.725612_h90.jpg,kyiv,50.357448,30.725612,90,2020-08,streetview
data/images/kyiv/50.357448_30.725612_h180.jpg,kyiv,50.357448,30.725612,180,2020-08,streetview
data/images/kyiv/50.357448_30.725612_h270.jpg,kyiv,50.357448,30.725612,270,2020-08,streetview
data/images/kyiv/50.416737_30.633175_h0.jpg,kyiv,50.416737,30.633175,0,2021-04,streetview
data/images/kyiv/50.416737_30.633175_h90.jpg,kyiv,50.416737,30.633175,90,2021-04,streetview
data/images/kyiv/50.416737_30.633175_h180.jpg,kyiv,50.416737,30.633175,180,2021-04,streetview
data/images/kyiv/50.416737_30.633175_h270.jpg,kyiv,50.416737,30.633175,270,2021-04,streetview
data/images/kyiv/50.518066_30.252563_h0.jpg,kyiv,50.518066,30.252563,0,2020-05,streetview
data/images/kyiv/50.518066_30.252563_h90.jpg,kyiv,50.518066,30.252563,90,2020-05,streetview
data/images/kyiv/50.518066_30.252563_h180.jpg,kyiv,50.518066,30.252563,180,2020-05,streetview
data/images/kyiv/50.518066_30.252563_h270.jpg,kyiv,50.518066,30.252563,270,2020-05,streetview
data/images/kyiv/50.47387_30.640426_h0.jpg,kyiv,50.47387,30.640426,0,2019-05,streetview
data/images/kyiv/50.47387_30.640426_h90.jpg,kyiv,50.47387,30.640426,90,2019-05,streetview
data/images/kyiv/50.47387_30.640426_h180.jpg,kyiv,50.47387,30.640426,180,2019-05,streetview
data/images/kyiv/50.47387_30.640426_h270.jpg,kyiv,50.47387,30.640426,270,2019-05,streetview
data/images/kyiv/50.370384_30.702083_h0.jpg,kyiv,50.370384,30.702083,0,2021-10,streetview
data/images/kyiv/50.370384_30.702083_h90.jpg,kyiv,50.370384,30.702083,90,2021-10,streetview
data/images/kyiv/50.370384_30.702083_h180.jpg,kyiv,50.370384,30.702083,180,2021-10,streetview
data/images/kyiv/50.370384_30.702083_h270.jpg,kyiv,50.370384,30.702083,270,2021-10,streetview
data/images/kyiv/50.538548_30.647761_h0.jpg,kyiv,50.538548,30.647761,0,2020-06,streetview
data/images/kyiv/50.538548_30.647761_h90.jpg,kyiv,50.538548,30.647761,90,2020-06,streetview
data/images/kyiv/50.538548_30.647761_h180.jpg,kyiv,50.538548,30.647761,180,2020-06,streetview
data/images/kyiv/50.538548_30.647761_h270.jpg,kyiv,50.538548,30.647761,270,2020-06,streetview
data/images/kyiv/50.237793_30.362033_h0.jpg,kyiv,50.237793,30.362033,0,2021-12,streetview
data/images/kyiv/50.237793_30.362033_h90.jpg,kyiv,50.237793,30.362033,90,2021-12,streetview
data/images/kyiv/50.237793_30.362033_h180.jpg,kyiv,50.237793,30.362033,180,2021-12,streetview
data/images/kyiv/50.237793_30.362033_h270.jpg,kyiv,50.237793,30.362033,270,2021-12,streetview
data/images/kyiv/50.405957_30.519765_h0.jpg,kyiv,50.405957,30.519765,0,2022-02,streetview
data/images/kyiv/50.405957_30.519765_h90.jpg,kyiv,50.405957,30.519765,90,2022-02,streetview
data/images/kyiv/50.405957_30.519765_h180.jpg,kyiv,50.405957,30.519765,180,2022-02,streetview
data/images/kyiv/50.405957_30.519765_h270.jpg,kyiv,50.405957,30.519765,270,2022-02,streetview
data/images/kyiv/50.393022_30.492634_h0.jpg,kyiv,50.393022,30.492634,0,2020-11,streetview
data/images/kyiv/50.393022_30.492634_h90.jpg,kyiv,50.393022,30.492634,90,2020-11,streetview
data/images/kyiv/50.393022_30.492634_h180.jpg,kyiv,50.393022,30.492634,180,2020-11,streetview
data/images/kyiv/50.393022_30.492634_h270.jpg,kyiv,50.393022,30.492634,270,2020-11,streetview
data/images/kyiv/50.398411_30.406417_h0.jpg,kyiv,50.398411,30.406417,0,2024-03,streetview
data/images/kyiv/50.398411_30.406417_h90.jpg,kyiv,50.398411,30.406417,90,2024-03,streetview
data/images/kyiv/50.398411_30.406417_h180.jpg,kyiv,50.398411,30.406417,180,2024-03,streetview
data/images/kyiv/50.398411_30.406417_h270.jpg,kyiv,50.398411,30.406417,270,2024-03,streetview
data/images/kyiv/50.403801_30.511295_h0.jpg,kyiv,50.403801,30.511295,0,2019-11,streetview
data/images/kyiv/50.403801_30.511295_h90.jpg,kyiv,50.403801,30.511295,90,2019-11,streetview
data/images/kyiv/50.403801_30.511295_h180.jpg,kyiv,50.403801,30.511295,180,2019-11,streetview
data/images/kyiv/50.403801_30.511295_h270.jpg,kyiv,50.403801,30.511295,270,2019-11,streetview
data/images/kyiv/50.283068_30.333471_h0.jpg,kyiv,50.283068,30.333471,0,2019-04,streetview
data/images/kyiv/50.283068_30.333471_h90.jpg,kyiv,50.283068,30.333471,90,2019-04,streetview
data/images/kyiv/50.283068_30.333471_h180.jpg,kyiv,50.283068,30.333471,180,2019-04,streetview
data/images/kyiv/50.283068_30.333471_h270.jpg,kyiv,50.283068,30.333471,270,2019-04,streetview
data/images/kyiv/50.477103_30.449043_h0.jpg,kyiv,50.477103,30.449043,0,2019-02,streetview
data/images/kyiv/50.477103_30.449043_h90.jpg,kyiv,50.477103,30.449043,90,2019-02,streetview
data/images/kyiv/50.477103_30.449043_h180.jpg,kyiv,50.477103,30.449043,180,2019-02,streetview
data/images/kyiv/50.477103_30.449043_h270.jpg,kyiv,50.477103,30.449043,270,2019-02,streetview
data/images/kyiv/50.498663_30.44236_h0.jpg,kyiv,50.498663,30.44236,0,2019-04,streetview
data/images/kyiv/50.498663_30.44236_h90.jpg,kyiv,50.498663,30.44236,90,2019-04,streetview
data/images/kyiv/50.498663_30.44236_h180.jpg,kyiv,50.498663,30.44236,180,2019-04,streetview
data/images/kyiv/50.498663_30.44236_h270.jpg,kyiv,50.498663,30.44236,270,2019-04,streetview
data/images/kyiv/50.432907_30.320231_h0.jpg,kyiv,50.432907,30.320231,0,2019-08,streetview
data/images/kyiv/50.432907_30.320231_h90.jpg,kyiv,50.432907,30.320231,90,2019-08,streetview
data/images/kyiv/50.432907_30.320231_h180.jpg,kyiv,50.432907,30.320231,180,2019-08,streetview
data/images/kyiv/50.432907_30.320231_h270.jpg,kyiv,50.432907,30.320231,270,2019-08,streetview
data/images/kyiv/50.336967_30.352156_h0.jpg,kyiv,50.336967,30.352156,0,2018-07,streetview
data/images/kyiv/50.336967_30.352156_h90.jpg,kyiv,50.336967,30.352156,90,2018-07,streetview
data/images/kyiv/50.336967_30.352156_h180.jpg,kyiv,50.336967,30.352156,180,2018-07,streetview
data/images/kyiv/50.336967_30.352156_h270.jpg,kyiv,50.336967,30.352156,270,2018-07,streetview
data/images/kyiv/50.430751_30.48099_h0.jpg,kyiv,50.430751,30.48099,0,2018-11,streetview
data/images/kyiv/50.430751_30.48099_h90.jpg,kyiv,50.430751,30.48099,90,2018-11,streetview
data/images/kyiv/50.430751_30.48099_h180.jpg,kyiv,50.430751,30.48099,180,2018-11,streetview
data/images/kyiv/50.430751_30.48099_h270.jpg,kyiv,50.430751,30.48099,270,2018-11,streetview
data/images/kyiv/50.396255_30.502797_h0.jpg,kyiv,50.396255,30.502797,0,2025-11,streetview
data/images/kyiv/50.396255_30.502797_h90.jpg,kyiv,50.396255,30.502797,90,2025-11,streetview
data/images/kyiv/50.396255_30.502797_h180.jpg,kyiv,50.396255,30.502797,180,2025-11,streetview
data/images/kyiv/50.396255_30.502797_h270.jpg,kyiv,50.396255,30.502797,270,2025-11,streetview
data/images/kyiv/50.390866_30.634651_h0.jpg,kyiv,50.390866,30.634651,0,2021-04,streetview
data/images/kyiv/50.390866_30.634651_h90.jpg,kyiv,50.390866,30.634651,90,2021-04,streetview
data/images/kyiv/50.390866_30.634651_h180.jpg,kyiv,50.390866,30.634651,180,2021-04,streetview
data/images/kyiv/50.390866_30.634651_h270.jpg,kyiv,50.390866,30.634651,270,2021-04,streetview
data/images/kyiv/50.428595_30.656964_h0.jpg,kyiv,50.428595,30.656964,0,2018-12,streetview
data/images/kyiv/50.428595_30.656964_h90.jpg,kyiv,50.428595,30.656964,90,2018-12,streetview
data/images/kyiv/50.428595_30.656964_h180.jpg,kyiv,50.428595,30.656964,180,2018-12,streetview
data/images/kyiv/50.428595_30.656964_h270.jpg,kyiv,50.428595,30.656964,270,2018-12,streetview
data/images/kyiv/50.304628_30.37402_h0.jpg,kyiv,50.304628,30.37402,0,2019-08,streetview
data/images/kyiv/50.304628_30.37402_h90.jpg,kyiv,50.304628,30.37402,90,2019-08,streetview
data/images/kyiv/50.304628_30.37402_h180.jpg,kyiv,50.304628,30.37402,180,2019-08,streetview
data/images/kyiv/50.304628_30.37402_h270.jpg,kyiv,50.304628,30.37402,270,2019-08,streetview
data/images/kyiv/50.499741_30.423723_h0.jpg,kyiv,50.499741,30.423723,0,2026-04,streetview
data/images/kyiv/50.499741_30.423723_h90.jpg,kyiv,50.499741,30.423723,90,2026-04,streetview
data/images/kyiv/50.499741_30.423723_h180.jpg,kyiv,50.499741,30.423723,180,2026-04,streetview
data/images/kyiv/50.499741_30.423723_h270.jpg,kyiv,50.499741,30.423723,270,2026-04,streetview
data/images/kyiv/50.432907_30.482693_h0.jpg,kyiv,50.432907,30.482693,0,2019-03,streetview
data/images/kyiv/50.432907_30.482693_h90.jpg,kyiv,50.432907,30.482693,90,2019-03,streetview
data/images/kyiv/50.432907_30.482693_h180.jpg,kyiv,50.432907,30.482693,180,2019-03,streetview
data/images/kyiv/50.432907_30.482693_h270.jpg,kyiv,50.432907,30.482693,270,2019-03,streetview
data/images/kyiv/50.325109_30.461879_h0.jpg,kyiv,50.325109,30.461879,0,2020-11,streetview
data/images/kyiv/50.325109_30.461879_h90.jpg,kyiv,50.325109,30.461879,90,2020-11,streetview
data/images/kyiv/50.325109_30.461879_h180.jpg,kyiv,50.325109,30.461879,180,2020-11,streetview
data/images/kyiv/50.325109_30.461879_h270.jpg,kyiv,50.325109,30.461879,270,2020-11,streetview
data/images/kyiv/50.44153_30.433652_h0.jpg,kyiv,50.44153,30.433652,0,2020-05,streetview
data/images/kyiv/50.44153_30.433652_h90.jpg,kyiv,50.44153,30.433652,90,2020-05,streetview
data/images/kyiv/50.44153_30.433652_h180.jpg,kyiv,50.44153,30.433652,180,2020-05,streetview
data/images/kyiv/50.44153_30.433652_h270.jpg,kyiv,50.44153,30.433652,270,2020-05,streetview
data/images/kyiv/50.425361_30.332063_h0.jpg,kyiv,50.425361,30.332063,0,2026-04,streetview
data/images/kyiv/50.425361_30.332063_h90.jpg,kyiv,50.425361,30.332063,90,2026-04,streetview
data/images/kyiv/50.425361_30.332063_h180.jpg,kyiv,50.425361,30.332063,180,2026-04,streetview
data/images/kyiv/50.425361_30.332063_h270.jpg,kyiv,50.425361,30.332063,270,2026-04,streetview
data/images/kyiv/50.450154_30.597902_h0.jpg,kyiv,50.450154,30.597902,0,2020-09,streetview
data/images/kyiv/50.450154_30.597902_h90.jpg,kyiv,50.450154,30.597902,90,2020-09,streetview
data/images/kyiv/50.450154_30.597902_h180.jpg,kyiv,50.450154,30.597902,180,2020-09,streetview
data/images/kyiv/50.450154_30.597902_h270.jpg,kyiv,50.450154,30.597902,270,2020-09,streetview
data/images/kyiv/50.413503_30.609465_h0.jpg,kyiv,50.413503,30.609465,0,2018-11,streetview
data/images/kyiv/50.413503_30.609465_h90.jpg,kyiv,50.413503,30.609465,90,2018-11,streetview
data/images/kyiv/50.413503_30.609465_h180.jpg,kyiv,50.413503,30.609465,180,2018-11,streetview
data/images/kyiv/50.413503_30.609465_h270.jpg,kyiv,50.413503,30.609465,270,2018-11,streetview
data/images/kyiv/50.37793_30.790055_h0.jpg,kyiv,50.37793,30.790055,0,2021-07,streetview
data/images/kyiv/50.37793_30.790055_h90.jpg,kyiv,50.37793,30.790055,90,2021-07,streetview
data/images/kyiv/50.37793_30.790055_h180.jpg,kyiv,50.37793,30.790055,180,2021-07,streetview
data/images/kyiv/50.37793_30.790055_h270.jpg,kyiv,50.37793,30.790055,270,2021-07,streetview
data/images/kyiv/50.582745_30.654935_h0.jpg,kyiv,50.582745,30.654935,0,2019-03,streetview
data/images/kyiv/50.582745_30.654935_h90.jpg,kyiv,50.582745,30.654935,90,2019-03,streetview
data/images/kyiv/50.582745_30.654935_h180.jpg,kyiv,50.582745,30.654935,180,2019-03,streetview
data/images/kyiv/50.582745_30.654935_h270.jpg,kyiv,50.582745,30.654935,270,2019-03,streetview
data/images/kyiv/50.569809_30.676885_h0.jpg,kyiv,50.569809,30.676885,0,2019-03,streetview
data/images/kyiv/50.569809_30.676885_h90.jpg,kyiv,50.569809,30.676885,90,2019-03,streetview
data/images/kyiv/50.569809_30.676885_h180.jpg,kyiv,50.569809,30.676885,180,2019-03,streetview
data/images/kyiv/50.569809_30.676885_h270.jpg,kyiv,50.569809,30.676885,270,2019-03,streetview
data/images/kyiv/50.545016_30.498539_h0.jpg,kyiv,50.545016,30.498539,0,2021-05,streetview
data/images/kyiv/50.545016_30.498539_h90.jpg,kyiv,50.545016,30.498539,90,2021-05,streetview
data/images/kyiv/50.545016_30.498539_h180.jpg,kyiv,50.545016,30.498539,180,2021-05,streetview
data/images/kyiv/50.545016_30.498539_h270.jpg,kyiv,50.545016,30.498539,270,2021-05,streetview
data/images/kyiv/50.228092_30.363693_h0.jpg,kyiv,50.228092,30.363693,0,2021-12,streetview
data/images/kyiv/50.228092_30.363693_h90.jpg,kyiv,50.228092,30.363693,90,2021-12,streetview
data/images/kyiv/50.228092_30.363693_h180.jpg,kyiv,50.228092,30.363693,180,2021-12,streetview
data/images/kyiv/50.228092_30.363693_h270.jpg,kyiv,50.228092,30.363693,270,2021-12,streetview
data/images/kyiv/50.391944_30.470647_h0.jpg,kyiv,50.391944,30.470647,0,2019-09,streetview
data/images/kyiv/50.391944_30.470647_h90.jpg,kyiv,50.391944,30.470647,90,2019-09,streetview
data/images/kyiv/50.391944_30.470647_h180.jpg,kyiv,50.391944,30.470647,180,2019-09,streetview
data/images/kyiv/50.391944_30.470647_h270.jpg,kyiv,50.391944,30.470647,270,2019-09,streetview
data/images/kyiv/50.255041_30.429517_h0.jpg,kyiv,50.255041,30.429517,0,2021-01,streetview
data/images/kyiv/50.255041_30.429517_h90.jpg,kyiv,50.255041,30.429517,90,2021-01,streetview
data/images/kyiv/50.255041_30.429517_h180.jpg,kyiv,50.255041,30.429517,180,2021-01,streetview
data/images/kyiv/50.255041_30.429517_h270.jpg,kyiv,50.255041,30.429517,270,2021-01,streetview
data/images/kyiv/50.55364_30.814163_h0.jpg,kyiv,50.55364,30.814163,0,2019-03,streetview
data/images/kyiv/50.55364_30.814163_h90.jpg,kyiv,50.55364,30.814163,90,2019-03,streetview
data/images/kyiv/50.55364_30.814163_h180.jpg,kyiv,50.55364,30.814163,180,2019-03,streetview
data/images/kyiv/50.55364_30.814163_h270.jpg,kyiv,50.55364,30.814163,270,2019-03,streetview
data/images/kyiv/50.405957_30.648307_h0.jpg,kyiv,50.405957,30.648307,0,2019-05,streetview
data/images/kyiv/50.405957_30.648307_h90.jpg,kyiv,50.405957,30.648307,90,2019-05,streetview
data/images/kyiv/50.405957_30.648307_h180.jpg,kyiv,50.405957,30.648307,180,2019-05,streetview
data/images/kyiv/50.405957_30.648307_h270.jpg,kyiv,50.405957,30.648307,270,2019-05,streetview
data/images/kyiv/50.342357_30.745726_h0.jpg,kyiv,50.342357,30.745726,0,2020-08,streetview
data/images/kyiv/50.342357_30.745726_h90.jpg,kyiv,50.342357,30.745726,90,2020-08,streetview
data/images/kyiv/50.342357_30.745726_h180.jpg,kyiv,50.342357,30.745726,180,2020-08,streetview
data/images/kyiv/50.342357_30.745726_h270.jpg,kyiv,50.342357,30.745726,270,2020-08,streetview
data/images/kyiv/50.458778_30.420177_h0.jpg,kyiv,50.458778,30.420177,0,2020-06,streetview
data/images/kyiv/50.458778_30.420177_h90.jpg,kyiv,50.458778,30.420177,90,2020-06,streetview
data/images/kyiv/50.458778_30.420177_h180.jpg,kyiv,50.458778,30.420177,180,2020-06,streetview
data/images/kyiv/50.458778_30.420177_h270.jpg,kyiv,50.458778,30.420177,270,2020-06,streetview
data/images/kyiv/50.326187_30.824914_h0.jpg,kyiv,50.326187,30.824914,0,2020-08,streetview
data/images/kyiv/50.326187_30.824914_h90.jpg,kyiv,50.326187,30.824914,90,2020-08,streetview
data/images/kyiv/50.326187_30.824914_h180.jpg,kyiv,50.326187,30.824914,180,2020-08,streetview
data/images/kyiv/50.326187_30.824914_h270.jpg,kyiv,50.326187,30.824914,270,2020-08,streetview
data/images/kyiv/50.431829_30.557148_h0.jpg,kyiv,50.431829,30.557148,0,2021-04,streetview
data/images/kyiv/50.431829_30.557148_h90.jpg,kyiv,50.431829,30.557148,90,2021-04,streetview
data/images/kyiv/50.431829_30.557148_h180.jpg,kyiv,50.431829,30.557148,180,2021-04,streetview
data/images/kyiv/50.431829_30.557148_h270.jpg,kyiv,50.431829,30.557148,270,2021-04,streetview
data/images/kyiv/50.273367_30.569581_h0.jpg,kyiv,50.273367,30.569581,0,2020-05,streetview
data/images/kyiv/50.273367_30.569581_h90.jpg,kyiv,50.273367,30.569581,90,2020-05,streetview
data/images/kyiv/50.273367_30.569581_h180.jpg,kyiv,50.273367,30.569581,180,2020-05,streetview
data/images/kyiv/50.273367_30.569581_h270.jpg,kyiv,50.273367,30.569581,270,2020-05,streetview
data/images/kyiv/50.585979_30.488578_h0.jpg,kyiv,50.585979,30.488578,0,2020-07,streetview
data/images/kyiv/50.585979_30.488578_h90.jpg,kyiv,50.585979,30.488578,90,2020-07,streetview
data/images/kyiv/50.585979_30.488578_h180.jpg,kyiv,50.585979,30.488578,180,2020-07,streetview
data/images/kyiv/50.585979_30.488578_h270.jpg,kyiv,50.585979,30.488578,270,2020-07,streetview
data/images/kyiv/50.442608_30.311784_h0.jpg,kyiv,50.442608,30.311784,0,2022-02,streetview
data/images/kyiv/50.442608_30.311784_h90.jpg,kyiv,50.442608,30.311784,90,2022-02,streetview
data/images/kyiv/50.442608_30.311784_h180.jpg,kyiv,50.442608,30.311784,180,2022-02,streetview
data/images/kyiv/50.442608_30.311784_h270.jpg,kyiv,50.442608,30.311784,270,2022-02,streetview
data/images/kyiv/50.423205_30.43696_h0.jpg,kyiv,50.423205,30.43696,0,2024-01,streetview
data/images/kyiv/50.423205_30.43696_h90.jpg,kyiv,50.423205,30.43696,90,2024-01,streetview
data/images/kyiv/50.423205_30.43696_h180.jpg,kyiv,50.423205,30.43696,180,2024-01,streetview
data/images/kyiv/50.423205_30.43696_h270.jpg,kyiv,50.423205,30.43696,270,2024-01,streetview
data/images/kyiv/50.432907_30.506386_h0.jpg,kyiv,50.432907,30.506386,0,2024-07,streetview
data/images/kyiv/50.432907_30.506386_h90.jpg,kyiv,50.432907,30.506386,90,2024-07,streetview
data/images/kyiv/50.432907_30.506386_h180.jpg,kyiv,50.432907,30.506386,180,2024-07,streetview
data/images/kyiv/50.432907_30.506386_h270.jpg,kyiv,50.432907,30.506386,270,2024-07,streetview
data/images/kyiv/50.330499_30.809769_h0.jpg,kyiv,50.330499,30.809769,0,2020-08,streetview
data/images/kyiv/50.330499_30.809769_h90.jpg,kyiv,50.330499,30.809769,90,2020-08,streetview
data/images/kyiv/50.330499_30.809769_h180.jpg,kyiv,50.330499,30.809769,180,2020-08,streetview
data/images/kyiv/50.330499_30.809769_h270.jpg,kyiv,50.330499,30.809769,270,2020-08,streetview
data/images/kyiv/50.421049_30.382811_h0.jpg,kyiv,50.421049,30.382811,0,2020-06,streetview
data/images/kyiv/50.421049_30.382811_h90.jpg,kyiv,50.421049,30.382811,90,2020-06,streetview
data/images/kyiv/50.421049_30.382811_h180.jpg,kyiv,50.421049,30.382811,180,2020-06,streetview
data/images/kyiv/50.421049_30.382811_h270.jpg,kyiv,50.421049,30.382811,270,2020-06,streetview
data/images/kyiv/50.332655_30.701715_h0.jpg,kyiv,50.332655,30.701715,0,2021-10,streetview
data/images/kyiv/50.332655_30.701715_h90.jpg,kyiv,50.332655,30.701715,90,2021-10,streetview
data/images/kyiv/50.332655_30.701715_h180.jpg,kyiv,50.332655,30.701715,180,2021-10,streetview
data/images/kyiv/50.332655_30.701715_h270.jpg,kyiv,50.332655,30.701715,270,2021-10,streetview
data/images/kyiv/50.407035_30.607723_h0.jpg,kyiv,50.407035,30.607723,0,2021-09,streetview
data/images/kyiv/50.407035_30.607723_h90.jpg,kyiv,50.407035,30.607723,90,2021-09,streetview
data/images/kyiv/50.407035_30.607723_h180.jpg,kyiv,50.407035,30.607723,180,2021-09,streetview
data/images/kyiv/50.407035_30.607723_h270.jpg,kyiv,50.407035,30.607723,270,2021-09,streetview
data/images/kyiv/50.513755_30.425473_h0.jpg,kyiv,50.513755,30.425473,0,2026-05,streetview
data/images/kyiv/50.513755_30.425473_h90.jpg,kyiv,50.513755,30.425473,90,2026-05,streetview
data/images/kyiv/50.513755_30.425473_h180.jpg,kyiv,50.513755,30.425473,180,2026-05,streetview
data/images/kyiv/50.513755_30.425473_h270.jpg,kyiv,50.513755,30.425473,270,2026-05,streetview
data/images/kyiv/50.431829_30.359152_h0.jpg,kyiv,50.431829,30.359152,0,2022-01,streetview
data/images/kyiv/50.431829_30.359152_h90.jpg,kyiv,50.431829,30.359152,90,2022-01,streetview
data/images/kyiv/50.431829_30.359152_h180.jpg,kyiv,50.431829,30.359152,180,2022-01,streetview
data/images/kyiv/50.431829_30.359152_h270.jpg,kyiv,50.431829,30.359152,270,2022-01,streetview
data/images/kyiv/50.472792_30.452412_h0.jpg,kyiv,50.472792,30.452412,0,2019-03,streetview
data/images/kyiv/50.472792_30.452412_h90.jpg,kyiv,50.472792,30.452412,90,2019-03,streetview
data/images/kyiv/50.472792_30.452412_h180.jpg,kyiv,50.472792,30.452412,180,2019-03,streetview
data/images/kyiv/50.472792_30.452412_h270.jpg,kyiv,50.472792,30.452412,270,2019-03,streetview
data/images/kyiv/50.340201_30.47715_h0.jpg,kyiv,50.340201,30.47715,0,2026-05,streetview
data/images/kyiv/50.340201_30.47715_h90.jpg,kyiv,50.340201,30.47715,90,2026-05,streetview
data/images/kyiv/50.340201_30.47715_h180.jpg,kyiv,50.340201,30.47715,180,2026-05,streetview
data/images/kyiv/50.340201_30.47715_h270.jpg,kyiv,50.340201,30.47715,270,2026-05,streetview
data/images/kyiv/50.469558_30.479495_h0.jpg,kyiv,50.469558,30.479495,0,2021-07,streetview
data/images/kyiv/50.469558_30.479495_h90.jpg,kyiv,50.469558,30.479495,90,2021-07,streetview
data/images/kyiv/50.469558_30.479495_h180.jpg,kyiv,50.469558,30.479495,180,2021-07,streetview
data/images/kyiv/50.469558_30.479495_h270.jpg,kyiv,50.469558,30.479495,270,2021-07,streetview
data/images/kyiv/50.402723_30.649971_h0.jpg,kyiv,50.402723,30.649971,0,2025-07,streetview
data/images/kyiv/50.402723_30.649971_h90.jpg,kyiv,50.402723,30.649971,90,2025-07,streetview
data/images/kyiv/50.402723_30.649971_h180.jpg,kyiv,50.402723,30.649971,180,2025-07,streetview
data/images/kyiv/50.402723_30.649971_h270.jpg,kyiv,50.402723,30.649971,270,2025-07,streetview
data/images/kyiv/50.402723_30.350622_h0.jpg,kyiv,50.402723,30.350622,0,2018-11,streetview
data/images/kyiv/50.402723_30.350622_h90.jpg,kyiv,50.402723,30.350622,90,2018-11,streetview
data/images/kyiv/50.402723_30.350622_h180.jpg,kyiv,50.402723,30.350622,180,2018-11,streetview
data/images/kyiv/50.402723_30.350622_h270.jpg,kyiv,50.402723,30.350622,270,2018-11,streetview
data/images/kyiv/50.47387_30.449029_h0.jpg,kyiv,50.47387,30.449029,0,2019-04,streetview
data/images/kyiv/50.47387_30.449029_h90.jpg,kyiv,50.47387,30.449029,90,2019-04,streetview
data/images/kyiv/50.47387_30.449029_h180.jpg,kyiv,50.47387,30.449029,180,2019-04,streetview
data/images/kyiv/50.47387_30.449029_h270.jpg,kyiv,50.47387,30.449029,270,2019-04,streetview
data/images/kyiv/50.510521_30.252561_h0.jpg,kyiv,50.510521,30.252561,0,2023-08,streetview
data/images/kyiv/50.510521_30.252561_h90.jpg,kyiv,50.510521,30.252561,90,2023-08,streetview
data/images/kyiv/50.510521_30.252561_h180.jpg,kyiv,50.510521,30.252561,180,2023-08,streetview
data/images/kyiv/50.510521_30.252561_h270.jpg,kyiv,50.510521,30.252561,270,2023-08,streetview
data/images/kyiv/50.431829_30.528379_h0.jpg,kyiv,50.431829,30.528379,0,2019-08,streetview
data/images/kyiv/50.431829_30.528379_h90.jpg,kyiv,50.431829,30.528379,90,2019-08,streetview
data/images/kyiv/50.431829_30.528379_h180.jpg,kyiv,50.431829,30.528379,180,2019-08,streetview
data/images/kyiv/50.431829_30.528379_h270.jpg,kyiv,50.431829,30.528379,270,2019-08,streetview
data/images/kyiv/50.249651_30.373864_h0.jpg,kyiv,50.249651,30.373864,0,2021-12,streetview
data/images/kyiv/50.249651_30.373864_h90.jpg,kyiv,50.249651,30.373864,90,2021-12,streetview
data/images/kyiv/50.249651_30.373864_h180.jpg,kyiv,50.249651,30.373864,180,2021-12,streetview
data/images/kyiv/50.249651_30.373864_h270.jpg,kyiv,50.249651,30.373864,270,2021-12,streetview
data/images/kyiv/50.495429_30.244084_h0.jpg,kyiv,50.495429,30.244084,0,2019-06,streetview
data/images/kyiv/50.495429_30.244084_h90.jpg,kyiv,50.495429,30.244084,90,2019-06,streetview
data/images/kyiv/50.495429_30.244084_h180.jpg,kyiv,50.495429,30.244084,180,2019-06,streetview
data/images/kyiv/50.495429_30.244084_h270.jpg,kyiv,50.495429,30.244084,270,2019-06,streetview
data/images/kyiv/50.216234_30.343446_h0.jpg,kyiv,50.216234,30.343446,0,2021-12,streetview
data/images/kyiv/50.216234_30.343446_h90.jpg,kyiv,50.216234,30.343446,90,2021-12,streetview
data/images/kyiv/50.216234_30.343446_h180.jpg,kyiv,50.216234,30.343446,180,2021-12,streetview
data/images/kyiv/50.216234_30.343446_h270.jpg,kyiv,50.216234,30.343446,270,2021-12,streetview
data/images/kyiv/50.43614_30.528406_h0.jpg,kyiv,50.43614,30.528406,0,2020-10,streetview
data/images/kyiv/50.43614_30.528406_h90.jpg,kyiv,50.43614,30.528406,90,2020-10,streetview
data/images/kyiv/50.43614_30.528406_h180.jpg,kyiv,50.43614,30.528406,180,2020-10,streetview
data/images/kyiv/50.43614_30.528406_h270.jpg,kyiv,50.43614,30.528406,270,2020-10,streetview
data/images/kyiv/50.555796_30.815886_h0.jpg,kyiv,50.555796,30.815886,0,2019-03,streetview
data/images/kyiv/50.555796_30.815886_h90.jpg,kyiv,50.555796,30.815886,90,2019-03,streetview
data/images/kyiv/50.555796_30.815886_h180.jpg,kyiv,50.555796,30.815886,180,2019-03,streetview
data/images/kyiv/50.555796_30.815886_h270.jpg,kyiv,50.555796,30.815886,270,2019-03,streetview
data/images/kyiv/50.439374_30.602898_h0.jpg,kyiv,50.439374,30.602898,0,2019-04,streetview
data/images/kyiv/50.439374_30.602898_h90.jpg,kyiv,50.439374,30.602898,90,2019-04,streetview
data/images/kyiv/50.439374_30.602898_h180.jpg,kyiv,50.439374,30.602898,180,2019-04,streetview
data/images/kyiv/50.439374_30.602898_h270.jpg,kyiv,50.439374,30.602898,270,2019-04,streetview
data/images/kyiv/50.462012_30.521791_h0.jpg,kyiv,50.462012,30.521791,0,2022-01,streetview
data/images/kyiv/50.462012_30.521791_h90.jpg,kyiv,50.462012,30.521791,90,2022-01,streetview
data/images/kyiv/50.462012_30.521791_h180.jpg,kyiv,50.462012,30.521791,180,2022-01,streetview
data/images/kyiv/50.462012_30.521791_h270.jpg,kyiv,50.462012,30.521791,270,2022-01,streetview
data/images/kyiv/50.466324_30.332143_h0.jpg,kyiv,50.466324,30.332143,0,2019-03,streetview
data/images/kyiv/50.466324_30.332143_h90.jpg,kyiv,50.466324,30.332143,90,2019-03,streetview
data/images/kyiv/50.466324_30.332143_h180.jpg,kyiv,50.466324,30.332143,180,2019-03,streetview
data/images/kyiv/50.466324_30.332143_h270.jpg,kyiv,50.466324,30.332143,270,2019-03,streetview
data/images/kyiv/50.285224_30.272741_h0.jpg,kyiv,50.285224,30.272741,0,2021-10,streetview
data/images/kyiv/50.285224_30.272741_h90.jpg,kyiv,50.285224,30.272741,90,2021-10,streetview
data/images/kyiv/50.285224_30.272741_h180.jpg,kyiv,50.285224,30.272741,180,2021-10,streetview
data/images/kyiv/50.285224_30.272741_h270.jpg,kyiv,50.285224,30.272741,270,2021-10,streetview
data/images/kyiv/50.430751_30.54868_h0.jpg,kyiv,50.430751,30.54868,0,2021-09,streetview
data/images/kyiv/50.430751_30.54868_h90.jpg,kyiv,50.430751,30.54868,90,2021-09,streetview
data/images/kyiv/50.430751_30.54868_h180.jpg,kyiv,50.430751,30.54868,180,2021-09,streetview
data/images/kyiv/50.430751_30.54868_h270.jpg,kyiv,50.430751,30.54868,270,2021-09,streetview
data/images/kyiv/50.43614_30.41332_h0.jpg,kyiv,50.43614,30.41332,0,2020-11,streetview
data/images/kyiv/50.43614_30.41332_h90.jpg,kyiv,50.43614,30.41332,90,2020-11,streetview
data/images/kyiv/50.43614_30.41332_h180.jpg,kyiv,50.43614,30.41332,180,2020-11,streetview
data/images/kyiv/50.43614_30.41332_h270.jpg,kyiv,50.43614,30.41332,270,2020-11,streetview
data/images/kyiv/50.435063_30.445472_h0.jpg,kyiv,50.435063,30.445472,0,2026-05,streetview
data/images/kyiv/50.435063_30.445472_h90.jpg,kyiv,50.435063,30.445472,90,2026-05,streetview
data/images/kyiv/50.435063_30.445472_h180.jpg,kyiv,50.435063,30.445472,180,2026-05,streetview
data/images/kyiv/50.435063_30.445472_h270.jpg,kyiv,50.435063,30.445472,270,2026-05,streetview
data/images/kyiv/50.502975_30.422041_h0.jpg,kyiv,50.502975,30.422041,0,2019-07,streetview
data/images/kyiv/50.502975_30.422041_h90.jpg,kyiv,50.502975,30.422041,90,2019-07,streetview
data/images/kyiv/50.502975_30.422041_h180.jpg,kyiv,50.502975,30.422041,180,2019-07,streetview
data/images/kyiv/50.502975_30.422041_h270.jpg,kyiv,50.502975,30.422041,270,2019-07,streetview
data/images/kyiv/50.518066_30.576378_h0.jpg,kyiv,50.518066,30.576378,0,2021-04,streetview
data/images/kyiv/50.518066_30.576378_h90.jpg,kyiv,50.518066,30.576378,90,2021-04,streetview
data/images/kyiv/50.518066_30.576378_h180.jpg,kyiv,50.518066,30.576378,180,2021-04,streetview
data/images/kyiv/50.518066_30.576378_h270.jpg,kyiv,50.518066,30.576378,270,2021-04,streetview
data/images/kyiv/50.53747_30.656232_h0.jpg,kyiv,50.53747,30.656232,0,2020-06,streetview
data/images/kyiv/50.53747_30.656232_h90.jpg,kyiv,50.53747,30.656232,90,2020-06,streetview
data/images/kyiv/50.53747_30.656232_h180.jpg,kyiv,50.53747,30.656232,180,2020-06,streetview
data/images/kyiv/50.53747_30.656232_h270.jpg,kyiv,50.53747,30.656232,270,2020-06,streetview
data/images/kyiv/50.38332_30.462152_h0.jpg,kyiv,50.38332,30.462152,0,2018-09,streetview
data/images/kyiv/50.38332_30.462152_h90.jpg,kyiv,50.38332,30.462152,90,2018-09,streetview
data/images/kyiv/50.38332_30.462152_h180.jpg,kyiv,50.38332,30.462152,180,2018-09,streetview
data/images/kyiv/50.38332_30.462152_h270.jpg,kyiv,50.38332,30.462152,270,2018-09,streetview
data/images/kyiv/50.313252_30.296394_h0.jpg,kyiv,50.313252,30.296394,0,2020-02,streetview
data/images/kyiv/50.313252_30.296394_h90.jpg,kyiv,50.313252,30.296394,90,2020-02,streetview
data/images/kyiv/50.313252_30.296394_h180.jpg,kyiv,50.313252,30.296394,180,2020-02,streetview
data/images/kyiv/50.313252_30.296394_h270.jpg,kyiv,50.313252,30.296394,270,2020-02,streetview
data/images/kyiv/50.445842_30.504766_h0.jpg,kyiv,50.445842,30.504766,0,2019-09,streetview
data/images/kyiv/50.445842_30.504766_h90.jpg,kyiv,50.445842,30.504766,90,2019-09,streetview
data/images/kyiv/50.445842_30.504766_h180.jpg,kyiv,50.445842,30.504766,180,2019-09,streetview
data/images/kyiv/50.445842_30.504766_h270.jpg,kyiv,50.445842,30.504766,270,2019-09,streetview
data/images/kyiv/50.410269_30.646653_h0.jpg,kyiv,50.410269,30.646653,0,2019-11,streetview
data/images/kyiv/50.410269_30.646653_h90.jpg,kyiv,50.410269,30.646653,90,2019-11,streetview
data/images/kyiv/50.410269_30.646653_h180.jpg,kyiv,50.410269,30.646653,180,2019-11,streetview
data/images/kyiv/50.410269_30.646653_h270.jpg,kyiv,50.410269,30.646653,270,2019-11,streetview
data/images/kyiv/50.482493_30.633723_h0.jpg,kyiv,50.482493,30.633723,0,2019-05,streetview
data/images/kyiv/50.482493_30.633723_h90.jpg,kyiv,50.482493,30.633723,90,2019-05,streetview
data/images/kyiv/50.482493_30.633723_h180.jpg,kyiv,50.482493,30.633723,180,2019-05,streetview
data/images/kyiv/50.482493_30.633723_h270.jpg,kyiv,50.482493,30.633723,270,2019-05,streetview
data/images/kyiv/50.46309_30.455755_h0.jpg,kyiv,50.46309,30.455755,0,2019-04,streetview
data/images/kyiv/50.46309_30.455755_h90.jpg,kyiv,50.46309,30.455755,90,2019-04,streetview
data/images/kyiv/50.46309_30.455755_h180.jpg,kyiv,50.46309,30.455755,180,2019-04,streetview
data/images/kyiv/50.46309_30.455755_h270.jpg,kyiv,50.46309,30.455755,270,2019-04,streetview
data/images/kyiv/50.350981_30.478894_h0.jpg,kyiv,50.350981,30.478894,0,2019-06,streetview
data/images/kyiv/50.350981_30.478894_h90.jpg,kyiv,50.350981,30.478894,90,2019-06,streetview
data/images/kyiv/50.350981_30.478894_h180.jpg,kyiv,50.350981,30.478894,180,2019-06,streetview
data/images/kyiv/50.350981_30.478894_h270.jpg,kyiv,50.350981,30.478894,270,2019-06,streetview
data/images/kyiv/50.498663_30.464391_h0.jpg,kyiv,50.498663,30.464391,0,2020-04,streetview
data/images/kyiv/50.498663_30.464391_h90.jpg,kyiv,50.498663,30.464391,90,2020-04,streetview
data/images/kyiv/50.498663_30.464391_h180.jpg,kyiv,50.498663,30.464391,180,2020-04,streetview
data/images/kyiv/50.498663_30.464391_h270.jpg,kyiv,50.498663,30.464391,270,2020-04,streetview
data/images/kyiv/50.450154_30.586051_h0.jpg,kyiv,50.450154,30.586051,0,2018-06,streetview
data/images/kyiv/50.450154_30.586051_h90.jpg,kyiv,50.450154,30.586051,90,2018-06,streetview
data/images/kyiv/50.450154_30.586051_h180.jpg,kyiv,50.450154,30.586051,180,2018-06,streetview
data/images/kyiv/50.450154_30.586051_h270.jpg,kyiv,50.450154,30.586051,270,2018-06,streetview
data/images/kyiv/50.445842_30.460754_h0.jpg,kyiv,50.445842,30.460754,0,2020-06,streetview
data/images/kyiv/50.445842_30.460754_h90.jpg,kyiv,50.445842,30.460754,90,2020-06,streetview
data/images/kyiv/50.445842_30.460754_h180.jpg,kyiv,50.445842,30.460754,180,2020-06,streetview
data/images/kyiv/50.445842_30.460754_h270.jpg,kyiv,50.445842,30.460754,270,2020-06,streetview
data/images/kyiv/50.506209_30.411884_h0.jpg,kyiv,50.506209,30.411884,0,2019-04,streetview
data/images/kyiv/50.506209_30.411884_h90.jpg,kyiv,50.506209,30.411884,90,2019-04,streetview
data/images/kyiv/50.506209_30.411884_h180.jpg,kyiv,50.506209,30.411884,180,2019-04,streetview
data/images/kyiv/50.506209_30.411884_h270.jpg,kyiv,50.506209,30.411884,270,2019-04,streetview
data/images/kyiv/50.413503_30.420004_h0.jpg,kyiv,50.413503,30.420004,0,2019-02,streetview
data/images/kyiv/50.413503_30.420004_h90.jpg,kyiv,50.413503,30.420004,90,2019-02,streetview
data/images/kyiv/50.413503_30.420004_h180.jpg,kyiv,50.413503,30.420004,180,2019-02,streetview
data/images/kyiv/50.413503_30.420004_h270.jpg,kyiv,50.413503,30.420004,270,2019-02,streetview
data/images/kyiv/50.233481_30.791754_h0.jpg,kyiv,50.233481,30.791754,0,2021-05,streetview
data/images/kyiv/50.233481_30.791754_h90.jpg,kyiv,50.233481,30.791754,90,2021-05,streetview
data/images/kyiv/50.233481_30.791754_h180.jpg,kyiv,50.233481,30.791754,180,2021-05,streetview
data/images/kyiv/50.233481_30.791754_h270.jpg,kyiv,50.233481,30.791754,270,2021-05,streetview
data/images/kyiv/50.270133_30.719659_h0.jpg,kyiv,50.270133,30.719659,0,2019-11,streetview
data/images/kyiv/50.270133_30.719659_h90.jpg,kyiv,50.270133,30.719659,90,2019-11,streetview
data/images/kyiv/50.270133_30.719659_h180.jpg,kyiv,50.270133,30.719659,180,2019-11,streetview
data/images/kyiv/50.270133_30.719659_h270.jpg,kyiv,50.270133,30.719659,270,2019-11,streetview
data/images/kyiv/50.502975_30.774565_h0.jpg,kyiv,50.502975,30.774565,0,2021-11,streetview
data/images/kyiv/50.502975_30.774565_h90.jpg,kyiv,50.502975,30.774565,90,2021-11,streetview
data/images/kyiv/50.502975_30.774565_h180.jpg,kyiv,50.502975,30.774565,180,2021-11,streetview
data/images/kyiv/50.502975_30.774565_h270.jpg,kyiv,50.502975,30.774565,270,2021-11,streetview
data/images/kyiv/50.395178_30.37935_h0.jpg,kyiv,50.395178,30.37935,0,2021-12,streetview
data/images/kyiv/50.395178_30.37935_h90.jpg,kyiv,50.395178,30.37935,90,2021-12,streetview
data/images/kyiv/50.395178_30.37935_h180.jpg,kyiv,50.395178,30.37935,180,2021-12,streetview
data/images/kyiv/50.395178_30.37935_h270.jpg,kyiv,50.395178,30.37935,270,2021-12,streetview
data/images/kyiv/50.271211_30.717984_h0.jpg,kyiv,50.271211,30.717984,0,2019-11,streetview
data/images/kyiv/50.271211_30.717984_h90.jpg,kyiv,50.271211,30.717984,90,2019-11,streetview
data/images/kyiv/50.271211_30.717984_h180.jpg,kyiv,50.271211,30.717984,180,2019-11,streetview
data/images/kyiv/50.271211_30.717984_h270.jpg,kyiv,50.271211,30.717984,270,2019-11,streetview
data/images/kyiv/50.305706_30.667697_h0.jpg,kyiv,50.305706,30.667697,0,2019-11,streetview
data/images/kyiv/50.305706_30.667697_h90.jpg,kyiv,50.305706,30.667697,90,2019-11,streetview
data/images/kyiv/50.305706_30.667697_h180.jpg,kyiv,50.305706,30.667697,180,2019-11,streetview
data/images/kyiv/50.305706_30.667697_h270.jpg,kyiv,50.305706,30.667697,270,2019-11,streetview
data/images/kyiv/50.519144_30.510265_h0.jpg,kyiv,50.519144,30.510265,0,2020-12,streetview
data/images/kyiv/50.519144_30.510265_h90.jpg,kyiv,50.519144,30.510265,90,2020-12,streetview
data/images/kyiv/50.519144_30.510265_h180.jpg,kyiv,50.519144,30.510265,180,2020-12,streetview
data/images/kyiv/50.519144_30.510265_h270.jpg,kyiv,50.519144,30.510265,270,2020-12,streetview
data/images/kyiv/50.516989_30.240695_h0.jpg,kyiv,50.516989,30.240695,0,2020-05,streetview
data/images/kyiv/50.516989_30.240695_h90.jpg,kyiv,50.516989,30.240695,90,2020-05,streetview
data/images/kyiv/50.516989_30.240695_h180.jpg,kyiv,50.516989,30.240695,180,2020-05,streetview
data/images/kyiv/50.516989_30.240695_h270.jpg,kyiv,50.516989,30.240695,270,2020-05,streetview
data/images/kyiv/50.447998_30.489543_h0.jpg,kyiv,50.447998,30.489543,0,2019-02,streetview
data/images/kyiv/50.447998_30.489543_h90.jpg,kyiv,50.447998,30.489543,90,2019-02,streetview
data/images/kyiv/50.447998_30.489543_h180.jpg,kyiv,50.447998,30.489543,180,2019-02,streetview
data/images/kyiv/50.447998_30.489543_h270.jpg,kyiv,50.447998,30.489543,270,2019-02,streetview
data/images/kyiv/50.46309_30.440514_h0.jpg,kyiv,50.46309,30.440514,0,2021-03,streetview
data/images/kyiv/50.46309_30.440514_h90.jpg,kyiv,50.46309,30.440514,90,2021-03,streetview
data/images/kyiv/50.46309_30.440514_h180.jpg,kyiv,50.46309,30.440514,180,2021-03,streetview
data/images/kyiv/50.46309_30.440514_h270.jpg,kyiv,50.46309,30.440514,270,2021-03,streetview
data/images/kyiv/50.45231_30.643629_h0.jpg,kyiv,50.45231,30.643629,0,2019-05,streetview
data/images/kyiv/50.45231_30.643629_h90.jpg,kyiv,50.45231,30.643629,90,2019-05,streetview
data/images/kyiv/50.45231_30.643629_h180.jpg,kyiv,50.45231,30.643629,180,2019-05,streetview
data/images/kyiv/50.45231_30.643629_h270.jpg,kyiv,50.45231,30.643629,270,2019-05,streetview
data/images/kyiv/50.499741_30.603362_h0.jpg,kyiv,50.499741,30.603362,0,2018-11,streetview
data/images/kyiv/50.499741_30.603362_h90.jpg,kyiv,50.499741,30.603362,90,2018-11,streetview
data/images/kyiv/50.499741_30.603362_h180.jpg,kyiv,50.499741,30.603362,180,2018-11,streetview
data/images/kyiv/50.499741_30.603362_h270.jpg,kyiv,50.499741,30.603362,270,2018-11,streetview
data/images/kyiv/50.500819_30.422033_h0.jpg,kyiv,50.500819,30.422033,0,2024-11,streetview
data/images/kyiv/50.500819_30.422033_h90.jpg,kyiv,50.500819,30.422033,90,2024-11,streetview
data/images/kyiv/50.500819_30.422033_h180.jpg,kyiv,50.500819,30.422033,180,2024-11,streetview
data/images/kyiv/50.500819_30.422033_h270.jpg,kyiv,50.500819,30.422033,270,2024-11,streetview
data/images/kyiv/50.44153_30.283008_h0.jpg,kyiv,50.44153,30.283008,0,2019-07,streetview
data/images/kyiv/50.44153_30.283008_h90.jpg,kyiv,50.44153,30.283008,90,2019-07,streetview
data/images/kyiv/50.44153_30.283008_h180.jpg,kyiv,50.44153,30.283008,180,2019-07,streetview
data/images/kyiv/50.44153_30.283008_h270.jpg,kyiv,50.44153,30.283008,270,2019-07,streetview
data/images/kyiv/50.410269_30.487652_h0.jpg,kyiv,50.410269,30.487652,0,2019-03,streetview
data/images/kyiv/50.410269_30.487652_h90.jpg,kyiv,50.410269,30.487652,90,2019-03,streetview
data/images/kyiv/50.410269_30.487652_h180.jpg,kyiv,50.410269,30.487652,180,2019-03,streetview
data/images/kyiv/50.410269_30.487652_h270.jpg,kyiv,50.410269,30.487652,270,2019-03,streetview
data/images/kyiv/50.444764_30.453978_h0.jpg,kyiv,50.444764,30.453978,0,2021-06,streetview
data/images/kyiv/50.444764_30.453978_h90.jpg,kyiv,50.444764,30.453978,90,2021-06,streetview
data/images/kyiv/50.444764_30.453978_h180.jpg,kyiv,50.444764,30.453978,180,2021-06,streetview
data/images/kyiv/50.444764_30.453978_h270.jpg,kyiv,50.444764,30.453978,270,2021-06,streetview
data/images/kyiv/50.471714_30.406677_h0.jpg,kyiv,50.471714,30.406677,0,2021-04,streetview
data/images/kyiv/50.471714_30.406677_h90.jpg,kyiv,50.471714,30.406677,90,2021-04,streetview
data/images/kyiv/50.471714_30.406677_h180.jpg,kyiv,50.471714,30.406677,180,2021-04,streetview
data/images/kyiv/50.471714_30.406677_h270.jpg,kyiv,50.471714,30.406677,270,2021-04,streetview
data/images/kyiv/50.220546_30.75454_h0.jpg,kyiv,50.220546,30.75454,0,2019-11,streetview
data/images/kyiv/50.220546_30.75454_h90.jpg,kyiv,50.220546,30.75454,90,2019-11,streetview
data/images/kyiv/50.220546_30.75454_h180.jpg,kyiv,50.220546,30.75454,180,2019-11,streetview
data/images/kyiv/50.220546_30.75454_h270.jpg,kyiv,50.220546,30.75454,270,2019-11,streetview
data/images/kyiv/50.445842_30.597869_h0.jpg,kyiv,50.445842,30.597869,0,2019-11,streetview
data/images/kyiv/50.445842_30.597869_h90.jpg,kyiv,50.445842,30.597869,90,2019-11,streetview
data/images/kyiv/50.445842_30.597869_h180.jpg,kyiv,50.445842,30.597869,180,2019-11,streetview
data/images/kyiv/50.445842_30.597869_h270.jpg,kyiv,50.445842,30.597869,270,2019-11,streetview
data/images/kyiv/50.418893_30.558753_h0.jpg,kyiv,50.418893,30.558753,0,2018-07,streetview
data/images/kyiv/50.418893_30.558753_h90.jpg,kyiv,50.418893,30.558753,90,2018-07,streetview
data/images/kyiv/50.418893_30.558753_h180.jpg,kyiv,50.418893,30.558753,180,2018-07,streetview
data/images/kyiv/50.418893_30.558753_h270.jpg,kyiv,50.418893,30.558753,270,2018-07,streetview
data/images/kyiv/50.480337_30.533758_h0.jpg,kyiv,50.480337,30.533758,0,2020-05,streetview
data/images/kyiv/50.480337_30.533758_h90.jpg,kyiv,50.480337,30.533758,90,2020-05,streetview
data/images/kyiv/50.480337_30.533758_h180.jpg,kyiv,50.480337,30.533758,180,2020-05,streetview
data/images/kyiv/50.480337_30.533758_h270.jpg,kyiv,50.480337,30.533758,270,2020-05,streetview
data/images/kyiv/50.465246_30.513343_h0.jpg,kyiv,50.465246,30.513343,0,2021-04,streetview
data/images/kyiv/50.465246_30.513343_h90.jpg,kyiv,50.465246,30.513343,90,2021-04,streetview
data/images/kyiv/50.465246_30.513343_h180.jpg,kyiv,50.465246,30.513343,180,2021-04,streetview
data/images/kyiv/50.465246_30.513343_h270.jpg,kyiv,50.465246,30.513343,270,2021-04,streetview
data/images/kyiv/50.430751_30.604523_h0.jpg,kyiv,50.430751,30.604523,0,2020-07,streetview
data/images/kyiv/50.430751_30.604523_h90.jpg,kyiv,50.430751,30.604523,90,2020-07,streetview
data/images/kyiv/50.430751_30.604523_h180.jpg,kyiv,50.430751,30.604523,180,2020-07,streetview
data/images/kyiv/50.430751_30.604523_h270.jpg,kyiv,50.430751,30.604523,270,2020-07,streetview
data/images/kyiv/50.472792_30.404987_h0.jpg,kyiv,50.472792,30.404987,0,2019-09,streetview
data/images/kyiv/50.472792_30.404987_h90.jpg,kyiv,50.472792,30.404987,90,2019-09,streetview
data/images/kyiv/50.472792_30.404987_h180.jpg,kyiv,50.472792,30.404987,180,2019-09,streetview
data/images/kyiv/50.472792_30.404987_h270.jpg,kyiv,50.472792,30.404987,270,2019-09,streetview
data/images/kyiv/50.415659_30.650083_h0.jpg,kyiv,50.415659,30.650083,0,2018-07,streetview
data/images/kyiv/50.415659_30.650083_h90.jpg,kyiv,50.415659,30.650083,90,2018-07,streetview
data/images/kyiv/50.415659_30.650083_h180.jpg,kyiv,50.415659,30.650083,180,2018-07,streetview
data/images/kyiv/50.415659_30.650083_h270.jpg,kyiv,50.415659,30.650083,270,2018-07,streetview
data/images/kyiv/50.393022_30.616069_h0.jpg,kyiv,50.393022,30.616069,0,2020-02,streetview
data/images/kyiv/50.393022_30.616069_h90.jpg,kyiv,50.393022,30.616069,90,2020-02,streetview
data/images/kyiv/50.393022_30.616069_h180.jpg,kyiv,50.393022,30.616069,180,2020-02,streetview
data/images/kyiv/50.393022_30.616069_h270.jpg,kyiv,50.393022,30.616069,270,2020-02,streetview
data/images/kyiv/50.556874_30.656404_h0.jpg,kyiv,50.556874,30.656404,0,2020-04,streetview
data/images/kyiv/50.556874_30.656404_h90.jpg,kyiv,50.556874,30.656404,90,2020-04,streetview
data/images/kyiv/50.556874_30.656404_h180.jpg,kyiv,50.556874,30.656404,180,2020-04,streetview
data/images/kyiv/50.556874_30.656404_h270.jpg,kyiv,50.556874,30.656404,270,2020-04,streetview
data/images/kyiv/50.382242_30.384384_h0.jpg,kyiv,50.382242,30.384384,0,2018-11,streetview
data/images/kyiv/50.382242_30.384384_h90.jpg,kyiv,50.382242,30.384384,90,2018-11,streetview
data/images/kyiv/50.382242_30.384384_h180.jpg,kyiv,50.382242,30.384384,180,2018-11,streetview
data/images/kyiv/50.382242_30.384384_h270.jpg,kyiv,50.382242,30.384384,270,2018-11,streetview
data/images/kyiv/50.426439_30.332065_h0.jpg,kyiv,50.426439,30.332065,0,2019-08,streetview
data/images/kyiv/50.426439_30.332065_h90.jpg,kyiv,50.426439,30.332065,90,2019-08,streetview
data/images/kyiv/50.426439_30.332065_h180.jpg,kyiv,50.426439,30.332065,180,2019-08,streetview
data/images/kyiv/50.426439_30.332065_h270.jpg,kyiv,50.426439,30.332065,270,2019-08,streetview
data/images/kyiv/50.479259_30.398234_h0.jpg,kyiv,50.479259,30.398234,0,2019-04,streetview
data/images/kyiv/50.479259_30.398234_h90.jpg,kyiv,50.479259,30.398234,90,2019-04,streetview
data/images/kyiv/50.479259_30.398234_h180.jpg,kyiv,50.479259,30.398234,180,2019-04,streetview
data/images/kyiv/50.479259_30.398234_h270.jpg,kyiv,50.479259,30.398234,270,2019-04,streetview
data/images/kyiv/50.272289_30.414406_h0.jpg,kyiv,50.272289,30.414406,0,2018-11,streetview
data/images/kyiv/50.272289_30.414406_h90.jpg,kyiv,50.272289,30.414406,90,2018-11,streetview
data/images/kyiv/50.272289_30.414406_h180.jpg,kyiv,50.272289,30.414406,180,2018-11,streetview
data/images/kyiv/50.272289_30.414406_h270.jpg,kyiv,50.272289,30.414406,270,2018-11,streetview
data/images/kyiv/50.278756_30.532508_h0.jpg,kyiv,50.278756,30.532508,0,2024-02,streetview
data/images/kyiv/50.278756_30.532508_h90.jpg,kyiv,50.278756,30.532508,90,2024-02,streetview
data/images/kyiv/50.278756_30.532508_h180.jpg,kyiv,50.278756,30.532508,180,2024-02,streetview
data/images/kyiv/50.278756_30.532508_h270.jpg,kyiv,50.278756,30.532508,270,2024-02,streetview
data/images/kyiv/50.432907_30.39977_h0.jpg,kyiv,50.432907,30.39977,0,2020-05,streetview
data/images/kyiv/50.432907_30.39977_h90.jpg,kyiv,50.432907,30.39977,90,2020-05,streetview
data/images/kyiv/50.432907_30.39977_h180.jpg,kyiv,50.432907,30.39977,180,2020-05,streetview
data/images/kyiv/50.432907_30.39977_h270.jpg,kyiv,50.432907,30.39977,270,2020-05,streetview
data/images/kyiv/50.396255_30.387809_h0.jpg,kyiv,50.396255,30.387809,0,2022-02,streetview
data/images/kyiv/50.396255_30.387809_h90.jpg,kyiv,50.396255,30.387809,90,2022-02,streetview
data/images/kyiv/50.396255_30.387809_h180.jpg,kyiv,50.396255,30.387809,180,2022-02,streetview
data/images/kyiv/50.396255_30.387809_h270.jpg,kyiv,50.396255,30.387809,270,2022-02,streetview
data/images/kyiv/50.355292_30.434987_h0.jpg,kyiv,50.355292,30.434987,0,2021-08,streetview
data/images/kyiv/50.355292_30.434987_h90.jpg,kyiv,50.355292,30.434987,90,2021-08,streetview
data/images/kyiv/50.355292_30.434987_h180.jpg,kyiv,50.355292,30.434987,180,2021-08,streetview
data/images/kyiv/50.355292_30.434987_h270.jpg,kyiv,50.355292,30.434987,270,2021-08,streetview
data/images/kyiv/50.399489_30.421641_h0.jpg,kyiv,50.399489,30.421641,0,2019-03,streetview
data/images/kyiv/50.399489_30.421641_h90.jpg,kyiv,50.399489,30.421641,90,2019-03,streetview
data/images/kyiv/50.399489_30.421641_h180.jpg,kyiv,50.399489,30.421641,180,2019-03,streetview
data/images/kyiv/50.399489_30.421641_h270.jpg,kyiv,50.399489,30.421641,270,2019-03,streetview
data/images/kyiv/50.43614_30.516559_h0.jpg,kyiv,50.43614,30.516559,0,2018-04,streetview
data/images/kyiv/50.43614_30.516559_h90.jpg,kyiv,50.43614,30.516559,90,2018-04,streetview
data/images/kyiv/50.43614_30.516559_h180.jpg,kyiv,50.43614,30.516559,180,2018-04,streetview
data/images/kyiv/50.43614_30.516559_h270.jpg,kyiv,50.43614,30.516559,270,2018-04,streetview
data/images/kyiv/50.435063_30.552093_h0.jpg,kyiv,50.435063,30.552093,0,2018-06,streetview
data/images/kyiv/50.435063_30.552093_h90.jpg,kyiv,50.435063,30.552093,90,2018-06,streetview
data/images/kyiv/50.435063_30.552093_h180.jpg,kyiv,50.435063,30.552093,180,2018-06,streetview
data/images/kyiv/50.435063_30.552093_h270.jpg,kyiv,50.435063,30.552093,270,2018-06,streetview
data/images/kyiv/50.491117_30.496549_h0.jpg,kyiv,50.491117,30.496549,0,2020-05,streetview
data/images/kyiv/50.491117_30.496549_h90.jpg,kyiv,50.491117,30.496549,90,2020-05,streetview
data/images/kyiv/50.491117_30.496549_h180.jpg,kyiv,50.491117,30.496549,180,2020-05,streetview
data/images/kyiv/50.491117_30.496549_h270.jpg,kyiv,50.491117,30.496549,270,2020-05,streetview
data/images/kyiv/50.428595_30.597738_h0.jpg,kyiv,50.428595,30.597738,0,2023-11,streetview
data/images/kyiv/50.428595_30.597738_h90.jpg,kyiv,50.428595,30.597738,90,2023-11,streetview
data/images/kyiv/50.428595_30.597738_h180.jpg,kyiv,50.428595,30.597738,180,2023-11,streetview
data/images/kyiv/50.428595_30.597738_h270.jpg,kyiv,50.428595,30.597738,270,2023-11,streetview
data/images/kyiv/50.435063_30.440395_h0.jpg,kyiv,50.435063,30.440395,0,2024-06,streetview
data/images/kyiv/50.435063_30.440395_h90.jpg,kyiv,50.435063,30.440395,90,2024-06,streetview
data/images/kyiv/50.435063_30.440395_h180.jpg,kyiv,50.435063,30.440395,180,2024-06,streetview
data/images/kyiv/50.435063_30.440395_h270.jpg,kyiv,50.435063,30.440395,270,2024-06,streetview
data/images/kyiv/50.421049_30.526622_h0.jpg,kyiv,50.421049,30.526622,0,2019-06,streetview
data/images/kyiv/50.421049_30.526622_h90.jpg,kyiv,50.421049,30.526622,90,2019-06,streetview
data/images/kyiv/50.421049_30.526622_h180.jpg,kyiv,50.421049,30.526622,180,2019-06,streetview
data/images/kyiv/50.421049_30.526622_h270.jpg,kyiv,50.421049,30.526622,270,2019-06,streetview
data/images/kyiv/50.547172_30.345874_h0.jpg,kyiv,50.547172,30.345874,0,2020-05,streetview
data/images/kyiv/50.547172_30.345874_h90.jpg,kyiv,50.547172,30.345874,90,2020-05,streetview
data/images/kyiv/50.547172_30.345874_h180.jpg,kyiv,50.547172,30.345874,180,2020-05,streetview
data/images/kyiv/50.547172_30.345874_h270.jpg,kyiv,50.547172,30.345874,270,2020-05,streetview
data/images/kyiv/50.249651_30.378921_h0.jpg,kyiv,50.249651,30.378921,0,2021-12,streetview
data/images/kyiv/50.249651_30.378921_h90.jpg,kyiv,50.249651,30.378921,90,2021-12,streetview
data/images/kyiv/50.249651_30.378921_h180.jpg,kyiv,50.249651,30.378921,180,2021-12,streetview
data/images/kyiv/50.249651_30.378921_h270.jpg,kyiv,50.249651,30.378921,270,2021-12,streetview
data/images/kyiv/50.451232_30.357508_h0.jpg,kyiv,50.451232,30.357508,0,2020-06,streetview
data/images/kyiv/50.451232_30.357508_h90.jpg,kyiv,50.451232,30.357508,90,2020-06,streetview
data/images/kyiv/50.451232_30.357508_h180.jpg,kyiv,50.451232,30.357508,180,2020-06,streetview
data/images/kyiv/50.451232_30.357508_h270.jpg,kyiv,50.451232,30.357508,270,2020-06,streetview
data/images/kyiv/50.430751_30.431915_h0.jpg,kyiv,50.430751,30.431915,0,2024-06,streetview
data/images/kyiv/50.430751_30.431915_h90.jpg,kyiv,50.430751,30.431915,90,2024-06,streetview
data/images/kyiv/50.430751_30.431915_h180.jpg,kyiv,50.430751,30.431915,180,2024-06,streetview
data/images/kyiv/50.430751_30.431915_h270.jpg,kyiv,50.430751,30.431915,270,2024-06,streetview
data/images/kyiv/50.491117_30.410134_h0.jpg,kyiv,50.491117,30.410134,0,2019-04,streetview
data/images/kyiv/50.491117_30.410134_h90.jpg,kyiv,50.491117,30.410134,90,2019-04,streetview
data/images/kyiv/50.491117_30.410134_h180.jpg,kyiv,50.491117,30.410134,180,2019-04,streetview
data/images/kyiv/50.491117_30.410134_h270.jpg,kyiv,50.491117,30.410134,270,2019-04,streetview
data/images/kyiv/50.401645_30.546798_h0.jpg,kyiv,50.401645,30.546798,0,2021-09,streetview
data/images/kyiv/50.401645_30.546798_h90.jpg,kyiv,50.401645,30.546798,90,2021-09,streetview
data/images/kyiv/50.401645_30.546798_h180.jpg,kyiv,50.401645,30.546798,180,2021-09,streetview
data/images/kyiv/50.401645_30.546798_h270.jpg,kyiv,50.401645,30.546798,270,2021-09,streetview
data/images/kyiv/50.507287_30.469517_h0.jpg,kyiv,50.507287,30.469517,0,2020-10,streetview
data/images/kyiv/50.507287_30.469517_h90.jpg,kyiv,50.507287,30.469517,90,2020-10,streetview
data/images/kyiv/50.507287_30.469517_h180.jpg,kyiv,50.507287,30.469517,180,2020-10,streetview
data/images/kyiv/50.507287_30.469517_h270.jpg,kyiv,50.507287,30.469517,270,2020-10,streetview
data/images/kyiv/50.402723_30.394594_h0.jpg,kyiv,50.402723,30.394594,0,2025-03,streetview
data/images/kyiv/50.402723_30.394594_h90.jpg,kyiv,50.402723,30.394594,90,2025-03,streetview
data/images/kyiv/50.402723_30.394594_h180.jpg,kyiv,50.402723,30.394594,180,2025-03,streetview
data/images/kyiv/50.402723_30.394594_h270.jpg,kyiv,50.402723,30.394594,270,2025-03,streetview
data/images/kyiv/50.516989_30.501776_h0.jpg,kyiv,50.516989,30.501776,0,2021-07,streetview
data/images/kyiv/50.516989_30.501776_h90.jpg,kyiv,50.516989,30.501776,90,2021-07,streetview
data/images/kyiv/50.516989_30.501776_h180.jpg,kyiv,50.516989,30.501776,180,2021-07,streetview
data/images/kyiv/50.516989_30.501776_h270.jpg,kyiv,50.516989,30.501776,270,2021-07,streetview
data/images/kyiv/50.465246_30.460845_h0.jpg,kyiv,50.465246,30.460845,0,2020-11,streetview
data/images/kyiv/50.465246_30.460845_h90.jpg,kyiv,50.465246,30.460845,90,2020-11,streetview
data/images/kyiv/50.465246_30.460845_h180.jpg,kyiv,50.465246,30.460845,180,2020-11,streetview
data/images/kyiv/50.465246_30.460845_h270.jpg,kyiv,50.465246,30.460845,270,2020-11,streetview
data/images/kyiv/50.416737_30.623024_h0.jpg,kyiv,50.416737,30.623024,0,2018-11,streetview
data/images/kyiv/50.416737_30.623024_h90.jpg,kyiv,50.416737,30.623024,90,2018-11,streetview
data/images/kyiv/50.416737_30.623024_h180.jpg,kyiv,50.416737,30.623024,180,2018-11,streetview
data/images/kyiv/50.416737_30.623024_h270.jpg,kyiv,50.416737,30.623024,270,2018-11,streetview
data/images/kyiv/50.442608_30.552143_h0.jpg,kyiv,50.442608,30.552143,0,2020-01,streetview
data/images/kyiv/50.442608_30.552143_h90.jpg,kyiv,50.442608,30.552143,90,2020-01,streetview
data/images/kyiv/50.442608_30.552143_h180.jpg,kyiv,50.442608,30.552143,180,2020-01,streetview
data/images/kyiv/50.442608_30.552143_h270.jpg,kyiv,50.442608,30.552143,270,2020-01,streetview
data/images/kyiv/50.274444_30.325021_h0.jpg,kyiv,50.274444,30.325021,0,2019-04,streetview
data/images/kyiv/50.274444_30.325021_h90.jpg,kyiv,50.274444,30.325021,90,2019-04,streetview
data/images/kyiv/50.274444_30.325021_h180.jpg,kyiv,50.274444,30.325021,180,2019-04,streetview
data/images/kyiv/50.274444_30.325021_h270.jpg,kyiv,50.274444,30.325021,270,2019-04,streetview
data/images/kyiv/50.341279_30.559919_h0.jpg,kyiv,50.341279,30.559919,0,2018-05,streetview
data/images/kyiv/50.341279_30.559919_h90.jpg,kyiv,50.341279,30.559919,90,2018-05,streetview
data/images/kyiv/50.341279_30.559919_h180.jpg,kyiv,50.341279,30.559919,180,2018-05,streetview
data/images/kyiv/50.341279_30.559919_h270.jpg,kyiv,50.341279,30.559919,270,2018-05,streetview
data/images/kyiv/50.269055_30.318265_h0.jpg,kyiv,50.269055,30.318265,0,2019-02,streetview
data/images/kyiv/50.269055_30.318265_h90.jpg,kyiv,50.269055,30.318265,90,2019-02,streetview
data/images/kyiv/50.269055_30.318265_h180.jpg,kyiv,50.269055,30.318265,180,2019-02,streetview
data/images/kyiv/50.269055_30.318265_h270.jpg,kyiv,50.269055,30.318265,270,2019-02,streetview
data/images/kyiv/50.413503_30.653447_h0.jpg,kyiv,50.413503,30.653447,0,2018-02,streetview
data/images/kyiv/50.413503_30.653447_h90.jpg,kyiv,50.413503,30.653447,90,2018-02,streetview
data/images/kyiv/50.413503_30.653447_h180.jpg,kyiv,50.413503,30.653447,180,2018-02,streetview
data/images/kyiv/50.413503_30.653447_h270.jpg,kyiv,50.413503,30.653447,270,2018-02,streetview
data/images/kyiv/50.274444_30.716329_h0.jpg,kyiv,50.274444,30.716329,0,2019-11,streetview
data/images/kyiv/50.274444_30.716329_h90.jpg,kyiv,50.274444,30.716329,90,2019-11,streetview
data/images/kyiv/50.274444_30.716329_h180.jpg,kyiv,50.274444,30.716329,180,2019-11,streetview
data/images/kyiv/50.274444_30.716329_h270.jpg,kyiv,50.274444,30.716329,270,2019-11,streetview
data/images/kyiv/50.438296_30.597812_h0.jpg,kyiv,50.438296,30.597812,0,2025-06,streetview
data/images/kyiv/50.438296_30.597812_h90.jpg,kyiv,50.438296,30.597812,90,2025-06,streetview
data/images/kyiv/50.438296_30.597812_h180.jpg,kyiv,50.438296,30.597812,180,2025-06,streetview
data/images/kyiv/50.438296_30.597812_h270.jpg,kyiv,50.438296,30.597812,270,2025-06,streetview
data/images/kyiv/50.429673_30.494522_h0.jpg,kyiv,50.429673,30.494522,0,2021-03,streetview
data/images/kyiv/50.429673_30.494522_h90.jpg,kyiv,50.429673,30.494522,90,2021-03,streetview
data/images/kyiv/50.429673_30.494522_h180.jpg,kyiv,50.429673,30.494522,180,2021-03,streetview
data/images/kyiv/50.429673_30.494522_h270.jpg,kyiv,50.429673,30.494522,270,2021-03,streetview
data/images/kyiv/50.421049_30.685659_h0.jpg,kyiv,50.421049,30.685659,0,2020-09,streetview
data/images/kyiv/50.421049_30.685659_h90.jpg,kyiv,50.421049,30.685659,90,2020-09,streetview
data/images/kyiv/50.421049_30.685659_h180.jpg,kyiv,50.421049,30.685659,180,2020-09,streetview
data/images/kyiv/50.421049_30.685659_h270.jpg,kyiv,50.421049,30.685659,270,2020-09,streetview
data/images/kyiv/50.498663_30.767737_h0.jpg,kyiv,50.498663,30.767737,0,2021-11,streetview
data/images/kyiv/50.498663_30.767737_h90.jpg,kyiv,50.498663,30.767737,90,2021-11,streetview
data/images/kyiv/50.498663_30.767737_h180.jpg,kyiv,50.498663,30.767737,180,2021-11,streetview
data/images/kyiv/50.498663_30.767737_h270.jpg,kyiv,50.498663,30.767737,270,2021-11,streetview
data/images/kyiv/50.574121_30.5632_h0.jpg,kyiv,50.574121,30.5632,0,2019-06,streetview
data/images/kyiv/50.574121_30.5632_h90.jpg,kyiv,50.574121,30.5632,90,2019-06,streetview
data/images/kyiv/50.574121_30.5632_h180.jpg,kyiv,50.574121,30.5632,180,2019-06,streetview
data/images/kyiv/50.574121_30.5632_h270.jpg,kyiv,50.574121,30.5632,270,2019-06,streetview
data/images/kyiv/50.409191_30.555305_h0.jpg,kyiv,50.409191,30.555305,0,2023-08,streetview
data/images/kyiv/50.409191_30.555305_h90.jpg,kyiv,50.409191,30.555305,90,2023-08,streetview
data/images/kyiv/50.409191_30.555305_h180.jpg,kyiv,50.409191,30.555305,180,2023-08,streetview
data/images/kyiv/50.409191_30.555305_h270.jpg,kyiv,50.409191,30.555305,270,2023-08,streetview
data/images/kyiv/50.456622_30.494668_h0.jpg,kyiv,50.456622,30.494668,0,2020-06,streetview
data/images/kyiv/50.456622_30.494668_h90.jpg,kyiv,50.456622,30.494668,90,2020-06,streetview
data/images/kyiv/50.456622_30.494668_h180.jpg,kyiv,50.456622,30.494668,180,2020-06,streetview
data/images/kyiv/50.456622_30.494668_h270.jpg,kyiv,50.456622,30.494668,270,2020-06,streetview
data/images/kyiv/50.487883_30.51178_h0.jpg,kyiv,50.487883,30.51178,0,2021-09,streetview
data/images/kyiv/50.487883_30.51178_h90.jpg,kyiv,50.487883,30.51178,90,2021-09,streetview
data/images/kyiv/50.487883_30.51178_h180.jpg,kyiv,50.487883,30.51178,180,2021-09,streetview
data/images/kyiv/50.487883_30.51178_h270.jpg,kyiv,50.487883,30.51178,270,2021-09,streetview
data/images/kyiv/50.415659_30.404787_h0.jpg,kyiv,50.415659,30.404787,0,2021-06,streetview
data/images/kyiv/50.415659_30.404787_h90.jpg,kyiv,50.415659,30.404787,90,2021-06,streetview
data/images/kyiv/50.415659_30.404787_h180.jpg,kyiv,50.415659,30.404787,180,2021-06,streetview
data/images/kyiv/50.415659_30.404787_h270.jpg,kyiv,50.415659,30.404787,270,2021-06,streetview
data/images/kyiv/50.508365_30.408502_h0.jpg,kyiv,50.508365,30.408502,0,2019-09,streetview
data/images/kyiv/50.508365_30.408502_h90.jpg,kyiv,50.508365,30.408502,90,2019-09,streetview
data/images/kyiv/50.508365_30.408502_h180.jpg,kyiv,50.508365,30.408502,180,2019-09,streetview
data/images/kyiv/50.508365_30.408502_h270.jpg,kyiv,50.508365,30.408502,270,2019-09,streetview
data/images/kyiv/50.427517_30.372678_h0.jpg,kyiv,50.427517,30.372678,0,2019-03,streetview
data/images/kyiv/50.427517_30.372678_h90.jpg,kyiv,50.427517,30.372678,90,2019-03,streetview
data/images/kyiv/50.427517_30.372678_h180.jpg,kyiv,50.427517,30.372678,180,2019-03,streetview
data/images/kyiv/50.427517_30.372678_h270.jpg,kyiv,50.427517,30.372678,270,2019-03,streetview
data/images/kyiv/50.319719_30.650941_h0.jpg,kyiv,50.319719,30.650941,0,2019-11,streetview
data/images/kyiv/50.319719_30.650941_h90.jpg,kyiv,50.319719,30.650941,90,2019-11,streetview
data/images/kyiv/50.319719_30.650941_h180.jpg,kyiv,50.319719,30.650941,180,2019-11,streetview
data/images/kyiv/50.319719_30.650941_h270.jpg,kyiv,50.319719,30.650941,270,2019-11,streetview
data/images/kyiv/50.552562_30.491794_h0.jpg,kyiv,50.552562,30.491794,0,2018-04,streetview
data/images/kyiv/50.552562_30.491794_h90.jpg,kyiv,50.552562,30.491794,90,2018-04,streetview
data/images/kyiv/50.552562_30.491794_h180.jpg,kyiv,50.552562,30.491794,180,2018-04,streetview
data/images/kyiv/50.552562_30.491794_h270.jpg,kyiv,50.552562,30.491794,270,2018-04,streetview
data/images/kyiv/50.439374_30.477649_h0.jpg,kyiv,50.439374,30.477649,0,2019-08,streetview
data/images/kyiv/50.439374_30.477649_h90.jpg,kyiv,50.439374,30.477649,90,2019-08,streetview
data/images/kyiv/50.439374_30.477649_h180.jpg,kyiv,50.439374,30.477649,180,2019-08,streetview
data/images/kyiv/50.439374_30.477649_h270.jpg,kyiv,50.439374,30.477649,270,2019-08,streetview
data/images/kyiv/50.471714_30.626858_h0.jpg,kyiv,50.471714,30.626858,0,2018-04,streetview
data/images/kyiv/50.471714_30.626858_h90.jpg,kyiv,50.471714,30.626858,90,2018-04,streetview
data/images/kyiv/50.471714_30.626858_h180.jpg,kyiv,50.471714,30.626858,180,2018-04,streetview
data/images/kyiv/50.471714_30.626858_h270.jpg,kyiv,50.471714,30.626858,270,2018-04,streetview
data/images/kyiv/50.37254_30.541539_h0.jpg,kyiv,50.37254,30.541539,0,2021-05,streetview
data/images/kyiv/50.37254_30.541539_h90.jpg,kyiv,50.37254,30.541539,90,2021-05,streetview
data/images/kyiv/50.37254_30.541539_h180.jpg,kyiv,50.37254,30.541539,180,2021-05,streetview
data/images/kyiv/50.37254_30.541539_h270.jpg,kyiv,50.37254,30.541539,270,2021-05,streetview
data/images/kyiv/50.545016_30.276319_h0.jpg,kyiv,50.545016,30.276319,0,2018-10,streetview
data/images/kyiv/50.545016_30.276319_h90.jpg,kyiv,50.545016,30.276319,90,2018-10,streetview
data/images/kyiv/50.545016_30.276319_h180.jpg,kyiv,50.545016,30.276319,180,2018-10,streetview
data/images/kyiv/50.545016_30.276319_h270.jpg,kyiv,50.545016,30.276319,270,2018-10,streetview
data/images/kyiv/50.518066_30.76965_h0.jpg,kyiv,50.518066,30.76965,0,2021-06,streetview
data/images/kyiv/50.518066_30.76965_h90.jpg,kyiv,50.518066,30.76965,90,2021-06,streetview
data/images/kyiv/50.518066_30.76965_h180.jpg,kyiv,50.518066,30.76965,180,2021-06,streetview
data/images/kyiv/50.518066_30.76965_h270.jpg,kyiv,50.518066,30.76965,270,2021-06,streetview
data/images/kyiv/50.346669_30.28292_h0.jpg,kyiv,50.346669,30.28292,0,2021-06,streetview
data/images/kyiv/50.346669_30.28292_h90.jpg,kyiv,50.346669,30.28292,90,2021-06,streetview
data/images/kyiv/50.346669_30.28292_h180.jpg,kyiv,50.346669,30.28292,180,2021-06,streetview
data/images/kyiv/50.346669_30.28292_h270.jpg,kyiv,50.346669,30.28292,270,2021-06,streetview
data/images/kyiv/50.584901_30.493666_h0.jpg,kyiv,50.584901,30.493666,0,2021-01,streetview
data/images/kyiv/50.584901_30.493666_h90.jpg,kyiv,50.584901,30.493666,90,2021-01,streetview
data/images/kyiv/50.584901_30.493666_h180.jpg,kyiv,50.584901,30.493666,180,2021-01,streetview
data/images/kyiv/50.584901_30.493666_h270.jpg,kyiv,50.584901,30.493666,270,2021-01,streetview
data/images/kyiv/50.429673_30.52329_h0.jpg,kyiv,50.429673,30.52329,0,2019-05,streetview
data/images/kyiv/50.429673_30.52329_h90.jpg,kyiv,50.429673,30.52329,90,2019-05,streetview
data/images/kyiv/50.429673_30.52329_h180.jpg,kyiv,50.429673,30.52329,180,2019-05,streetview
data/images/kyiv/50.429673_30.52329_h270.jpg,kyiv,50.429673,30.52329,270,2019-05,streetview
data/images/kyiv/50.46309_30.452368_h0.jpg,kyiv,50.46309,30.452368,0,2019-04,streetview
data/images/kyiv/50.46309_30.452368_h90.jpg,kyiv,50.46309,30.452368,90,2019-04,streetview
data/images/kyiv/50.46309_30.452368_h180.jpg,kyiv,50.46309,30.452368,180,2019-04,streetview
data/images/kyiv/50.46309_30.452368_h270.jpg,kyiv,50.46309,30.452368,270,2019-04,streetview
data/images/kyiv/50.320797_30.65095_h0.jpg,kyiv,50.320797,30.65095,0,2018-10,streetview
data/images/kyiv/50.320797_30.65095_h90.jpg,kyiv,50.320797,30.65095,90,2018-10,streetview
data/images/kyiv/50.320797_30.65095_h180.jpg,kyiv,50.320797,30.65095,180,2018-10,streetview
data/images/kyiv/50.320797_30.65095_h270.jpg,kyiv,50.320797,30.65095,270,2018-10,streetview
data/images/kyiv/50.363916_30.605698_h0.jpg,kyiv,50.363916,30.605698,0,2019-08,streetview
data/images/kyiv/50.363916_30.605698_h90.jpg,kyiv,50.363916,30.605698,90,2019-08,streetview
data/images/kyiv/50.363916_30.605698_h180.jpg,kyiv,50.363916,30.605698,180,2019-08,streetview
data/images/kyiv/50.363916_30.605698_h270.jpg,kyiv,50.363916,30.605698,270,2019-08,streetview
data/images/kyiv/50.523456_30.500116_h0.jpg,kyiv,50.523456,30.500116,0,2021-07,streetview
data/images/kyiv/50.523456_30.500116_h90.jpg,kyiv,50.523456,30.500116,90,2021-07,streetview
data/images/kyiv/50.523456_30.500116_h180.jpg,kyiv,50.523456,30.500116,180,2021-07,streetview
data/images/kyiv/50.523456_30.500116_h270.jpg,kyiv,50.523456,30.500116,270,2021-07,streetview
data/images/kyiv/50.272289_30.340196_h0.jpg,kyiv,50.272289,30.340196,0,2021-09,streetview
data/images/kyiv/50.272289_30.340196_h90.jpg,kyiv,50.272289,30.340196,90,2021-09,streetview
data/images/kyiv/50.272289_30.340196_h180.jpg,kyiv,50.272289,30.340196,180,2021-09,streetview
data/images/kyiv/50.272289_30.340196_h270.jpg,kyiv,50.272289,30.340196,270,2021-09,streetview
data/images/kyiv/50.431829_30.357459_h0.jpg,kyiv,50.431829,30.357459,0,2019-08,streetview
data/images/kyiv/50.431829_30.357459_h90.jpg,kyiv,50.431829,30.357459,90,2019-08,streetview
data/images/kyiv/50.431829_30.357459_h180.jpg,kyiv,50.431829,30.357459,180,2019-08,streetview
data/images/kyiv/50.431829_30.357459_h270.jpg,kyiv,50.431829,30.357459,270,2019-08,streetview
data/images/kyiv/50.28738_30.449892_h0.jpg,kyiv,50.28738,30.449892,0,2020-07,streetview
data/images/kyiv/50.28738_30.449892_h90.jpg,kyiv,50.28738,30.449892,90,2020-07,streetview
data/images/kyiv/50.28738_30.449892_h180.jpg,kyiv,50.28738,30.449892,180,2020-07,streetview
data/images/kyiv/50.28738_30.449892_h270.jpg,kyiv,50.28738,30.449892,270,2020-07,streetview
data/images/kyiv/50.426439_30.518194_h0.jpg,kyiv,50.426439,30.518194,0,2019-12,streetview
data/images/kyiv/50.426439_30.518194_h90.jpg,kyiv,50.426439,30.518194,90,2019-12,streetview
data/images/kyiv/50.426439_30.518194_h180.jpg,kyiv,50.426439,30.518194,180,2019-12,streetview
data/images/kyiv/50.426439_30.518194_h270.jpg,kyiv,50.426439,30.518194,270,2019-12,streetview
data/images/kyiv/50.437218_30.547029_h0.jpg,kyiv,50.437218,30.547029,0,2020-02,streetview
data/images/kyiv/50.437218_30.547029_h90.jpg,kyiv,50.437218,30.547029,90,2020-02,streetview
data/images/kyiv/50.437218_30.547029_h180.jpg,kyiv,50.437218,30.547029,180,2020-02,streetview
data/images/kyiv/50.437218_30.547029_h270.jpg,kyiv,50.437218,30.547029,270,2020-02,streetview
data/images/kyiv/50.398411_30.392889_h0.jpg,kyiv,50.398411,30.392889,0,2020-11,streetview
data/images/kyiv/50.398411_30.392889_h90.jpg,kyiv,50.398411,30.392889,90,2020-11,streetview
data/images/kyiv/50.398411_30.392889_h180.jpg,kyiv,50.398411,30.392889,180,2020-11,streetview
data/images/kyiv/50.398411_30.392889_h270.jpg,kyiv,50.398411,30.392889,270,2020-11,streetview
data/images/kyiv/50.389788_30.370881_h0.jpg,kyiv,50.389788,30.370881,0,2024-08,streetview
data/images/kyiv/50.389788_30.370881_h90.jpg,kyiv,50.389788,30.370881,90,2024-08,streetview
data/images/kyiv/50.389788_30.370881_h180.jpg,kyiv,50.389788,30.370881,180,2024-08,streetview
data/images/kyiv/50.389788_30.370881_h270.jpg,kyiv,50.389788,30.370881,270,2024-08,streetview
data/images/kyiv/50.467402_30.447307_h0.jpg,kyiv,50.467402,30.447307,0,2018-10,streetview
data/images/kyiv/50.467402_30.447307_h90.jpg,kyiv,50.467402,30.447307,90,2018-10,streetview
data/images/kyiv/50.467402_30.447307_h180.jpg,kyiv,50.467402,30.447307,180,2018-10,streetview
data/images/kyiv/50.467402_30.447307_h270.jpg,kyiv,50.467402,30.447307,270,2018-10,streetview
data/images/kyiv/50.453388_30.504809_h0.jpg,kyiv,50.453388,30.504809,0,2025-11,streetview
data/images/kyiv/50.453388_30.504809_h90.jpg,kyiv,50.453388,30.504809,90,2025-11,streetview
data/images/kyiv/50.453388_30.504809_h180.jpg,kyiv,50.453388,30.504809,180,2025-11,streetview
data/images/kyiv/50.453388_30.504809_h270.jpg,kyiv,50.453388,30.504809,270,2025-11,streetview
data/images/kyiv/50.471714_30.401596_h0.jpg,kyiv,50.471714,30.401596,0,2019-06,streetview
data/images/kyiv/50.471714_30.401596_h90.jpg,kyiv,50.471714,30.401596,90,2019-06,streetview
data/images/kyiv/50.471714_30.401596_h180.jpg,kyiv,50.471714,30.401596,180,2019-06,streetview
data/images/kyiv/50.471714_30.401596_h270.jpg,kyiv,50.471714,30.401596,270,2019-06,streetview
data/images/kyiv/50.514833_30.622127_h0.jpg,kyiv,50.514833,30.622127,0,2021-06,streetview
data/images/kyiv/50.514833_30.622127_h90.jpg,kyiv,50.514833,30.622127,90,2021-06,streetview
data/images/kyiv/50.514833_30.622127_h180.jpg,kyiv,50.514833,30.622127,180,2021-06,streetview
data/images/kyiv/50.514833_30.622127_h270.jpg,kyiv,50.514833,30.622127,270,2021-06,streetview
data/images/kyiv/50.462012_30.464216_h0.jpg,kyiv,50.462012,30.464216,0,2019-03,streetview
data/images/kyiv/50.462012_30.464216_h90.jpg,kyiv,50.462012,30.464216,90,2019-03,streetview
data/images/kyiv/50.462012_30.464216_h180.jpg,kyiv,50.462012,30.464216,180,2019-03,streetview
data/images/kyiv/50.462012_30.464216_h270.jpg,kyiv,50.462012,30.464216,270,2019-03,streetview
data/images/kyiv/50.401645_30.616137_h0.jpg,kyiv,50.401645,30.616137,0,2018-09,streetview
data/images/kyiv/50.401645_30.616137_h90.jpg,kyiv,50.401645,30.616137,90,2018-09,streetview
data/images/kyiv/50.401645_30.616137_h180.jpg,kyiv,50.401645,30.616137,180,2018-09,streetview
data/images/kyiv/50.401645_30.616137_h270.jpg,kyiv,50.401645,30.616137,270,2018-09,streetview
data/images/kyiv/50.450154_30.467546_h0.jpg,kyiv,50.450154,30.467546,0,2018-10,streetview
data/images/kyiv/50.450154_30.467546_h90.jpg,kyiv,50.450154,30.467546,90,2018-10,streetview
data/images/kyiv/50.450154_30.467546_h180.jpg,kyiv,50.450154,30.467546,180,2018-10,streetview
data/images/kyiv/50.450154_30.467546_h270.jpg,kyiv,50.450154,30.467546,270,2018-10,streetview
data/images/kyiv/50.440452_30.430262_h0.jpg,kyiv,50.440452,30.430262,0,2021-04,streetview
data/images/kyiv/50.440452_30.430262_h90.jpg,kyiv,50.440452,30.430262,90,2021-04,streetview
data/images/kyiv/50.440452_30.430262_h180.jpg,kyiv,50.440452,30.430262,180,2021-04,streetview
data/images/kyiv/50.440452_30.430262_h270.jpg,kyiv,50.440452,30.430262,270,2021-04,streetview
data/images/kyiv/50.347747_30.446781_h0.jpg,kyiv,50.347747,30.446781,0,2022-01,streetview
data/images/kyiv/50.347747_30.446781_h90.jpg,kyiv,50.347747,30.446781,90,2022-01,streetview
data/images/kyiv/50.347747_30.446781_h180.jpg,kyiv,50.347747,30.446781,180,2022-01,streetview
data/images/kyiv/50.347747_30.446781_h270.jpg,kyiv,50.347747,30.446781,270,2022-01,streetview
data/images/kyiv/50.487883_30.389791_h0.jpg,kyiv,50.487883,30.389791,0,2019-01,streetview
data/images/kyiv/50.487883_30.389791_h90.jpg,kyiv,50.487883,30.389791,90,2019-01,streetview
data/images/kyiv/50.487883_30.389791_h180.jpg,kyiv,50.487883,30.389791,180,2019-01,streetview
data/images/kyiv/50.487883_30.389791_h270.jpg,kyiv,50.487883,30.389791,270,2019-01,streetview
data/images/kyiv/50.583823_30.483474_h0.jpg,kyiv,50.583823,30.483474,0,2021-04,streetview
data/images/kyiv/50.583823_30.483474_h90.jpg,kyiv,50.583823,30.483474,90,2021-04,streetview
data/images/kyiv/50.583823_30.483474_h180.jpg,kyiv,50.583823,30.483474,180,2021-04,streetview
data/images/kyiv/50.583823_30.483474_h270.jpg,kyiv,50.583823,30.483474,270,2021-04,streetview
data/images/kyiv/50.426439_30.526654_h0.jpg,kyiv,50.426439,30.526654,0,2019-09,streetview
data/images/kyiv/50.426439_30.526654_h90.jpg,kyiv,50.426439,30.526654,90,2019-09,streetview
data/images/kyiv/50.426439_30.526654_h180.jpg,kyiv,50.426439,30.526654,180,2019-09,streetview
data/images/kyiv/50.426439_30.526654_h270.jpg,kyiv,50.426439,30.526654,270,2019-09,streetview
data/images/kyiv/50.422127_30.51986_h0.jpg,kyiv,50.422127,30.51986,0,2021-07,streetview
data/images/kyiv/50.422127_30.51986_h90.jpg,kyiv,50.422127,30.51986,90,2021-07,streetview
data/images/kyiv/50.422127_30.51986_h180.jpg,kyiv,50.422127,30.51986,180,2021-07,streetview
data/images/kyiv/50.422127_30.51986_h270.jpg,kyiv,50.422127,30.51986,270,2021-07,streetview
data/images/kyiv/50.402723_30.546805_h0.jpg,kyiv,50.402723,30.546805,0,2024-05,streetview
data/images/kyiv/50.402723_30.546805_h90.jpg,kyiv,50.402723,30.546805,90,2024-05,streetview
data/images/kyiv/50.402723_30.546805_h180.jpg,kyiv,50.402723,30.546805,180,2024-05,streetview
data/images/kyiv/50.402723_30.546805_h270.jpg,kyiv,50.402723,30.546805,270,2024-05,streetview
data/images/kyiv/50.422127_30.377738_h0.jpg,kyiv,50.422127,30.377738,0,2019-01,streetview
data/images/kyiv/50.422127_30.377738_h90.jpg,kyiv,50.422127,30.377738,90,2019-01,streetview
data/images/kyiv/50.422127_30.377738_h180.jpg,kyiv,50.422127,30.377738,180,2019-01,streetview
data/images/kyiv/50.422127_30.377738_h270.jpg,kyiv,50.422127,30.377738,270,2019-01,streetview
data/images/kyiv/50.469558_30.515061_h0.jpg,kyiv,50.469558,30.515061,0,2018-03,streetview
data/images/kyiv/50.469558_30.515061_h90.jpg,kyiv,50.469558,30.515061,90,2018-03,streetview
data/images/kyiv/50.469558_30.515061_h180.jpg,kyiv,50.469558,30.515061,180,2018-03,streetview
data/images/kyiv/50.469558_30.515061_h270.jpg,kyiv,50.469558,30.515061,270,2018-03,streetview
data/images/kyiv/50.439374_30.354093_h0.jpg,kyiv,50.439374,30.354093,0,2018-04,streetview
data/images/kyiv/50.439374_30.354093_h90.jpg,kyiv,50.439374,30.354093,90,2018-04,streetview
data/images/kyiv/50.439374_30.354093_h180.jpg,kyiv,50.439374,30.354093,180,2018-04,streetview
data/images/kyiv/50.439374_30.354093_h270.jpg,kyiv,50.439374,30.354093,270,2018-04,streetview
data/images/kyiv/50.460934_30.447278_h0.jpg,kyiv,50.460934,30.447278,0,2019-03,streetview
data/images/kyiv/50.460934_30.447278_h90.jpg,kyiv,50.460934,30.447278,90,2019-03,streetview
data/images/kyiv/50.460934_30.447278_h180.jpg,kyiv,50.460934,30.447278,180,2019-03,streetview
data/images/kyiv/50.460934_30.447278_h270.jpg,kyiv,50.460934,30.447278,270,2019-03,streetview
data/images/kyiv/50.317563_30.66274_h0.jpg,kyiv,50.317563,30.66274,0,2019-11,streetview
data/images/kyiv/50.317563_30.66274_h90.jpg,kyiv,50.317563,30.66274,90,2019-11,streetview
data/images/kyiv/50.317563_30.66274_h180.jpg,kyiv,50.317563,30.66274,180,2019-11,streetview
data/images/kyiv/50.317563_30.66274_h270.jpg,kyiv,50.317563,30.66274,270,2019-11,streetview
data/images/kyiv/50.408113_30.492714_h0.jpg,kyiv,50.408113,30.492714,0,2019-03,streetview
data/images/kyiv/50.408113_30.492714_h90.jpg,kyiv,50.408113,30.492714,90,2019-03,streetview
data/images/kyiv/50.408113_30.492714_h180.jpg,kyiv,50.408113,30.492714,180,2019-03,streetview
data/images/kyiv/50.408113_30.492714_h270.jpg,kyiv,50.408113,30.492714,270,2019-03,streetview
data/images/kyiv/50.514833_30.420392_h0.jpg,kyiv,50.514833,30.420392,0,2020-10,streetview
data/images/kyiv/50.514833_30.420392_h90.jpg,kyiv,50.514833,30.420392,90,2020-10,streetview
data/images/kyiv/50.514833_30.420392_h180.jpg,kyiv,50.514833,30.420392,180,2020-10,streetview
data/images/kyiv/50.514833_30.420392_h270.jpg,kyiv,50.514833,30.420392,270,2020-10,streetview
data/images/kyiv/50.460934_30.520091_h0.jpg,kyiv,50.460934,30.520091,0,2021-04,streetview
data/images/kyiv/50.460934_30.520091_h90.jpg,kyiv,50.460934,30.520091,90,2021-04,streetview
data/images/kyiv/50.460934_30.520091_h180.jpg,kyiv,50.460934,30.520091,180,2021-04,streetview
data/images/kyiv/50.460934_30.520091_h270.jpg,kyiv,50.460934,30.520091,270,2021-04,streetview
data/images/kyiv/50.411347_30.546861_h0.jpg,kyiv,50.411347,30.546861,0,2021-09,streetview
data/images/kyiv/50.411347_30.546861_h90.jpg,kyiv,50.411347,30.546861,90,2021-09,streetview
data/images/kyiv/50.411347_30.546861_h180.jpg,kyiv,50.411347,30.546861,180,2021-09,streetview
data/images/kyiv/50.411347_30.546861_h270.jpg,kyiv,50.411347,30.546861,270,2021-09,streetview
data/images/kyiv/50.366072_30.375884_h0.jpg,kyiv,50.366072,30.375884,0,2018-04,streetview
data/images/kyiv/50.366072_30.375884_h90.jpg,kyiv,50.366072,30.375884,90,2018-04,streetview
data/images/kyiv/50.366072_30.375884_h180.jpg,kyiv,50.366072,30.375884,180,2018-04,streetview
data/images/kyiv/50.366072_30.375884_h270.jpg,kyiv,50.366072,30.375884,270,2018-04,streetview
data/images/kyiv/50.490039_30.498237_h0.jpg,kyiv,50.490039,30.498237,0,2021-08,streetview
data/images/kyiv/50.490039_30.498237_h90.jpg,kyiv,50.490039,30.498237,90,2021-08,streetview
data/images/kyiv/50.490039_30.498237_h180.jpg,kyiv,50.490039,30.498237,180,2021-08,streetview
data/images/kyiv/50.490039_30.498237_h270.jpg,kyiv,50.490039,30.498237,270,2021-08,streetview
data/images/kyiv/50.467402_30.506581_h0.jpg,kyiv,50.467402,30.506581,0,2018-07,streetview
data/images/kyiv/50.467402_30.506581_h90.jpg,kyiv,50.467402,30.506581,90,2018-07,streetview
data/images/kyiv/50.467402_30.506581_h180.jpg,kyiv,50.467402,30.506581,180,2018-07,streetview
data/images/kyiv/50.467402_30.506581_h270.jpg,kyiv,50.467402,30.506581,270,2018-07,streetview
data/images/kyiv/50.43614_30.629952_h0.jpg,kyiv,50.43614,30.629952,0,2020-03,streetview
data/images/kyiv/50.43614_30.629952_h90.jpg,kyiv,50.43614,30.629952,90,2020-03,streetview
data/images/kyiv/50.43614_30.629952_h180.jpg,kyiv,50.43614,30.629952,180,2020-03,streetview
data/images/kyiv/50.43614_30.629952_h270.jpg,kyiv,50.43614,30.629952,270,2020-03,streetview
data/images/kyiv/50.453388_30.59454_h0.jpg,kyiv,50.453388,30.59454,0,2019-06,streetview
data/images/kyiv/50.453388_30.59454_h90.jpg,kyiv,50.453388,30.59454,90,2019-06,streetview
data/images/kyiv/50.453388_30.59454_h180.jpg,kyiv,50.453388,30.59454,180,2019-06,streetview
data/images/kyiv/50.453388_30.59454_h270.jpg,kyiv,50.453388,30.59454,270,2019-06,streetview
data/images/kyiv/50.46309_30.50825_h0.jpg,kyiv,50.46309,30.50825,0,2018-11,streetview
data/images/kyiv/50.46309_30.50825_h90.jpg,kyiv,50.46309,30.50825,90,2018-11,streetview
data/images/kyiv/50.46309_30.50825_h180.jpg,kyiv,50.46309,30.50825,180,2018-11,streetview
data/images/kyiv/50.46309_30.50825_h270.jpg,kyiv,50.46309,30.50825,270,2018-11,streetview
data/images/kyiv/50.442608_30.558913_h0.jpg,kyiv,50.442608,30.558913,0,2021-04,streetview
data/images/kyiv/50.442608_30.558913_h90.jpg,kyiv,50.442608,30.558913,90,2021-04,streetview
data/images/kyiv/50.442608_30.558913_h180.jpg,kyiv,50.442608,30.558913,180,2021-04,streetview
data/images/kyiv/50.442608_30.558913_h270.jpg,kyiv,50.442608,30.558913,270,2021-04,streetview
data/images/kyiv/50.459856_30.613215_h0.jpg,kyiv,50.459856,30.613215,0,2020-09,streetview
data/images/kyiv/50.459856_30.613215_h90.jpg,kyiv,50.459856,30.613215,90,2020-09,streetview
data/images/kyiv/50.459856_30.613215_h180.jpg,kyiv,50.459856,30.613215,180,2020-09,streetview
data/images/kyiv/50.459856_30.613215_h270.jpg,kyiv,50.459856,30.613215,270,2020-09,streetview
data/images/kyiv/50.442608_30.596152_h0.jpg,kyiv,50.442608,30.596152,0,2020-07,streetview
data/images/kyiv/50.442608_30.596152_h90.jpg,kyiv,50.442608,30.596152,90,2020-07,streetview
data/images/kyiv/50.442608_30.596152_h180.jpg,kyiv,50.442608,30.596152,180,2020-07,streetview
data/images/kyiv/50.442608_30.596152_h270.jpg,kyiv,50.442608,30.596152,270,2020-07,streetview
data/images/kyiv/50.556874_30.264451_h0.jpg,kyiv,50.556874,30.264451,0,2019-07,streetview
data/images/kyiv/50.556874_30.264451_h90.jpg,kyiv,50.556874,30.264451,90,2019-07,streetview
data/images/kyiv/50.556874_30.264451_h180.jpg,kyiv,50.556874,30.264451,180,2019-07,streetview
data/images/kyiv/50.556874_30.264451_h270.jpg,kyiv,50.556874,30.264451,270,2019-07,streetview
data/images/kyiv/50.371462_30.463786_h0.jpg,kyiv,50.371462,30.463786,0,2018-10,streetview
data/images/kyiv/50.371462_30.463786_h90.jpg,kyiv,50.371462,30.463786,90,2018-10,streetview
data/images/kyiv/50.371462_30.463786_h180.jpg,kyiv,50.371462,30.463786,180,2018-10,streetview
data/images/kyiv/50.371462_30.463786_h270.jpg,kyiv,50.371462,30.463786,270,2018-10,streetview
data/images/kyiv/50.534236_30.600237_h0.jpg,kyiv,50.534236,30.600237,0,2020-01,streetview
data/images/kyiv/50.534236_30.600237_h90.jpg,kyiv,50.534236,30.600237,90,2020-01,streetview
data/images/kyiv/50.534236_30.600237_h180.jpg,kyiv,50.534236,30.600237,180,2020-01,streetview
data/images/kyiv/50.534236_30.600237_h270.jpg,kyiv,50.534236,30.600237,270,2020-01,streetview
data/images/kyiv/50.360682_30.475563_h0.jpg,kyiv,50.360682,30.475563,0,2021-07,streetview
data/images/kyiv/50.360682_30.475563_h90.jpg,kyiv,50.360682,30.475563,90,2021-07,streetview
data/images/kyiv/50.360682_30.475563_h180.jpg,kyiv,50.360682,30.475563,180,2021-07,streetview
data/images/kyiv/50.360682_30.475563_h270.jpg,kyiv,50.360682,30.475563,270,2021-07,streetview
data/images/kyiv/50.509443_30.817015_h0.jpg,kyiv,50.509443,30.817015,0,2020-07,streetview
data/images/kyiv/50.509443_30.817015_h90.jpg,kyiv,50.509443,30.817015,90,2020-07,streetview
data/images/kyiv/50.509443_30.817015_h180.jpg,kyiv,50.509443,30.817015,180,2020-07,streetview
data/images/kyiv/50.509443_30.817015_h270.jpg,kyiv,50.509443,30.817015,270,2020-07,streetview
data/images/kyiv/50.31433_30.568178_h0.jpg,kyiv,50.31433,30.568178,0,2024-08,streetview
data/images/kyiv/50.31433_30.568178_h90.jpg,kyiv,50.31433,30.568178,90,2024-08,streetview
data/images/kyiv/50.31433_30.568178_h180.jpg,kyiv,50.31433,30.568178,180,2024-08,streetview
data/images/kyiv/50.31433_30.568178_h270.jpg,kyiv,50.31433,30.568178,270,2024-08,streetview
data/images/kyiv/50.429673_30.521597_h0.jpg,kyiv,50.429673,30.521597,0,2019-04,streetview
data/images/kyiv/50.429673_30.521597_h90.jpg,kyiv,50.429673,30.521597,90,2019-04,streetview
data/images/kyiv/50.429673_30.521597_h180.jpg,kyiv,50.429673,30.521597,180,2019-04,streetview
data/images/kyiv/50.429673_30.521597_h270.jpg,kyiv,50.429673,30.521597,270,2019-04,streetview
data/images/kyiv/50.257197_30.537434_h0.jpg,kyiv,50.257197,30.537434,0,2021-11,streetview
data/images/kyiv/50.257197_30.537434_h90.jpg,kyiv,50.257197,30.537434,90,2021-11,streetview
data/images/kyiv/50.257197_30.537434_h180.jpg,kyiv,50.257197,30.537434,180,2021-11,streetview
data/images/kyiv/50.257197_30.537434_h270.jpg,kyiv,50.257197,30.537434,270,2021-11,streetview
data/images/kyiv/50.386554_30.386087_h0.jpg,kyiv,50.386554,30.386087,0,2018-11,streetview
data/images/kyiv/50.386554_30.386087_h90.jpg,kyiv,50.386554,30.386087,90,2018-11,streetview
data/images/kyiv/50.386554_30.386087_h180.jpg,kyiv,50.386554,30.386087,180,2018-11,streetview
data/images/kyiv/50.386554_30.386087_h270.jpg,kyiv,50.386554,30.386087,270,2018-11,streetview
data/images/kyiv/50.509443_30.598352_h0.jpg,kyiv,50.509443,30.598352,0,2025-03,streetview
data/images/kyiv/50.509443_30.598352_h90.jpg,kyiv,50.509443,30.598352,90,2025-03,streetview
data/images/kyiv/50.509443_30.598352_h180.jpg,kyiv,50.509443,30.598352,180,2025-03,streetview
data/images/kyiv/50.509443_30.598352_h270.jpg,kyiv,50.509443,30.598352,270,2025-03,streetview
data/images/kyiv/50.480337_30.443976_h0.jpg,kyiv,50.480337,30.443976,0,2019-03,streetview
data/images/kyiv/50.480337_30.443976_h90.jpg,kyiv,50.480337,30.443976,90,2019-03,streetview
data/images/kyiv/50.480337_30.443976_h180.jpg,kyiv,50.480337,30.443976,180,2019-03,streetview
data/images/kyiv/50.480337_30.443976_h270.jpg,kyiv,50.480337,30.443976,270,2019-03,streetview
data/images/kyiv/50.472792_30.476124_h0.jpg,kyiv,50.472792,30.476124,0,2019-03,streetview
data/images/kyiv/50.472792_30.476124_h90.jpg,kyiv,50.472792,30.476124,90,2019-03,streetview
data/images/kyiv/50.472792_30.476124_h180.jpg,kyiv,50.472792,30.476124,180,2019-03,streetview
data/images/kyiv/50.472792_30.476124_h270.jpg,kyiv,50.472792,30.476124,270,2019-03,streetview
data/images/kyiv/50.428595_30.382834_h0.jpg,kyiv,50.428595,30.382834,0,2020-05,streetview
data/images/kyiv/50.428595_30.382834_h90.jpg,kyiv,50.428595,30.382834,90,2020-05,streetview
data/images/kyiv/50.428595_30.382834_h180.jpg,kyiv,50.428595,30.382834,180,2020-05,streetview
data/images/kyiv/50.428595_30.382834_h270.jpg,kyiv,50.428595,30.382834,270,2020-05,streetview
data/images/kyiv/50.242105_30.510371_h0.jpg,kyiv,50.242105,30.510371,0,2020-09,streetview
data/images/kyiv/50.242105_30.510371_h90.jpg,kyiv,50.242105,30.510371,90,2020-09,streetview
data/images/kyiv/50.242105_30.510371_h180.jpg,kyiv,50.242105,30.510371,180,2020-09,streetview
data/images/kyiv/50.242105_30.510371_h270.jpg,kyiv,50.242105,30.510371,270,2020-09,streetview
data/images/kyiv/50.52669_30.620527_h0.jpg,kyiv,50.52669,30.620527,0,2021-11,streetview
data/images/kyiv/50.52669_30.620527_h90.jpg,kyiv,50.52669,30.620527,90,2021-11,streetview
data/images/kyiv/50.52669_30.620527_h180.jpg,kyiv,50.52669,30.620527,180,2021-11,streetview
data/images/kyiv/50.52669_30.620527_h270.jpg,kyiv,50.52669,30.620527,270,2021-11,streetview
data/images/kyiv/50.366072_30.453621_h0.jpg,kyiv,50.366072,30.453621,0,2025-01,streetview
data/images/kyiv/50.366072_30.453621_h90.jpg,kyiv,50.366072,30.453621,90,2025-01,streetview
data/images/kyiv/50.366072_30.453621_h180.jpg,kyiv,50.366072,30.453621,180,2025-01,streetview
data/images/kyiv/50.366072_30.453621_h270.jpg,kyiv,50.366072,30.453621,270,2025-01,streetview
data/images/kyiv/50.492195_30.49486_h0.jpg,kyiv,50.492195,30.49486,0,2020-05,streetview
data/images/kyiv/50.492195_30.49486_h90.jpg,kyiv,50.492195,30.49486,90,2020-05,streetview
data/images/kyiv/50.492195_30.49486_h180.jpg,kyiv,50.492195,30.49486,180,2020-05,streetview
data/images/kyiv/50.492195_30.49486_h270.jpg,kyiv,50.492195,30.49486,270,2020-05,streetview
data/images/kyiv/50.430751_30.597755_h0.jpg,kyiv,50.430751,30.597755,0,2020-05,streetview
data/images/kyiv/50.430751_30.597755_h90.jpg,kyiv,50.430751,30.597755,90,2020-05,streetview
data/images/kyiv/50.430751_30.597755_h180.jpg,kyiv,50.430751,30.597755,180,2020-05,streetview
data/images/kyiv/50.430751_30.597755_h270.jpg,kyiv,50.430751,30.597755,270,2020-05,streetview
data/images/kyiv/50.505131_30.432219_h0.jpg,kyiv,50.505131,30.432219,0,2018-08,streetview
data/images/kyiv/50.505131_30.432219_h90.jpg,kyiv,50.505131,30.432219,90,2018-08,streetview
data/images/kyiv/50.505131_30.432219_h180.jpg,kyiv,50.505131,30.432219,180,2018-08,streetview
data/images/kyiv/50.505131_30.432219_h270.jpg,kyiv,50.505131,30.432219,270,2018-08,streetview
data/images/kyiv/50.386554_30.462167_h0.jpg,kyiv,50.386554,30.462167,0,2025-02,streetview
data/images/kyiv/50.386554_30.462167_h90.jpg,kyiv,50.386554,30.462167,90,2025-02,streetview
data/images/kyiv/50.386554_30.462167_h180.jpg,kyiv,50.386554,30.462167,180,2025-02,streetview
data/images/kyiv/50.386554_30.462167_h270.jpg,kyiv,50.386554,30.462167,270,2025-02,streetview
data/images/kyiv/50.515911_30.644174_h0.jpg,kyiv,50.515911,30.644174,0,2020-06,streetview
data/images/kyiv/50.515911_30.644174_h90.jpg,kyiv,50.515911,30.644174,90,2020-06,streetview
data/images/kyiv/50.515911_30.644174_h180.jpg,kyiv,50.515911,30.644174,180,2020-06,streetview
data/images/kyiv/50.515911_30.644174_h270.jpg,kyiv,50.515911,30.644174,270,2020-06,streetview
data/images/kyiv/50.429673_30.54698_h0.jpg,kyiv,50.429673,30.54698,0,2019-04,streetview
data/images/kyiv/50.429673_30.54698_h90.jpg,kyiv,50.429673,30.54698,90,2019-04,streetview
data/images/kyiv/50.429673_30.54698_h180.jpg,kyiv,50.429673,30.54698,180,2019-04,streetview
data/images/kyiv/50.429673_30.54698_h270.jpg,kyiv,50.429673,30.54698,270,2019-04,streetview
data/images/kyiv/50.43614_30.497942_h0.jpg,kyiv,50.43614,30.497942,0,2021-03,streetview
data/images/kyiv/50.43614_30.497942_h90.jpg,kyiv,50.43614,30.497942,90,2021-03,streetview
data/images/kyiv/50.43614_30.497942_h180.jpg,kyiv,50.43614,30.497942,180,2021-03,streetview
data/images/kyiv/50.43614_30.497942_h270.jpg,kyiv,50.43614,30.497942,270,2021-03,streetview
data/images/kyiv/50.334811_30.629117_h0.jpg,kyiv,50.334811,30.629117,0,2019-11,streetview
data/images/kyiv/50.334811_30.629117_h90.jpg,kyiv,50.334811,30.629117,90,2019-11,streetview
data/images/kyiv/50.334811_30.629117_h180.jpg,kyiv,50.334811,30.629117,180,2019-11,streetview
data/images/kyiv/50.334811_30.629117_h270.jpg,kyiv,50.334811,30.629117,270,2019-11,streetview
data/images/kyiv/50.36176_30.570196_h0.jpg,kyiv,50.36176,30.570196,0,2021-04,streetview
data/images/kyiv/50.36176_30.570196_h90.jpg,kyiv,50.36176,30.570196,90,2021-04,streetview
data/images/kyiv/50.36176_30.570196_h180.jpg,kyiv,50.36176,30.570196,180,2021-04,streetview
data/images/kyiv/50.36176_30.570196_h270.jpg,kyiv,50.36176,30.570196,270,2021-04,streetview
data/images/kyiv/50.403801_30.337094_h0.jpg,kyiv,50.403801,30.337094,0,2020-09,streetview
data/images/kyiv/50.403801_30.337094_h90.jpg,kyiv,50.403801,30.337094,90,2020-09,streetview
data/images/kyiv/50.403801_30.337094_h180.jpg,kyiv,50.403801,30.337094,180,2020-09,streetview
data/images/kyiv/50.403801_30.337094_h270.jpg,kyiv,50.403801,30.337094,270,2020-09,streetview
data/images/kyiv/50.479259_30.344026_h0.jpg,kyiv,50.479259,30.344026,0,2019-05,streetview
data/images/kyiv/50.479259_30.344026_h90.jpg,kyiv,50.479259,30.344026,90,2019-05,streetview
data/images/kyiv/50.479259_30.344026_h180.jpg,kyiv,50.479259,30.344026,180,2019-05,streetview
data/images/kyiv/50.479259_30.344026_h270.jpg,kyiv,50.479259,30.344026,270,2019-05,streetview
data/images/kyiv/50.419971_30.655196_h0.jpg,kyiv,50.419971,30.655196,0,2024-08,streetview
data/images/kyiv/50.419971_30.655196_h90.jpg,kyiv,50.419971,30.655196,90,2024-08,streetview
data/images/kyiv/50.419971_30.655196_h180.jpg,kyiv,50.419971,30.655196,180,2024-08,streetview
data/images/kyiv/50.419971_30.655196_h270.jpg,kyiv,50.419971,30.655196,270,2024-08,streetview
data/images/kyiv/50.477103_30.357573_h0.jpg,kyiv,50.477103,30.357573,0,2019-04,streetview
data/images/kyiv/50.477103_30.357573_h90.jpg,kyiv,50.477103,30.357573,90,2019-04,streetview
data/images/kyiv/50.477103_30.357573_h180.jpg,kyiv,50.477103,30.357573,180,2019-04,streetview
data/images/kyiv/50.477103_30.357573_h270.jpg,kyiv,50.477103,30.357573,270,2019-04,streetview
data/images/kyiv/50.222702_30.567545_h0.jpg,kyiv,50.222702,30.567545,0,2018-05,streetview
data/images/kyiv/50.222702_30.567545_h90.jpg,kyiv,50.222702,30.567545,90,2018-05,streetview
data/images/kyiv/50.222702_30.567545_h180.jpg,kyiv,50.222702,30.567545,180,2018-05,streetview
data/images/kyiv/50.222702_30.567545_h270.jpg,kyiv,50.222702,30.567545,270,2018-05,streetview
data/images/kyiv/50.249651_30.37555_h0.jpg,kyiv,50.249651,30.37555,0,2021-12,streetview
data/images/kyiv/50.249651_30.37555_h90.jpg,kyiv,50.249651,30.37555,90,2021-12,streetview
data/images/kyiv/50.249651_30.37555_h180.jpg,kyiv,50.249651,30.37555,180,2021-12,streetview
data/images/kyiv/50.249651_30.37555_h270.jpg,kyiv,50.249651,30.37555,270,2021-12,streetview
data/images/kyiv/50.438296_30.613044_h0.jpg,kyiv,50.438296,30.613044,0,2019-03,streetview
data/images/kyiv/50.438296_30.613044_h90.jpg,kyiv,50.438296,30.613044,90,2019-03,streetview
data/images/kyiv/50.438296_30.613044_h180.jpg,kyiv,50.438296,30.613044,180,2019-03,streetview
data/images/kyiv/50.438296_30.613044_h270.jpg,kyiv,50.438296,30.613044,270,2019-03,streetview
data/images/kyiv/50.239949_30.579462_h0.jpg,kyiv,50.239949,30.579462,0,2025-10,streetview
data/images/kyiv/50.239949_30.579462_h90.jpg,kyiv,50.239949,30.579462,90,2025-10,streetview
data/images/kyiv/50.239949_30.579462_h180.jpg,kyiv,50.239949,30.579462,180,2025-10,streetview
data/images/kyiv/50.239949_30.579462_h270.jpg,kyiv,50.239949,30.579462,270,2025-10,streetview
data/images/kyiv/50.411347_30.54517_h0.jpg,kyiv,50.411347,30.54517,0,2021-09,streetview
data/images/kyiv/50.411347_30.54517_h90.jpg,kyiv,50.411347,30.54517,90,2021-09,streetview
data/images/kyiv/50.411347_30.54517_h180.jpg,kyiv,50.411347,30.54517,180,2021-09,streetview
data/images/kyiv/50.411347_30.54517_h270.jpg,kyiv,50.411347,30.54517,270,2021-09,streetview
data/images/kyiv/50.449076_30.440454_h0.jpg,kyiv,50.449076,30.440454,0,2021-06,streetview
data/images/kyiv/50.449076_30.440454_h90.jpg,kyiv,50.449076,30.440454,90,2021-06,streetview
data/images/kyiv/50.449076_30.440454_h180.jpg,kyiv,50.449076,30.440454,180,2021-06,streetview
data/images/kyiv/50.449076_30.440454_h270.jpg,kyiv,50.449076,30.440454,270,2021-06,streetview
data/images/kyiv/50.449076_30.281322_h0.jpg,kyiv,50.449076,30.281322,0,2020-06,streetview
data/images/kyiv/50.449076_30.281322_h90.jpg,kyiv,50.449076,30.281322,90,2020-06,streetview
data/images/kyiv/50.449076_30.281322_h180.jpg,kyiv,50.449076,30.281322,180,2020-06,streetview
data/images/kyiv/50.449076_30.281322_h270.jpg,kyiv,50.449076,30.281322,270,2020-06,streetview
data/images/kyiv/50.413503_30.404779_h0.jpg,kyiv,50.413503,30.404779,0,2018-12,streetview
data/images/kyiv/50.413503_30.404779_h90.jpg,kyiv,50.413503,30.404779,90,2018-12,streetview
data/images/kyiv/50.413503_30.404779_h180.jpg,kyiv,50.413503,30.404779,180,2018-12,streetview
data/images/kyiv/50.413503_30.404779_h270.jpg,kyiv,50.413503,30.404779,270,2018-12,streetview
data/images/kyiv/50.514833_30.417001_h0.jpg,kyiv,50.514833,30.417001,0,2019-09,streetview
data/images/kyiv/50.514833_30.417001_h90.jpg,kyiv,50.514833,30.417001,90,2019-09,streetview
data/images/kyiv/50.514833_30.417001_h180.jpg,kyiv,50.514833,30.417001,180,2019-09,streetview
data/images/kyiv/50.514833_30.417001_h270.jpg,kyiv,50.514833,30.417001,270,2019-09,streetview
data/images/kyiv/50.360682_30.473874_h0.jpg,kyiv,50.360682,30.473874,0,2021-07,streetview
data/images/kyiv/50.360682_30.473874_h90.jpg,kyiv,50.360682,30.473874,90,2021-07,streetview
data/images/kyiv/50.360682_30.473874_h180.jpg,kyiv,50.360682,30.473874,180,2021-07,streetview
data/images/kyiv/50.360682_30.473874_h270.jpg,kyiv,50.360682,30.473874,270,2021-07,streetview
data/images/kyiv/50.375774_30.528037_h0.jpg,kyiv,50.375774,30.528037,0,2021-05,streetview
data/images/kyiv/50.375774_30.528037_h90.jpg,kyiv,50.375774,30.528037,90,2021-05,streetview
data/images/kyiv/50.375774_30.528037_h180.jpg,kyiv,50.375774,30.528037,180,2021-05,streetview
data/images/kyiv/50.375774_30.528037_h270.jpg,kyiv,50.375774,30.528037,270,2021-05,streetview
data/images/kyiv/50.401645_30.649961_h0.jpg,kyiv,50.401645,30.649961,0,2019-06,streetview
data/images/kyiv/50.401645_30.649961_h90.jpg,kyiv,50.401645,30.649961,90,2019-06,streetview
data/images/kyiv/50.401645_30.649961_h180.jpg,kyiv,50.401645,30.649961,180,2019-06,streetview
data/images/kyiv/50.401645_30.649961_h270.jpg,kyiv,50.401645,30.649961,270,2019-06,streetview
data/images/kyiv/50.423205_30.382817_h0.jpg,kyiv,50.423205,30.382817,0,2026-04,streetview
data/images/kyiv/50.423205_30.382817_h90.jpg,kyiv,50.423205,30.382817,90,2026-04,streetview
data/images/kyiv/50.423205_30.382817_h180.jpg,kyiv,50.423205,30.382817,180,2026-04,streetview
data/images/kyiv/50.423205_30.382817_h270.jpg,kyiv,50.423205,30.382817,270,2026-04,streetview
data/images/kyiv/50.581667_30.483462_h0.jpg,kyiv,50.581667,30.483462,0,2020-07,streetview
data/images/kyiv/50.581667_30.483462_h90.jpg,kyiv,50.581667,30.483462,90,2020-07,streetview
data/images/kyiv/50.581667_30.483462_h180.jpg,kyiv,50.581667,30.483462,180,2020-07,streetview
data/images/kyiv/50.581667_30.483462_h270.jpg,kyiv,50.581667,30.483462,270,2020-07,streetview
data/images/warsaw/52.256055_21.041573_h0.jpg,warsaw,52.256055,21.041573,0,2024-08,streetview
data/images/warsaw/52.256055_21.041573_h90.jpg,warsaw,52.256055,21.041573,90,2024-08,streetview
data/images/warsaw/52.256055_21.041573_h180.jpg,warsaw,52.256055,21.041573,180,2024-08,streetview
data/images/warsaw/52.256055_21.041573_h270.jpg,warsaw,52.256055,21.041573,270,2024-08,streetview
data/images/warsaw/52.223715_21.067902_h0.jpg,warsaw,52.223715,21.067902,0,2024-08,streetview
data/images/warsaw/52.223715_21.067902_h90.jpg,warsaw,52.223715,21.067902,90,2024-08,streetview
data/images/warsaw/52.223715_21.067902_h180.jpg,warsaw,52.223715,21.067902,180,2024-08,streetview
data/images/warsaw/52.223715_21.067902_h270.jpg,warsaw,52.223715,21.067902,270,2024-08,streetview
data/images/warsaw/52.251743_20.988738_h0.jpg,warsaw,52.251743,20.988738,0,2024-08,streetview
data/images/warsaw/52.251743_20.988738_h90.jpg,warsaw,52.251743,20.988738,90,2024-08,streetview
data/images/warsaw/52.251743_20.988738_h180.jpg,warsaw,52.251743,20.988738,180,2024-08,streetview
data/images/warsaw/52.251743_20.988738_h270.jpg,warsaw,52.251743,20.988738,270,2024-08,streetview
data/images/warsaw/52.280848_21.013432_h0.jpg,warsaw,52.280848,21.013432,0,2024-08,streetview
data/images/warsaw/52.280848_21.013432_h90.jpg,warsaw,52.280848,21.013432,90,2024-08,streetview
data/images/warsaw/52.280848_21.013432_h180.jpg,warsaw,52.280848,21.013432,180,2024-08,streetview
data/images/warsaw/52.280848_21.013432_h270.jpg,warsaw,52.280848,21.013432,270,2024-08,streetview
data/images/warsaw/52.273302_20.986996_h0.jpg,warsaw,52.273302,20.986996,0,2023-04,streetview
data/images/warsaw/52.273302_20.986996_h90.jpg,warsaw,52.273302,20.986996,90,2023-04,streetview
data/images/warsaw/52.273302_20.986996_h180.jpg,warsaw,52.273302,20.986996,180,2023-04,streetview
data/images/warsaw/52.273302_20.986996_h270.jpg,warsaw,52.273302,20.986996,270,2023-04,streetview
data/images/warsaw/52.272224_20.99228_h0.jpg,warsaw,52.272224,20.99228,0,2022-10,streetview
data/images/warsaw/52.272224_20.99228_h90.jpg,warsaw,52.272224,20.99228,90,2022-10,streetview
data/images/warsaw/52.272224_20.99228_h180.jpg,warsaw,52.272224,20.99228,180,2022-10,streetview
data/images/warsaw/52.272224_20.99228_h270.jpg,warsaw,52.272224,20.99228,270,2022-10,streetview
data/images/warsaw/52.224793_21.046787_h0.jpg,warsaw,52.224793,21.046787,0,2023-01,streetview
data/images/warsaw/52.224793_21.046787_h90.jpg,warsaw,52.224793,21.046787,90,2023-01,streetview
data/images/warsaw/52.224793_21.046787_h180.jpg,warsaw,52.224793,21.046787,180,2023-01,streetview
data/images/warsaw/52.224793_21.046787_h270.jpg,warsaw,52.224793,21.046787,270,2023-01,streetview
data/images/warsaw/52.234495_20.992244_h0.jpg,warsaw,52.234495,20.992244,0,2021-07,streetview
data/images/warsaw/52.234495_20.992244_h90.jpg,warsaw,52.234495,20.992244,90,2021-07,streetview
data/images/warsaw/52.234495_20.992244_h180.jpg,warsaw,52.234495,20.992244,180,2021-07,streetview
data/images/warsaw/52.234495_20.992244_h270.jpg,warsaw,52.234495,20.992244,270,2021-07,streetview
data/images/warsaw/52.257133_20.98346_h0.jpg,warsaw,52.257133,20.98346,0,2024-11,streetview
data/images/warsaw/52.257133_20.98346_h90.jpg,warsaw,52.257133,20.98346,90,2024-11,streetview
data/images/warsaw/52.257133_20.98346_h180.jpg,warsaw,52.257133,20.98346,180,2024-11,streetview
data/images/warsaw/52.257133_20.98346_h270.jpg,warsaw,52.257133,20.98346,270,2024-11,streetview
data/images/warsaw/52.256055_21.031006_h0.jpg,warsaw,52.256055,21.031006,0,2020-10,streetview
data/images/warsaw/52.256055_21.031006_h90.jpg,warsaw,52.256055,21.031006,90,2020-10,streetview
data/images/warsaw/52.256055_21.031006_h180.jpg,warsaw,52.256055,21.031006,180,2020-10,streetview
data/images/warsaw/52.256055_21.031006_h270.jpg,warsaw,52.256055,21.031006,270,2020-10,streetview
data/images/warsaw/52.28516_21.006389_h0.jpg,warsaw,52.28516,21.006389,0,2025-09,streetview
data/images/warsaw/52.28516_21.006389_h90.jpg,warsaw,52.28516,21.006389,90,2025-09,streetview
data/images/warsaw/52.28516_21.006389_h180.jpg,warsaw,52.28516,21.006389,180,2025-09,streetview
data/images/warsaw/52.28516_21.006389_h270.jpg,warsaw,52.28516,21.006389,270,2025-09,streetview
data/images/warsaw/52.242041_20.995772_h0.jpg,warsaw,52.242041,20.995772,0,2022-06,streetview
data/images/warsaw/52.242041_20.995772_h90.jpg,warsaw,52.242041,20.995772,90,2022-06,streetview
data/images/warsaw/52.242041_20.995772_h180.jpg,warsaw,52.242041,20.995772,180,2022-06,streetview
data/images/warsaw/52.242041_20.995772_h270.jpg,warsaw,52.242041,20.995772,270,2022-06,streetview
data/images/warsaw/52.203234_21.066088_h0.jpg,warsaw,52.203234,21.066088,0,2022-07,streetview
data/images/warsaw/52.203234_21.066088_h90.jpg,warsaw,52.203234,21.066088,90,2022-07,streetview
data/images/warsaw/52.203234_21.066088_h180.jpg,warsaw,52.203234,21.066088,180,2022-07,streetview
data/images/warsaw/52.203234_21.066088_h270.jpg,warsaw,52.203234,21.066088,270,2022-07,streetview
data/images/warsaw/52.284082_20.972908_h0.jpg,warsaw,52.284082,20.972908,0,2021-03,streetview
data/images/warsaw/52.284082_20.972908_h90.jpg,warsaw,52.284082,20.972908,90,2021-03,streetview
data/images/warsaw/52.284082_20.972908_h180.jpg,warsaw,52.284082,20.972908,180,2021-03,streetview
data/images/warsaw/52.284082_20.972908_h270.jpg,warsaw,52.284082,20.972908,270,2021-03,streetview
data/images/warsaw/52.238807_20.995768_h0.jpg,warsaw,52.238807,20.995768,0,2024-08,streetview
data/images/warsaw/52.238807_20.995768_h90.jpg,warsaw,52.238807,20.995768,90,2024-08,streetview
data/images/warsaw/52.238807_20.995768_h180.jpg,warsaw,52.238807,20.995768,180,2024-08,streetview
data/images/warsaw/52.238807_20.995768_h270.jpg,warsaw,52.238807,20.995768,270,2024-08,streetview
data/images/warsaw/52.220481_21.002788_h0.jpg,warsaw,52.220481,21.002788,0,2024-08,streetview
data/images/warsaw/52.220481_21.002788_h90.jpg,warsaw,52.220481,21.002788,90,2024-08,streetview
data/images/warsaw/52.220481_21.002788_h180.jpg,warsaw,52.220481,21.002788,180,2024-08,streetview
data/images/warsaw/52.220481_21.002788_h270.jpg,warsaw,52.220481,21.002788,270,2024-08,streetview
data/images/warsaw/52.204312_21.044984_h0.jpg,warsaw,52.204312,21.044984,0,2024-08,streetview
data/images/warsaw/52.204312_21.044984_h90.jpg,warsaw,52.204312,21.044984,90,2024-08,streetview
data/images/warsaw/52.204312_21.044984_h180.jpg,warsaw,52.204312,21.044984,180,2024-08,streetview
data/images/warsaw/52.204312_21.044984_h270.jpg,warsaw,52.204312,21.044984,270,2024-08,streetview
data/images/warsaw/52.224793_21.008072_h0.jpg,warsaw,52.224793,21.008072,0,2022-04,streetview
data/images/warsaw/52.224793_21.008072_h90.jpg,warsaw,52.224793,21.008072,90,2022-04,streetview
data/images/warsaw/52.224793_21.008072_h180.jpg,warsaw,52.224793,21.008072,180,2022-04,streetview
data/images/warsaw/52.224793_21.008072_h270.jpg,warsaw,52.224793,21.008072,270,2022-04,streetview
data/images/warsaw/52.207546_21.074895_h0.jpg,warsaw,52.207546,21.074895,0,2024-08,streetview
data/images/warsaw/52.207546_21.074895_h90.jpg,warsaw,52.207546,21.074895,90,2024-08,streetview
data/images/warsaw/52.207546_21.074895_h180.jpg,warsaw,52.207546,21.074895,180,2024-08,streetview
data/images/warsaw/52.207546_21.074895_h270.jpg,warsaw,52.207546,21.074895,270,2024-08,streetview
data/images/warsaw/52.252821_20.983457_h0.jpg,warsaw,52.252821,20.983457,0,2019-09,streetview
data/images/warsaw/52.252821_20.983457_h90.jpg,warsaw,52.252821,20.983457,90,2019-09,streetview
data/images/warsaw/52.252821_20.983457_h180.jpg,warsaw,52.252821,20.983457,180,2019-09,streetview
data/images/warsaw/52.252821_20.983457_h270.jpg,warsaw,52.252821,20.983457,270,2019-09,streetview
data/images/warsaw/52.261444_20.953522_h0.jpg,warsaw,52.261444,20.953522,0,2022-11,streetview
data/images/warsaw/52.261444_20.953522_h90.jpg,warsaw,52.261444,20.953522,90,2022-11,streetview
data/images/warsaw/52.261444_20.953522_h180.jpg,warsaw,52.261444,20.953522,180,2022-11,streetview
data/images/warsaw/52.261444_20.953522_h270.jpg,warsaw,52.261444,20.953522,270,2022-11,streetview
data/images/warsaw/52.234495_20.985203_h0.jpg,warsaw,52.234495,20.985203,0,2024-07,streetview
data/images/warsaw/52.234495_20.985203_h90.jpg,warsaw,52.234495,20.985203,90,2024-07,streetview
data/images/warsaw/52.234495_20.985203_h180.jpg,warsaw,52.234495,20.985203,180,2024-07,streetview
data/images/warsaw/52.234495_20.985203_h270.jpg,warsaw,52.234495,20.985203,270,2024-07,streetview
data/images/warsaw/52.250665_21.029236_h0.jpg,warsaw,52.250665,21.029236,0,2022-05,streetview
data/images/warsaw/52.250665_21.029236_h90.jpg,warsaw,52.250665,21.029236,90,2022-05,streetview
data/images/warsaw/52.250665_21.029236_h180.jpg,warsaw,52.250665,21.029236,180,2022-05,streetview
data/images/warsaw/52.250665_21.029236_h270.jpg,warsaw,52.250665,21.029236,270,2022-05,streetview
data/images/warsaw/52.235573_21.013367_h0.jpg,warsaw,52.235573,21.013367,0,2022-06,streetview
data/images/warsaw/52.235573_21.013367_h90.jpg,warsaw,52.235573,21.013367,90,2022-06,streetview
data/images/warsaw/52.235573_21.013367_h180.jpg,warsaw,52.235573,21.013367,180,2022-06,streetview
data/images/warsaw/52.235573_21.013367_h270.jpg,warsaw,52.235573,21.013367,270,2022-06,streetview
data/images/warsaw/52.260367_20.972895_h0.jpg,warsaw,52.260367,20.972895,0,2023-05,streetview
data/images/warsaw/52.260367_20.972895_h90.jpg,warsaw,52.260367,20.972895,90,2023-05,streetview
data/images/warsaw/52.260367_20.972895_h180.jpg,warsaw,52.260367,20.972895,180,2023-05,streetview
data/images/warsaw/52.260367_20.972895_h270.jpg,warsaw,52.260367,20.972895,270,2023-05,streetview
data/images/warsaw/52.247431_20.958803_h0.jpg,warsaw,52.247431,20.958803,0,2024-08,streetview
data/images/warsaw/52.247431_20.958803_h90.jpg,warsaw,52.247431,20.958803,90,2024-08,streetview
data/images/warsaw/52.247431_20.958803_h180.jpg,warsaw,52.247431,20.958803,180,2024-08,streetview
data/images/warsaw/52.247431_20.958803_h270.jpg,warsaw,52.247431,20.958803,270,2024-08,streetview
data/images/warsaw/52.246353_20.985212_h0.jpg,warsaw,52.246353,20.985212,0,2024-08,streetview
data/images/warsaw/52.246353_20.985212_h90.jpg,warsaw,52.246353,20.985212,90,2024-08,streetview
data/images/warsaw/52.246353_20.985212_h180.jpg,warsaw,52.246353,20.985212,180,2024-08,streetview
data/images/warsaw/52.246353_20.985212_h270.jpg,warsaw,52.246353,20.985212,270,2024-08,streetview
data/images/warsaw/52.2_20.96407_h0.jpg,warsaw,52.2,20.96407,0,2024-07,streetview
data/images/warsaw/52.2_20.96407_h90.jpg,warsaw,52.2,20.96407,90,2024-07,streetview
data/images/warsaw/52.2_20.96407_h180.jpg,warsaw,52.2,20.96407,180,2024-07,streetview
data/images/warsaw/52.2_20.96407_h270.jpg,warsaw,52.2,20.96407,270,2024-07,streetview
data/images/warsaw/52.2636_21.060962_h0.jpg,warsaw,52.2636,21.060962,0,2019-08,streetview
data/images/warsaw/52.2636_21.060962_h90.jpg,warsaw,52.2636,21.060962,90,2019-08,streetview
data/images/warsaw/52.2636_21.060962_h180.jpg,warsaw,52.2636,21.060962,180,2019-08,streetview
data/images/warsaw/52.2636_21.060962_h270.jpg,warsaw,52.2636,21.060962,270,2019-08,streetview
data/images/warsaw/52.221559_20.958798_h0.jpg,warsaw,52.221559,20.958798,0,2025-09,streetview
data/images/warsaw/52.221559_20.958798_h90.jpg,warsaw,52.221559,20.958798,90,2025-09,streetview
data/images/warsaw/52.221559_20.958798_h180.jpg,warsaw,52.221559,20.958798,180,2025-09,streetview
data/images/warsaw/52.221559_20.958798_h270.jpg,warsaw,52.221559,20.958798,270,2025-09,streetview
data/images/warsaw/52.254977_20.983458_h0.jpg,warsaw,52.254977,20.983458,0,2024-08,streetview
data/images/warsaw/52.254977_20.983458_h90.jpg,warsaw,52.254977,20.983458,90,2024-08,streetview
data/images/warsaw/52.254977_20.983458_h180.jpg,warsaw,52.254977,20.983458,180,2024-08,streetview
data/images/warsaw/52.254977_20.983458_h270.jpg,warsaw,52.254977,20.983458,270,2024-08,streetview
data/images/warsaw/52.289472_21.027543_h0.jpg,warsaw,52.289472,21.027543,0,2024-08,streetview
data/images/warsaw/52.289472_21.027543_h90.jpg,warsaw,52.289472,21.027543,90,2024-08,streetview
data/images/warsaw/52.289472_21.027543_h180.jpg,warsaw,52.289472,21.027543,180,2024-08,streetview
data/images/warsaw/52.289472_21.027543_h270.jpg,warsaw,52.289472,21.027543,270,2024-08,streetview
data/images/warsaw/52.267912_21.076827_h0.jpg,warsaw,52.267912,21.076827,0,2022-05,streetview
data/images/warsaw/52.267912_21.076827_h90.jpg,warsaw,52.267912,21.076827,90,2022-05,streetview
data/images/warsaw/52.267912_21.076827_h180.jpg,warsaw,52.267912,21.076827,180,2022-05,streetview
data/images/warsaw/52.267912_21.076827_h270.jpg,warsaw,52.267912,21.076827,270,2022-05,streetview
data/images/warsaw/52.262522_21.059199_h0.jpg,warsaw,52.262522,21.059199,0,2024-08,streetview
data/images/warsaw/52.262522_21.059199_h90.jpg,warsaw,52.262522,21.059199,90,2024-08,streetview
data/images/warsaw/52.262522_21.059199_h180.jpg,warsaw,52.262522,21.059199,180,2024-08,streetview
data/images/warsaw/52.262522_21.059199_h270.jpg,warsaw,52.262522,21.059199,270,2024-08,streetview
data/images/warsaw/52.217248_21.001025_h0.jpg,warsaw,52.217248,21.001025,0,2024-07,streetview
data/images/warsaw/52.217248_21.001025_h90.jpg,warsaw,52.217248,21.001025,90,2024-07,streetview
data/images/warsaw/52.217248_21.001025_h180.jpg,warsaw,52.217248,21.001025,180,2024-07,streetview
data/images/warsaw/52.217248_21.001025_h270.jpg,warsaw,52.217248,21.001025,270,2024-07,streetview
data/images/warsaw/52.276536_20.967618_h0.jpg,warsaw,52.276536,20.967618,0,2024-08,streetview
data/images/warsaw/52.276536_20.967618_h90.jpg,warsaw,52.276536,20.967618,90,2024-08,streetview
data/images/warsaw/52.276536_20.967618_h180.jpg,warsaw,52.276536,20.967618,180,2024-08,streetview
data/images/warsaw/52.276536_20.967618_h270.jpg,warsaw,52.276536,20.967618,270,2024-08,streetview
data/images/warsaw/52.26899_21.020461_h0.jpg,warsaw,52.26899,21.020461,0,2018-11,streetview
data/images/warsaw/52.26899_21.020461_h90.jpg,warsaw,52.26899,21.020461,90,2018-11,streetview
data/images/warsaw/52.26899_21.020461_h180.jpg,warsaw,52.26899,21.020461,180,2018-11,streetview
data/images/warsaw/52.26899_21.020461_h270.jpg,warsaw,52.26899,21.020461,270,2018-11,streetview
data/images/warsaw/52.270068_21.07331_h0.jpg,warsaw,52.270068,21.07331,0,2024-08,streetview
data/images/warsaw/52.270068_21.07331_h90.jpg,warsaw,52.270068,21.07331,90,2024-08,streetview
data/images/warsaw/52.270068_21.07331_h180.jpg,warsaw,52.270068,21.07331,180,2024-08,streetview
data/images/warsaw/52.270068_21.07331_h270.jpg,warsaw,52.270068,21.07331,270,2024-08,streetview
data/images/warsaw/52.209702_21.069624_h0.jpg,warsaw,52.209702,21.069624,0,2019-09,streetview
data/images/warsaw/52.209702_21.069624_h90.jpg,warsaw,52.209702,21.069624,90,2019-09,streetview
data/images/warsaw/52.209702_21.069624_h180.jpg,warsaw,52.209702,21.069624,180,2019-09,streetview
data/images/warsaw/52.209702_21.069624_h270.jpg,warsaw,52.209702,21.069624,270,2019-09,streetview
data/images/warsaw/52.283004_21.046914_h0.jpg,warsaw,52.283004,21.046914,0,2024-08,streetview
data/images/warsaw/52.283004_21.046914_h90.jpg,warsaw,52.283004,21.046914,90,2024-08,streetview
data/images/warsaw/52.283004_21.046914_h180.jpg,warsaw,52.283004,21.046914,180,2024-08,streetview
data/images/warsaw/52.283004_21.046914_h270.jpg,warsaw,52.283004,21.046914,270,2024-08,streetview
data/images/warsaw/52.211858_20.951759_h0.jpg,warsaw,52.211858,20.951759,0,2021-10,streetview
data/images/warsaw/52.211858_20.951759_h90.jpg,warsaw,52.211858,20.951759,90,2021-10,streetview
data/images/warsaw/52.211858_20.951759_h180.jpg,warsaw,52.211858,20.951759,180,2021-10,streetview
data/images/warsaw/52.211858_20.951759_h270.jpg,warsaw,52.211858,20.951759,270,2021-10,streetview
data/images/warsaw/52.223715_20.964078_h0.jpg,warsaw,52.223715,20.964078,0,2024-08,streetview
data/images/warsaw/52.223715_20.964078_h90.jpg,warsaw,52.223715,20.964078,90,2024-08,streetview
data/images/warsaw/52.223715_20.964078_h180.jpg,warsaw,52.223715,20.964078,180,2024-08,streetview
data/images/warsaw/52.223715_20.964078_h270.jpg,warsaw,52.223715,20.964078,270,2024-08,streetview
data/images/warsaw/52.286238_21.022251_h0.jpg,warsaw,52.286238,21.022251,0,2024-08,streetview
data/images/warsaw/52.286238_21.022251_h90.jpg,warsaw,52.286238,21.022251,90,2024-08,streetview
data/images/warsaw/52.286238_21.022251_h180.jpg,warsaw,52.286238,21.022251,180,2024-08,streetview
data/images/warsaw/52.286238_21.022251_h270.jpg,warsaw,52.286238,21.022251,270,2024-08,streetview
data/images/warsaw/52.224793_21.002793_h0.jpg,warsaw,52.224793,21.002793,0,2022-07,streetview
data/images/warsaw/52.224793_21.002793_h90.jpg,warsaw,52.224793,21.002793,90,2022-07,streetview
data/images/warsaw/52.224793_21.002793_h180.jpg,warsaw,52.224793,21.002793,180,2022-07,streetview
data/images/warsaw/52.224793_21.002793_h270.jpg,warsaw,52.224793,21.002793,270,2022-07,streetview
data/images/warsaw/52.259289_21.002834_h0.jpg,warsaw,52.259289,21.002834,0,2024-08,streetview
data/images/warsaw/52.259289_21.002834_h90.jpg,warsaw,52.259289,21.002834,90,2024-08,streetview
data/images/warsaw/52.259289_21.002834_h180.jpg,warsaw,52.259289,21.002834,180,2024-08,streetview
data/images/warsaw/52.259289_21.002834_h270.jpg,warsaw,52.259289,21.002834,270,2024-08,streetview
data/images/warsaw/52.283004_21.061011_h0.jpg,warsaw,52.283004,21.061011,0,2018-08,streetview
data/images/warsaw/52.283004_21.061011_h90.jpg,warsaw,52.283004,21.061011,90,2018-08,streetview
data/images/warsaw/52.283004_21.061011_h180.jpg,warsaw,52.283004,21.061011,180,2018-08,streetview
data/images/warsaw/52.283004_21.061011_h270.jpg,warsaw,52.283004,21.061011,270,2018-08,streetview
data/images/warsaw/52.271146_21.05922_h0.jpg,warsaw,52.271146,21.05922,0,2022-05,streetview
data/images/warsaw/52.271146_21.05922_h90.jpg,warsaw,52.271146,21.05922,90,2022-05,streetview
data/images/warsaw/52.271146_21.05922_h180.jpg,warsaw,52.271146,21.05922,180,2022-05,streetview
data/images/warsaw/52.271146_21.05922_h270.jpg,warsaw,52.271146,21.05922,270,2022-05,streetview
data/images/warsaw/52.207546_21.022123_h0.jpg,warsaw,52.207546,21.022123,0,2024-09,streetview
data/images/warsaw/52.207546_21.022123_h90.jpg,warsaw,52.207546,21.022123,90,2024-09,streetview
data/images/warsaw/52.207546_21.022123_h180.jpg,warsaw,52.207546,21.022123,180,2024-09,streetview
data/images/warsaw/52.207546_21.022123_h270.jpg,warsaw,52.207546,21.022123,270,2024-09,streetview
data/images/warsaw/52.281926_21.05396_h0.jpg,warsaw,52.281926,21.05396,0,2022-05,streetview
data/images/warsaw/52.281926_21.05396_h90.jpg,warsaw,52.281926,21.05396,90,2022-05,streetview
data/images/warsaw/52.281926_21.05396_h180.jpg,warsaw,52.281926,21.05396,180,2022-05,streetview
data/images/warsaw/52.281926_21.05396_h270.jpg,warsaw,52.281926,21.05396,270,2022-05,streetview
data/images/warsaw/52.208624_20.955277_h0.jpg,warsaw,52.208624,20.955277,0,2024-07,streetview
data/images/warsaw/52.208624_20.955277_h90.jpg,warsaw,52.208624,20.955277,90,2024-07,streetview
data/images/warsaw/52.208624_20.955277_h180.jpg,warsaw,52.208624,20.955277,180,2024-07,streetview
data/images/warsaw/52.208624_20.955277_h270.jpg,warsaw,52.208624,20.955277,270,2024-07,streetview
data/images/warsaw/52.237729_21.001048_h0.jpg,warsaw,52.237729,21.001048,0,2020-10,streetview
data/images/warsaw/52.237729_21.001048_h90.jpg,warsaw,52.237729,21.001048,90,2020-10,streetview
data/images/warsaw/52.237729_21.001048_h180.jpg,warsaw,52.237729,21.001048,180,2020-10,streetview
data/images/warsaw/52.237729_21.001048_h270.jpg,warsaw,52.237729,21.001048,270,2020-10,streetview
data/images/warsaw/52.261444_21.023971_h0.jpg,warsaw,52.261444,21.023971,0,2024-08,streetview
data/images/warsaw/52.261444_21.023971_h90.jpg,warsaw,52.261444,21.023971,90,2024-08,streetview
data/images/warsaw/52.261444_21.023971_h180.jpg,warsaw,52.261444,21.023971,180,2024-08,streetview
data/images/warsaw/52.261444_21.023971_h270.jpg,warsaw,52.261444,21.023971,270,2024-08,streetview
data/images/warsaw/52.283004_20.95881_h0.jpg,warsaw,52.283004,20.95881,0,2023-12,streetview
data/images/warsaw/52.283004_20.95881_h90.jpg,warsaw,52.283004,20.95881,90,2023-12,streetview
data/images/warsaw/52.283004_20.95881_h180.jpg,warsaw,52.283004,20.95881,180,2023-12,streetview
data/images/warsaw/52.283004_20.95881_h270.jpg,warsaw,52.283004,20.95881,270,2023-12,streetview
data/images/warsaw/52.277614_20.972904_h0.jpg,warsaw,52.277614,20.972904,0,2021-09,streetview
data/images/warsaw/52.277614_20.972904_h90.jpg,warsaw,52.277614,20.972904,90,2021-09,streetview
data/images/warsaw/52.277614_20.972904_h180.jpg,warsaw,52.277614,20.972904,180,2021-09,streetview
data/images/warsaw/52.277614_20.972904_h270.jpg,warsaw,52.277614,20.972904,270,2021-09,streetview
data/images/warsaw/52.230183_21.016879_h0.jpg,warsaw,52.230183,21.016879,0,2021-01,streetview
data/images/warsaw/52.230183_21.016879_h90.jpg,warsaw,52.230183,21.016879,90,2021-01,streetview
data/images/warsaw/52.230183_21.016879_h180.jpg,warsaw,52.230183,21.016879,180,2021-01,streetview
data/images/warsaw/52.230183_21.016879_h270.jpg,warsaw,52.230183,21.016879,270,2021-01,streetview
data/images/warsaw/52.287316_21.07512_h0.jpg,warsaw,52.287316,21.07512,0,2024-08,streetview
data/images/warsaw/52.287316_21.07512_h90.jpg,warsaw,52.287316,21.07512,90,2024-08,streetview
data/images/warsaw/52.287316_21.07512_h180.jpg,warsaw,52.287316,21.07512,180,2024-08,streetview
data/images/warsaw/52.287316_21.07512_h270.jpg,warsaw,52.287316,21.07512,270,2024-08,streetview
data/images/warsaw/52.281926_21.068057_h0.jpg,warsaw,52.281926,21.068057,0,2022-05,streetview
data/images/warsaw/52.281926_21.068057_h90.jpg,warsaw,52.281926,21.068057,90,2022-05,streetview
data/images/warsaw/52.281926_21.068057_h180.jpg,warsaw,52.281926,21.068057,180,2022-05,streetview
data/images/warsaw/52.281926_21.068057_h270.jpg,warsaw,52.281926,21.068057,270,2022-05,streetview
data/images/warsaw/52.266834_20.98699_h0.jpg,warsaw,52.266834,20.98699,0,2022-10,streetview
data/images/warsaw/52.266834_20.98699_h90.jpg,warsaw,52.266834,20.98699,90,2022-10,streetview
data/images/warsaw/52.266834_20.98699_h180.jpg,warsaw,52.266834,20.98699,180,2022-10,streetview
data/images/warsaw/52.266834_20.98699_h270.jpg,warsaw,52.266834,20.98699,270,2022-10,streetview
data/images/warsaw/52.286238_21.027537_h0.jpg,warsaw,52.286238,21.027537,0,2021-06,streetview
data/images/warsaw/52.286238_21.027537_h90.jpg,warsaw,52.286238,21.027537,90,2021-06,streetview
data/images/warsaw/52.286238_21.027537_h180.jpg,warsaw,52.286238,21.027537,180,2021-06,streetview
data/images/warsaw/52.286238_21.027537_h270.jpg,warsaw,52.286238,21.027537,270,2021-06,streetview
data/images/warsaw/52.238807_21.030975_h0.jpg,warsaw,52.238807,21.030975,0,2024-08,streetview
data/images/warsaw/52.238807_21.030975_h90.jpg,warsaw,52.238807,21.030975,90,2024-08,streetview
data/images/warsaw/52.238807_21.030975_h180.jpg,warsaw,52.238807,21.030975,180,2024-08,streetview
data/images/warsaw/52.238807_21.030975_h270.jpg,warsaw,52.238807,21.030975,270,2024-08,streetview
data/images/warsaw/52.259289_20.95_h0.jpg,warsaw,52.259289,20.95,0,2025-10,streetview
data/images/warsaw/52.259289_20.95_h90.jpg,warsaw,52.259289,20.95,90,2025-10,streetview
data/images/warsaw/52.259289_20.95_h180.jpg,warsaw,52.259289,20.95,180,2025-10,streetview
data/images/warsaw/52.259289_20.95_h270.jpg,warsaw,52.259289,20.95,270,2025-10,streetview
data/images/warsaw/52.270068_21.053932_h0.jpg,warsaw,52.270068,21.053932,0,2022-05,streetview
data/images/warsaw/52.270068_21.053932_h90.jpg,warsaw,52.270068,21.053932,90,2022-05,streetview
data/images/warsaw/52.270068_21.053932_h180.jpg,warsaw,52.270068,21.053932,180,2022-05,streetview
data/images/warsaw/52.270068_21.053932_h270.jpg,warsaw,52.270068,21.053932,270,2022-05,streetview
data/images/warsaw/52.265756_20.972898_h0.jpg,warsaw,52.265756,20.972898,0,2018-07,streetview
data/images/warsaw/52.265756_20.972898_h90.jpg,warsaw,52.265756,20.972898,90,2018-07,streetview
data/images/warsaw/52.265756_20.972898_h180.jpg,warsaw,52.265756,20.972898,180,2018-07,streetview
data/images/warsaw/52.265756_20.972898_h270.jpg,warsaw,52.265756,20.972898,270,2018-07,streetview
data/images/warsaw/52.247431_21.011623_h0.jpg,warsaw,52.247431,21.011623,0,2024-08,streetview
data/images/warsaw/52.247431_21.011623_h90.jpg,warsaw,52.247431,21.011623,90,2024-08,streetview
data/images/warsaw/52.247431_21.011623_h180.jpg,warsaw,52.247431,21.011623,180,2024-08,streetview
data/images/warsaw/52.247431_21.011623_h270.jpg,warsaw,52.247431,21.011623,270,2024-08,streetview
data/images/warsaw/52.261444_21.046867_h0.jpg,warsaw,52.261444,21.046867,0,2025-04,streetview
data/images/warsaw/52.261444_21.046867_h90.jpg,warsaw,52.261444,21.046867,90,2025-04,streetview
data/images/warsaw/52.261444_21.046867_h180.jpg,warsaw,52.261444,21.046867,180,2025-04,streetview
data/images/warsaw/52.261444_21.046867_h270.jpg,warsaw,52.261444,21.046867,270,2025-04,streetview
data/images/warsaw/52.232339_21.053844_h0.jpg,warsaw,52.232339,21.053844,0,2024-08,streetview
data/images/warsaw/52.232339_21.053844_h90.jpg,warsaw,52.232339,21.053844,90,2024-08,streetview
data/images/warsaw/52.232339_21.053844_h180.jpg,warsaw,52.232339,21.053844,180,2024-08,streetview
data/images/warsaw/52.232339_21.053844_h270.jpg,warsaw,52.232339,21.053844,270,2024-08,streetview
data/images/warsaw/52.226949_20.995756_h0.jpg,warsaw,52.226949,20.995756,0,2025-10,streetview
data/images/warsaw/52.226949_20.995756_h90.jpg,warsaw,52.226949,20.995756,90,2025-10,streetview
data/images/warsaw/52.226949_20.995756_h180.jpg,warsaw,52.226949,20.995756,180,2025-10,streetview
data/images/warsaw/52.226949_20.995756_h270.jpg,warsaw,52.226949,20.995756,270,2025-10,streetview
data/images/warsaw/52.236651_20.999287_h0.jpg,warsaw,52.236651,20.999287,0,2024-08,streetview
data/images/warsaw/52.236651_20.999287_h90.jpg,warsaw,52.236651,20.999287,90,2024-08,streetview
data/images/warsaw/52.236651_20.999287_h180.jpg,warsaw,52.236651,20.999287,180,2024-08,streetview
data/images/warsaw/52.236651_20.999287_h270.jpg,warsaw,52.236651,20.999287,270,2024-08,streetview
data/images/warsaw/52.237729_21.029213_h0.jpg,warsaw,52.237729,21.029213,0,2024-08,streetview
data/images/warsaw/52.237729_21.029213_h90.jpg,warsaw,52.237729,21.029213,90,2024-08,streetview
data/images/warsaw/52.237729_21.029213_h180.jpg,warsaw,52.237729,21.029213,180,2024-08,streetview
data/images/warsaw/52.237729_21.029213_h270.jpg,warsaw,52.237729,21.029213,270,2024-08,streetview
data/images/warsaw/52.275458_20.957047_h0.jpg,warsaw,52.275458,20.957047,0,2022-11,streetview
data/images/warsaw/52.275458_20.957047_h90.jpg,warsaw,52.275458,20.957047,90,2022-11,streetview
data/images/warsaw/52.275458_20.957047_h180.jpg,warsaw,52.275458,20.957047,180,2022-11,streetview
data/images/warsaw/52.275458_20.957047_h270.jpg,warsaw,52.275458,20.957047,270,2022-11,streetview
data/images/warsaw/52.221559_21.078454_h0.jpg,warsaw,52.221559,21.078454,0,2025-10,streetview
data/images/warsaw/52.221559_21.078454_h90.jpg,warsaw,52.221559,21.078454,90,2025-10,streetview
data/images/warsaw/52.221559_21.078454_h180.jpg,warsaw,52.221559,21.078454,180,2025-10,streetview
data/images/warsaw/52.221559_21.078454_h270.jpg,warsaw,52.221559,21.078454,270,2025-10,streetview
data/images/warsaw/52.260367_21.02397_h0.jpg,warsaw,52.260367,21.02397,0,2020-10,streetview
data/images/warsaw/52.260367_21.02397_h90.jpg,warsaw,52.260367,21.02397,90,2020-10,streetview
data/images/warsaw/52.260367_21.02397_h180.jpg,warsaw,52.260367,21.02397,180,2020-10,streetview
data/images/warsaw/52.260367_21.02397_h270.jpg,warsaw,52.260367,21.02397,270,2020-10,streetview
data/images/warsaw/52.202156_21.013319_h0.jpg,warsaw,52.202156,21.013319,0,2022-07,streetview
data/images/warsaw/52.202156_21.013319_h90.jpg,warsaw,52.202156,21.013319,90,2022-07,streetview
data/images/warsaw/52.202156_21.013319_h180.jpg,warsaw,52.202156,21.013319,180,2022-07,streetview
data/images/warsaw/52.202156_21.013319_h270.jpg,warsaw,52.202156,21.013319,270,2022-07,streetview
data/images/warsaw/52.203234_20.953518_h0.jpg,warsaw,52.203234,20.953518,0,2022-07,streetview
data/images/warsaw/52.203234_20.953518_h90.jpg,warsaw,52.203234,20.953518,90,2022-07,streetview
data/images/warsaw/52.203234_20.953518_h180.jpg,warsaw,52.203234,20.953518,180,2022-07,streetview
data/images/warsaw/52.203234_20.953518_h270.jpg,warsaw,52.203234,20.953518,270,2022-07,streetview
data/images/warsaw/52.258211_21.060949_h0.jpg,warsaw,52.258211,21.060949,0,2022-05,streetview
data/images/warsaw/52.258211_21.060949_h90.jpg,warsaw,52.258211,21.060949,90,2022-05,streetview
data/images/warsaw/52.258211_21.060949_h180.jpg,warsaw,52.258211,21.060949,180,2022-05,streetview
data/images/warsaw/52.258211_21.060949_h270.jpg,warsaw,52.258211,21.060949,270,2022-05,streetview
data/images/warsaw/52.229105_21.059116_h0.jpg,warsaw,52.229105,21.059116,0,2022-06,streetview
data/images/warsaw/52.229105_21.059116_h90.jpg,warsaw,52.229105,21.059116,90,2022-06,streetview
data/images/warsaw/52.229105_21.059116_h180.jpg,warsaw,52.229105,21.059116,180,2022-06,streetview
data/images/warsaw/52.229105_21.059116_h270.jpg,warsaw,52.229105,21.059116,270,2022-06,streetview
data/images/warsaw/52.259289_21.045101_h0.jpg,warsaw,52.259289,21.045101,0,2024-08,streetview
data/images/warsaw/52.259289_21.045101_h90.jpg,warsaw,52.259289,21.045101,90,2024-08,streetview
data/images/warsaw/52.259289_21.045101_h180.jpg,warsaw,52.259289,21.045101,180,2024-08,streetview
data/images/warsaw/52.259289_21.045101_h270.jpg,warsaw,52.259289,21.045101,270,2024-08,streetview
data/images/warsaw/52.286238_20.976433_h0.jpg,warsaw,52.286238,20.976433,0,2019-07,streetview
data/images/warsaw/52.286238_20.976433_h90.jpg,warsaw,52.286238,20.976433,90,2019-07,streetview
data/images/warsaw/52.286238_20.976433_h180.jpg,warsaw,52.286238,20.976433,180,2019-07,streetview
data/images/warsaw/52.286238_20.976433_h270.jpg,warsaw,52.286238,20.976433,270,2019-07,streetview
data/images/warsaw/52.275458_20.96938_h0.jpg,warsaw,52.275458,20.96938,0,2023-04,streetview
data/images/warsaw/52.275458_20.96938_h90.jpg,warsaw,52.275458,20.96938,90,2023-04,streetview
data/images/warsaw/52.275458_20.96938_h180.jpg,warsaw,52.275458,20.96938,180,2023-04,streetview
data/images/warsaw/52.275458_20.96938_h270.jpg,warsaw,52.275458,20.96938,270,2023-04,streetview
data/images/warsaw/52.240963_20.979927_h0.jpg,warsaw,52.240963,20.979927,0,2019-06,streetview
data/images/warsaw/52.240963_20.979927_h90.jpg,warsaw,52.240963,20.979927,90,2019-06,streetview
data/images/warsaw/52.240963_20.979927_h180.jpg,warsaw,52.240963,20.979927,180,2019-06,streetview
data/images/warsaw/52.240963_20.979927_h270.jpg,warsaw,52.240963,20.979927,270,2019-06,streetview
data/images/warsaw/52.277614_20.994047_h0.jpg,warsaw,52.277614,20.994047,0,2026-04,streetview
data/images/warsaw/52.277614_20.994047_h90.jpg,warsaw,52.277614,20.994047,90,2026-04,streetview
data/images/warsaw/52.277614_20.994047_h180.jpg,warsaw,52.277614,20.994047,180,2026-04,streetview
data/images/warsaw/52.277614_20.994047_h270.jpg,warsaw,52.277614,20.994047,270,2026-04,streetview
data/images/warsaw/52.229105_20.9588_h0.jpg,warsaw,52.229105,20.9588,0,2024-08,streetview
data/images/warsaw/52.229105_20.9588_h90.jpg,warsaw,52.229105,20.9588,90,2024-08,streetview
data/images/warsaw/52.229105_20.9588_h180.jpg,warsaw,52.229105,20.9588,180,2024-08,streetview
data/images/warsaw/52.229105_20.9588_h270.jpg,warsaw,52.229105,20.9588,270,2024-08,streetview
data/images/warsaw/52.211858_21.016852_h0.jpg,warsaw,52.211858,21.016852,0,2018-06,streetview
data/images/warsaw/52.211858_21.016852_h90.jpg,warsaw,52.211858,21.016852,90,2018-06,streetview
data/images/warsaw/52.211858_21.016852_h180.jpg,warsaw,52.211858,21.016852,180,2018-06,streetview
data/images/warsaw/52.211858_21.016852_h270.jpg,warsaw,52.211858,21.016852,270,2018-06,streetview
data/images/warsaw/52.2_21.011558_h0.jpg,warsaw,52.2,21.011558,0,2025-10,streetview
data/images/warsaw/52.2_21.011558_h90.jpg,warsaw,52.2,21.011558,90,2025-10,streetview
data/images/warsaw/52.2_21.011558_h180.jpg,warsaw,52.2,21.011558,180,2025-10,streetview
data/images/warsaw/52.2_21.011558_h270.jpg,warsaw,52.2,21.011558,270,2025-10,streetview
data/images/warsaw/52.236651_20.972883_h0.jpg,warsaw,52.236651,20.972883,0,2022-06,streetview
data/images/warsaw/52.236651_20.972883_h90.jpg,warsaw,52.236651,20.972883,90,2022-06,streetview
data/images/warsaw/52.236651_20.972883_h180.jpg,warsaw,52.236651,20.972883,180,2022-06,streetview
data/images/warsaw/52.236651_20.972883_h270.jpg,warsaw,52.236651,20.972883,270,2022-06,streetview
data/images/warsaw/52.207546_21.057304_h0.jpg,warsaw,52.207546,21.057304,0,2024-08,streetview
data/images/warsaw/52.207546_21.057304_h90.jpg,warsaw,52.207546,21.057304,90,2024-08,streetview
data/images/warsaw/52.207546_21.057304_h180.jpg,warsaw,52.207546,21.057304,180,2024-08,streetview
data/images/warsaw/52.207546_21.057304_h270.jpg,warsaw,52.207546,21.057304,270,2024-08,streetview
data/images/warsaw/52.219404_20.98871_h0.jpg,warsaw,52.219404,20.98871,0,2024-08,streetview
data/images/warsaw/52.219404_20.98871_h90.jpg,warsaw,52.219404,20.98871,90,2024-08,streetview
data/images/warsaw/52.219404_20.98871_h180.jpg,warsaw,52.219404,20.98871,180,2024-08,streetview
data/images/warsaw/52.219404_20.98871_h270.jpg,warsaw,52.219404,20.98871,270,2024-08,streetview
data/images/warsaw/52.202156_21.022114_h0.jpg,warsaw,52.202156,21.022114,0,2019-10,streetview
data/images/warsaw/52.202156_21.022114_h90.jpg,warsaw,52.202156,21.022114,90,2019-10,streetview
data/images/warsaw/52.202156_21.022114_h180.jpg,warsaw,52.202156,21.022114,180,2019-10,streetview
data/images/warsaw/52.202156_21.022114_h270.jpg,warsaw,52.202156,21.022114,270,2019-10,streetview
data/images/warsaw/52.277614_20.97819_h0.jpg,warsaw,52.277614,20.97819,0,2022-10,streetview
data/images/warsaw/52.277614_20.97819_h90.jpg,warsaw,52.277614,20.97819,90,2022-10,streetview
data/images/warsaw/52.277614_20.97819_h180.jpg,warsaw,52.277614,20.97819,180,2022-10,streetview
data/images/warsaw/52.277614_20.97819_h270.jpg,warsaw,52.277614,20.97819,270,2022-10,streetview
data/images/warsaw/52.267912_21.053927_h0.jpg,warsaw,52.267912,21.053927,0,2022-05,streetview
data/images/warsaw/52.267912_21.053927_h90.jpg,warsaw,52.267912,21.053927,90,2022-05,streetview
data/images/warsaw/52.267912_21.053927_h180.jpg,warsaw,52.267912,21.053927,180,2022-05,streetview
data/images/warsaw/52.267912_21.053927_h270.jpg,warsaw,52.267912,21.053927,270,2022-05,streetview
data/images/warsaw/52.206468_20.981663_h0.jpg,warsaw,52.206468,20.981663,0,2018-06,streetview
data/images/warsaw/52.206468_20.981663_h90.jpg,warsaw,52.206468,20.981663,90,2018-06,streetview
data/images/warsaw/52.206468_20.981663_h180.jpg,warsaw,52.206468,20.981663,180,2018-06,streetview
data/images/warsaw/52.206468_20.981663_h270.jpg,warsaw,52.206468,20.981663,270,2018-06,streetview
data/images/warsaw/52.258211_21.041577_h0.jpg,warsaw,52.258211,21.041577,0,2022-05,streetview
data/images/warsaw/52.258211_21.041577_h90.jpg,warsaw,52.258211,21.041577,90,2022-05,streetview
data/images/warsaw/52.258211_21.041577_h180.jpg,warsaw,52.258211,21.041577,180,2022-05,streetview
data/images/warsaw/52.258211_21.041577_h270.jpg,warsaw,52.258211,21.041577,270,2022-05,streetview
data/images/warsaw/52.259289_21.075041_h0.jpg,warsaw,52.259289,21.075041,0,2022-05,streetview
data/images/warsaw/52.259289_21.075041_h90.jpg,warsaw,52.259289,21.075041,90,2022-05,streetview
data/images/warsaw/52.259289_21.075041_h180.jpg,warsaw,52.259289,21.075041,180,2022-05,streetview
data/images/warsaw/52.259289_21.075041_h270.jpg,warsaw,52.259289,21.075041,270,2022-05,streetview
data/images/warsaw/52.245275_21.06972_h0.jpg,warsaw,52.245275,21.06972,0,2024-08,streetview
data/images/warsaw/52.245275_21.06972_h90.jpg,warsaw,52.245275,21.06972,90,2024-08,streetview
data/images/warsaw/52.245275_21.06972_h180.jpg,warsaw,52.245275,21.06972,180,2024-08,streetview
data/images/warsaw/52.245275_21.06972_h270.jpg,warsaw,52.245275,21.06972,270,2024-08,streetview
data/images/warsaw/52.258211_21.036294_h0.jpg,warsaw,52.258211,21.036294,0,2018-09,streetview
data/images/warsaw/52.258211_21.036294_h90.jpg,warsaw,52.258211,21.036294,90,2018-09,streetview
data/images/warsaw/52.258211_21.036294_h180.jpg,warsaw,52.258211,21.036294,180,2018-09,streetview
data/images/warsaw/52.258211_21.036294_h270.jpg,warsaw,52.258211,21.036294,270,2018-09,streetview
data/images/warsaw/52.256055_21.060944_h0.jpg,warsaw,52.256055,21.060944,0,2024-08,streetview
data/images/warsaw/52.256055_21.060944_h90.jpg,warsaw,52.256055,21.060944,90,2024-08,streetview
data/images/warsaw/52.256055_21.060944_h180.jpg,warsaw,52.256055,21.060944,180,2024-08,streetview
data/images/warsaw/52.256055_21.060944_h270.jpg,warsaw,52.256055,21.060944,270,2024-08,streetview
data/images/warsaw/52.247431_21.064443_h0.jpg,warsaw,52.247431,21.064443,0,2024-08,streetview
data/images/warsaw/52.247431_21.064443_h90.jpg,warsaw,52.247431,21.064443,90,2024-08,streetview
data/images/warsaw/52.247431_21.064443_h180.jpg,warsaw,52.247431,21.064443,180,2024-08,streetview
data/images/warsaw/52.247431_21.064443_h270.jpg,warsaw,52.247431,21.064443,270,2024-08,streetview
data/images/warsaw/52.209702_21.064346_h0.jpg,warsaw,52.209702,21.064346,0,2019-09,streetview
data/images/warsaw/52.209702_21.064346_h90.jpg,warsaw,52.209702,21.064346,90,2019-09,streetview
data/images/warsaw/52.209702_21.064346_h180.jpg,warsaw,52.209702,21.064346,180,2019-09,streetview
data/images/warsaw/52.209702_21.064346_h270.jpg,warsaw,52.209702,21.064346,270,2019-09,streetview
data/images/warsaw/52.261444_21.032778_h0.jpg,warsaw,52.261444,21.032778,0,2022-05,streetview
data/images/warsaw/52.261444_21.032778_h90.jpg,warsaw,52.261444,21.032778,90,2022-05,streetview
data/images/warsaw/52.261444_21.032778_h180.jpg,warsaw,52.261444,21.032778,180,2022-05,streetview
data/images/warsaw/52.261444_21.032778_h270.jpg,warsaw,52.261444,21.032778,270,2022-05,streetview
data/images/warsaw/52.2_21.00804_h0.jpg,warsaw,52.2,21.00804,0,2022-07,streetview
data/images/warsaw/52.2_21.00804_h90.jpg,warsaw,52.2,21.00804,90,2022-07,streetview
data/images/warsaw/52.2_21.00804_h180.jpg,warsaw,52.2,21.00804,180,2022-07,streetview
data/images/warsaw/52.2_21.00804_h270.jpg,warsaw,52.2,21.00804,270,2022-07,streetview
data/images/warsaw/52.219404_20.995748_h0.jpg,warsaw,52.219404,20.995748,0,2024-08,streetview
data/images/warsaw/52.219404_20.995748_h90.jpg,warsaw,52.219404,20.995748,90,2024-08,streetview
data/images/warsaw/52.219404_20.995748_h180.jpg,warsaw,52.219404,20.995748,180,2024-08,streetview
data/images/warsaw/52.219404_20.995748_h270.jpg,warsaw,52.219404,20.995748,270,2024-08,streetview
data/images/warsaw/52.235573_21.001046_h0.jpg,warsaw,52.235573,21.001046,0,2021-08,streetview
data/images/warsaw/52.235573_21.001046_h90.jpg,warsaw,52.235573,21.001046,90,2021-08,streetview
data/images/warsaw/52.235573_21.001046_h180.jpg,warsaw,52.235573,21.001046,180,2021-08,streetview
data/images/warsaw/52.235573_21.001046_h270.jpg,warsaw,52.235573,21.001046,270,2021-08,streetview
data/images/warsaw/52.243119_21.036264_h0.jpg,warsaw,52.243119,21.036264,0,2026-04,streetview
data/images/warsaw/52.243119_21.036264_h90.jpg,warsaw,52.243119,21.036264,90,2026-04,streetview
data/images/warsaw/52.243119_21.036264_h180.jpg,warsaw,52.243119,21.036264,180,2026-04,streetview
data/images/warsaw/52.243119_21.036264_h270.jpg,warsaw,52.243119,21.036264,270,2026-04,streetview
data/images/warsaw/52.252821_21.015153_h0.jpg,warsaw,52.252821,21.015153,0,2021-09,streetview
data/images/warsaw/52.252821_21.015153_h90.jpg,warsaw,52.252821,21.015153,90,2021-09,streetview
data/images/warsaw/52.252821_21.015153_h180.jpg,warsaw,52.252821,21.015153,180,2021-09,streetview
data/images/warsaw/52.252821_21.015153_h270.jpg,warsaw,52.252821,21.015153,270,2021-09,streetview
data/images/warsaw/52.237729_21.032733_h0.jpg,warsaw,52.237729,21.032733,0,2024-08,streetview
data/images/warsaw/52.237729_21.032733_h90.jpg,warsaw,52.237729,21.032733,90,2024-08,streetview
data/images/warsaw/52.237729_21.032733_h180.jpg,warsaw,52.237729,21.032733,180,2024-08,streetview
data/images/warsaw/52.237729_21.032733_h270.jpg,warsaw,52.237729,21.032733,270,2024-08,streetview
data/images/warsaw/52.261444_20.972896_h0.jpg,warsaw,52.261444,20.972896,0,2024-08,streetview
data/images/warsaw/52.261444_20.972896_h90.jpg,warsaw,52.261444,20.972896,90,2024-08,streetview
data/images/warsaw/52.261444_20.972896_h180.jpg,warsaw,52.261444,20.972896,180,2024-08,streetview
data/images/warsaw/52.261444_20.972896_h270.jpg,warsaw,52.261444,20.972896,270,2024-08,streetview
data/images/warsaw/52.220481_21.023903_h0.jpg,warsaw,52.220481,21.023903,0,2024-08,streetview
data/images/warsaw/52.220481_21.023903_h90.jpg,warsaw,52.220481,21.023903,90,2024-08,streetview
data/images/warsaw/52.220481_21.023903_h180.jpg,warsaw,52.220481,21.023903,180,2024-08,streetview
data/images/warsaw/52.220481_21.023903_h270.jpg,warsaw,52.220481,21.023903,270,2024-08,streetview
data/images/warsaw/52.240963_20.965844_h0.jpg,warsaw,52.240963,20.965844,0,2022-06,streetview
data/images/warsaw/52.240963_20.965844_h90.jpg,warsaw,52.240963,20.965844,90,2022-06,streetview
data/images/warsaw/52.240963_20.965844_h180.jpg,warsaw,52.240963,20.965844,180,2022-06,streetview
data/images/warsaw/52.240963_20.965844_h270.jpg,warsaw,52.240963,20.965844,270,2022-06,streetview
data/images/warsaw/52.261444_21.011643_h0.jpg,warsaw,52.261444,21.011643,0,2024-08,streetview
data/images/warsaw/52.261444_21.011643_h90.jpg,warsaw,52.261444,21.011643,90,2024-08,streetview
data/images/warsaw/52.261444_21.011643_h180.jpg,warsaw,52.261444,21.011643,180,2024-08,streetview
data/images/warsaw/52.261444_21.011643_h270.jpg,warsaw,52.261444,21.011643,270,2024-08,streetview
data/images/warsaw/52.224793_21.039748_h0.jpg,warsaw,52.224793,21.039748,0,2022-06,streetview
data/images/warsaw/52.224793_21.039748_h90.jpg,warsaw,52.224793,21.039748,90,2022-06,streetview
data/images/warsaw/52.224793_21.039748_h180.jpg,warsaw,52.224793,21.039748,180,2022-06,streetview
data/images/warsaw/52.224793_21.039748_h270.jpg,warsaw,52.224793,21.039748,270,2022-06,streetview
data/images/warsaw/52.239885_21.04682_h0.jpg,warsaw,52.239885,21.04682,0,2018-11,streetview
data/images/warsaw/52.239885_21.04682_h90.jpg,warsaw,52.239885,21.04682,90,2018-11,streetview
data/images/warsaw/52.239885_21.04682_h180.jpg,warsaw,52.239885,21.04682,180,2018-11,streetview
data/images/warsaw/52.239885_21.04682_h270.jpg,warsaw,52.239885,21.04682,270,2018-11,streetview
data/images/warsaw/52.203234_20.974625_h0.jpg,warsaw,52.203234,20.974625,0,2024-07,streetview
data/images/warsaw/52.203234_20.974625_h90.jpg,warsaw,52.203234,20.974625,90,2024-07,streetview
data/images/warsaw/52.203234_20.974625_h180.jpg,warsaw,52.203234,20.974625,180,2024-07,streetview
data/images/warsaw/52.203234_20.974625_h270.jpg,warsaw,52.203234,20.974625,270,2024-07,streetview
data/images/warsaw/52.26899_20.967615_h0.jpg,warsaw,52.26899,20.967615,0,2019-09,streetview
data/images/warsaw/52.26899_20.967615_h90.jpg,warsaw,52.26899,20.967615,90,2019-09,streetview
data/images/warsaw/52.26899_20.967615_h180.jpg,warsaw,52.26899,20.967615,180,2019-09,streetview
data/images/warsaw/52.26899_20.967615_h270.jpg,warsaw,52.26899,20.967615,270,2019-09,streetview
data/images/warsaw/52.236651_21.048573_h0.jpg,warsaw,52.236651,21.048573,0,2022-06,streetview
data/images/warsaw/52.236651_21.048573_h90.jpg,warsaw,52.236651,21.048573,90,2022-06,streetview
data/images/warsaw/52.236651_21.048573_h180.jpg,warsaw,52.236651,21.048573,180,2022-06,streetview
data/images/warsaw/52.236651_21.048573_h270.jpg,warsaw,52.236651,21.048573,270,2022-06,streetview
data/images/warsaw/52.203234_21.036187_h0.jpg,warsaw,52.203234,21.036187,0,2022-07,streetview
data/images/warsaw/52.203234_21.036187_h90.jpg,warsaw,52.203234,21.036187,90,2022-07,streetview
data/images/warsaw/52.203234_21.036187_h180.jpg,warsaw,52.203234,21.036187,180,2022-07,streetview
data/images/warsaw/52.203234_21.036187_h270.jpg,warsaw,52.203234,21.036187,270,2022-07,streetview
data/images/warsaw/52.226949_21.064391_h0.jpg,warsaw,52.226949,21.064391,0,2024-08,streetview
data/images/warsaw/52.226949_21.064391_h90.jpg,warsaw,52.226949,21.064391,90,2024-08,streetview
data/images/warsaw/52.226949_21.064391_h180.jpg,warsaw,52.226949,21.064391,180,2024-08,streetview
data/images/warsaw/52.226949_21.064391_h270.jpg,warsaw,52.226949,21.064391,270,2024-08,streetview
data/images/warsaw/52.2636_21.022214_h0.jpg,warsaw,52.2636,21.022214,0,2024-08,streetview
data/images/warsaw/52.2636_21.022214_h90.jpg,warsaw,52.2636,21.022214,90,2024-08,streetview
data/images/warsaw/52.2636_21.022214_h180.jpg,warsaw,52.2636,21.022214,180,2024-08,streetview
data/images/warsaw/52.2636_21.022214_h270.jpg,warsaw,52.2636,21.022214,270,2024-08,streetview
data/images/warsaw/52.249587_21.011626_h0.jpg,warsaw,52.249587,21.011626,0,2018-10,streetview
data/images/warsaw/52.249587_21.011626_h90.jpg,warsaw,52.249587,21.011626,90,2018-10,streetview
data/images/warsaw/52.249587_21.011626_h180.jpg,warsaw,52.249587,21.011626,180,2018-10,streetview
data/images/warsaw/52.249587_21.011626_h270.jpg,warsaw,52.249587,21.011626,270,2018-10,streetview
data/images/warsaw/52.230183_20.97464_h0.jpg,warsaw,52.230183,20.97464,0,2022-06,streetview
data/images/warsaw/52.230183_20.97464_h90.jpg,warsaw,52.230183,20.97464,90,2022-06,streetview
data/images/warsaw/52.230183_20.97464_h180.jpg,warsaw,52.230183,20.97464,180,2022-06,streetview
data/images/warsaw/52.230183_20.97464_h270.jpg,warsaw,52.230183,20.97464,270,2022-06,streetview
data/images/warsaw/52.237729_20.960562_h0.jpg,warsaw,52.237729,20.960562,0,2024-08,streetview
data/images/warsaw/52.237729_20.960562_h90.jpg,warsaw,52.237729,20.960562,90,2024-08,streetview
data/images/warsaw/52.237729_20.960562_h180.jpg,warsaw,52.237729,20.960562,180,2024-08,streetview
data/images/warsaw/52.237729_20.960562_h270.jpg,warsaw,52.237729,20.960562,270,2024-08,streetview
data/images/warsaw/52.225871_21.022152_h0.jpg,warsaw,52.225871,21.022152,0,2018-02,streetview
data/images/warsaw/52.225871_21.022152_h90.jpg,warsaw,52.225871,21.022152,90,2018-02,streetview
data/images/warsaw/52.225871_21.022152_h180.jpg,warsaw,52.225871,21.022152,180,2018-02,streetview
data/images/warsaw/52.225871_21.022152_h270.jpg,warsaw,52.225871,21.022152,270,2018-02,streetview
data/images/warsaw/52.212936_20.992223_h0.jpg,warsaw,52.212936,20.992223,0,2020-09,streetview
data/images/warsaw/52.212936_20.992223_h90.jpg,warsaw,52.212936,20.992223,90,2020-09,streetview
data/images/warsaw/52.212936_20.992223_h180.jpg,warsaw,52.212936,20.992223,180,2020-09,streetview
data/images/warsaw/52.212936_20.992223_h270.jpg,warsaw,52.212936,20.992223,270,2020-09,streetview
data/images/warsaw/52.221559_20.978154_h0.jpg,warsaw,52.221559,20.978154,0,2024-07,streetview
data/images/warsaw/52.221559_20.978154_h90.jpg,warsaw,52.221559,20.978154,90,2024-07,streetview
data/images/warsaw/52.221559_20.978154_h180.jpg,warsaw,52.221559,20.978154,180,2024-07,streetview
data/images/warsaw/52.221559_20.978154_h270.jpg,warsaw,52.221559,20.978154,270,2024-07,streetview
data/images/warsaw/52.230183_20.99048_h0.jpg,warsaw,52.230183,20.99048,0,2021-04,streetview
data/images/warsaw/52.230183_20.99048_h90.jpg,warsaw,52.230183,20.99048,90,2021-04,streetview
data/images/warsaw/52.230183_20.99048_h180.jpg,warsaw,52.230183,20.99048,180,2021-04,streetview
data/images/warsaw/52.230183_20.99048_h270.jpg,warsaw,52.230183,20.99048,270,2021-04,streetview
data/images/warsaw/52.220481_20.972875_h0.jpg,warsaw,52.220481,20.972875,0,2024-09,streetview
data/images/warsaw/52.220481_20.972875_h90.jpg,warsaw,52.220481,20.972875,90,2024-09,streetview
data/images/warsaw/52.220481_20.972875_h180.jpg,warsaw,52.220481,20.972875,180,2024-09,streetview
data/images/warsaw/52.220481_20.972875_h270.jpg,warsaw,52.220481,20.972875,270,2024-09,streetview
data/images/warsaw/52.2_20.95_h0.jpg,warsaw,52.2,20.95,0,2024-07,streetview
data/images/warsaw/52.2_20.95_h90.jpg,warsaw,52.2,20.95,90,2024-07,streetview
data/images/warsaw/52.2_20.95_h180.jpg,warsaw,52.2,20.95,180,2024-07,streetview
data/images/warsaw/52.2_20.95_h270.jpg,warsaw,52.2,20.95,270,2024-07,streetview
data/images/warsaw/52.251743_21.011629_h0.jpg,warsaw,52.251743,21.011629,0,2019-09,streetview
data/images/warsaw/52.251743_21.011629_h90.jpg,warsaw,52.251743,21.011629,90,2019-09,streetview
data/images/warsaw/52.251743_21.011629_h180.jpg,warsaw,52.251743,21.011629,180,2019-09,streetview
data/images/warsaw/52.251743_21.011629_h270.jpg,warsaw,52.251743,21.011629,270,2019-09,streetview
data/images/warsaw/52.248509_21.020428_h0.jpg,warsaw,52.248509,21.020428,0,2024-08,streetview
data/images/warsaw/52.248509_21.020428_h90.jpg,warsaw,52.248509,21.020428,90,2024-08,streetview
data/images/warsaw/52.248509_21.020428_h180.jpg,warsaw,52.248509,21.020428,180,2024-08,streetview
data/images/warsaw/52.248509_21.020428_h270.jpg,warsaw,52.248509,21.020428,270,2024-08,streetview
data/images/warsaw/52.211858_21.023889_h0.jpg,warsaw,52.211858,21.023889,0,2024-09,streetview
data/images/warsaw/52.211858_21.023889_h90.jpg,warsaw,52.211858,21.023889,90,2024-09,streetview
data/images/warsaw/52.211858_21.023889_h180.jpg,warsaw,52.211858,21.023889,180,2024-09,streetview
data/images/warsaw/52.211858_21.023889_h270.jpg,warsaw,52.211858,21.023889,270,2024-09,streetview
data/images/warsaw/52.250665_21.01691_h0.jpg,warsaw,52.250665,21.01691,0,2021-09,streetview
data/images/warsaw/52.250665_21.01691_h90.jpg,warsaw,52.250665,21.01691,90,2021-09,streetview
data/images/warsaw/52.250665_21.01691_h180.jpg,warsaw,52.250665,21.01691,180,2021-09,streetview
data/images/warsaw/52.250665_21.01691_h270.jpg,warsaw,52.250665,21.01691,270,2021-09,streetview
data/images/warsaw/52.235573_21.03977_h0.jpg,warsaw,52.235573,21.03977,0,2024-08,streetview
data/images/warsaw/52.235573_21.03977_h90.jpg,warsaw,52.235573,21.03977,90,2024-08,streetview
data/images/warsaw/52.235573_21.03977_h180.jpg,warsaw,52.235573,21.03977,180,2024-08,streetview
data/images/warsaw/52.235573_21.03977_h270.jpg,warsaw,52.235573,21.03977,270,2024-08,streetview
data/images/warsaw/52.257133_21.027486_h0.jpg,warsaw,52.257133,21.027486,0,2022-05,streetview
data/images/warsaw/52.257133_21.027486_h90.jpg,warsaw,52.257133,21.027486,90,2022-05,streetview
data/images/warsaw/52.257133_21.027486_h180.jpg,warsaw,52.257133,21.027486,180,2022-05,streetview
data/images/warsaw/52.257133_21.027486_h270.jpg,warsaw,52.257133,21.027486,270,2022-05,streetview
data/images/warsaw/52.2_21.002764_h0.jpg,warsaw,52.2,21.002764,0,2024-08,streetview
data/images/warsaw/52.2_21.002764_h90.jpg,warsaw,52.2,21.002764,90,2024-08,streetview
data/images/warsaw/52.2_21.002764_h180.jpg,warsaw,52.2,21.002764,180,2024-08,streetview
data/images/warsaw/52.2_21.002764_h270.jpg,warsaw,52.2,21.002764,270,2024-08,streetview
data/images/warsaw/52.276536_20.964095_h0.jpg,warsaw,52.276536,20.964095,0,2022-11,streetview
data/images/warsaw/52.276536_20.964095_h90.jpg,warsaw,52.276536,20.964095,90,2022-11,streetview
data/images/warsaw/52.276536_20.964095_h180.jpg,warsaw,52.276536,20.964095,180,2022-11,streetview
data/images/warsaw/52.276536_20.964095_h270.jpg,warsaw,52.276536,20.964095,270,2022-11,streetview
data/images/warsaw/52.286238_21.006391_h0.jpg,warsaw,52.286238,21.006391,0,2025-09,streetview
data/images/warsaw/52.286238_21.006391_h90.jpg,warsaw,52.286238,21.006391,90,2025-09,streetview
data/images/warsaw/52.286238_21.006391_h180.jpg,warsaw,52.286238,21.006391,180,2025-09,streetview
data/images/warsaw/52.286238_21.006391_h270.jpg,warsaw,52.286238,21.006391,270,2025-09,streetview
data/images/warsaw/52.217248_20.985189_h0.jpg,warsaw,52.217248,20.985189,0,2024-07,streetview
data/images/warsaw/52.217248_20.985189_h90.jpg,warsaw,52.217248,20.985189,90,2024-07,streetview
data/images/warsaw/52.217248_20.985189_h180.jpg,warsaw,52.217248,20.985189,180,2024-07,streetview
data/images/warsaw/52.217248_20.985189_h270.jpg,warsaw,52.217248,20.985189,270,2024-07,streetview
data/images/warsaw/52.278692_21.055715_h0.jpg,warsaw,52.278692,21.055715,0,2024-08,streetview
data/images/warsaw/52.278692_21.055715_h90.jpg,warsaw,52.278692,21.055715,90,2024-08,streetview
data/images/warsaw/52.278692_21.055715_h180.jpg,warsaw,52.278692,21.055715,180,2024-08,streetview
data/images/warsaw/52.278692_21.055715_h270.jpg,warsaw,52.278692,21.055715,270,2024-08,streetview
data/images/warsaw/52.2_21.044975_h0.jpg,warsaw,52.2,21.044975,0,2022-07,streetview
data/images/warsaw/52.2_21.044975_h90.jpg,warsaw,52.2,21.044975,90,2022-07,streetview
data/images/warsaw/52.2_21.044975_h180.jpg,warsaw,52.2,21.044975,180,2022-07,streetview
data/images/warsaw/52.2_21.044975_h270.jpg,warsaw,52.2,21.044975,270,2022-07,streetview
data/images/warsaw/52.251743_21.030999_h0.jpg,warsaw,52.251743,21.030999,0,2018-05,streetview
data/images/warsaw/52.251743_21.030999_h90.jpg,warsaw,52.251743,21.030999,90,2018-05,streetview
data/images/warsaw/52.251743_21.030999_h180.jpg,warsaw,52.251743,21.030999,180,2018-05,streetview
data/images/warsaw/52.251743_21.030999_h270.jpg,warsaw,52.251743,21.030999,270,2018-05,streetview
data/images/warsaw/52.219404_20.993989_h0.jpg,warsaw,52.219404,20.993989,0,2024-08,streetview
data/images/warsaw/52.219404_20.993989_h90.jpg,warsaw,52.219404,20.993989,90,2024-08,streetview
data/images/warsaw/52.219404_20.993989_h180.jpg,warsaw,52.219404,20.993989,180,2024-08,streetview
data/images/warsaw/52.219404_20.993989_h270.jpg,warsaw,52.219404,20.993989,270,2024-08,streetview
data/images/warsaw/52.203234_21.044981_h0.jpg,warsaw,52.203234,21.044981,0,2024-08,streetview
data/images/warsaw/52.203234_21.044981_h90.jpg,warsaw,52.203234,21.044981,90,2024-08,streetview
data/images/warsaw/52.203234_21.044981_h180.jpg,warsaw,52.203234,21.044981,180,2024-08,streetview
data/images/warsaw/52.203234_21.044981_h270.jpg,warsaw,52.203234,21.044981,270,2024-08,streetview
data/images/warsaw/52.252821_21.066218_h0.jpg,warsaw,52.252821,21.066218,0,2022-05,streetview
data/images/warsaw/52.252821_21.066218_h90.jpg,warsaw,52.252821,21.066218,90,2022-05,streetview
data/images/warsaw/52.252821_21.066218_h180.jpg,warsaw,52.252821,21.066218,180,2022-05,streetview
data/images/warsaw/52.252821_21.066218_h270.jpg,warsaw,52.252821,21.066218,270,2022-05,streetview
data/images/warsaw/52.245275_21.015142_h0.jpg,warsaw,52.245275,21.015142,0,2018-12,streetview
data/images/warsaw/52.245275_21.015142_h90.jpg,warsaw,52.245275,21.015142,90,2018-12,streetview
data/images/warsaw/52.245275_21.015142_h180.jpg,warsaw,52.245275,21.015142,180,2018-12,streetview
data/images/warsaw/52.245275_21.015142_h270.jpg,warsaw,52.245275,21.015142,270,2018-12,streetview
data/images/warsaw/52.215092_20.97991_h0.jpg,warsaw,52.215092,20.97991,0,2024-07,streetview
data/images/warsaw/52.215092_20.97991_h90.jpg,warsaw,52.215092,20.97991,90,2024-07,streetview
data/images/warsaw/52.215092_20.97991_h180.jpg,warsaw,52.215092,20.97991,180,2024-07,streetview
data/images/warsaw/52.215092_20.97991_h270.jpg,warsaw,52.215092,20.97991,270,2024-07,streetview
data/images/warsaw/52.267912_20.992276_h0.jpg,warsaw,52.267912,20.992276,0,2022-11,streetview
data/images/warsaw/52.267912_20.992276_h90.jpg,warsaw,52.267912,20.992276,90,2022-11,streetview
data/images/warsaw/52.267912_20.992276_h180.jpg,warsaw,52.267912,20.992276,180,2022-11,streetview
data/images/warsaw/52.267912_20.992276_h270.jpg,warsaw,52.267912,20.992276,270,2022-11,streetview
data/images/warsaw/52.273302_20.983472_h0.jpg,warsaw,52.273302,20.983472,0,2024-08,streetview
data/images/warsaw/52.273302_20.983472_h90.jpg,warsaw,52.273302,20.983472,90,2024-08,streetview
data/images/warsaw/52.273302_20.983472_h180.jpg,warsaw,52.273302,20.983472,180,2024-08,streetview
data/images/warsaw/52.273302_20.983472_h270.jpg,warsaw,52.273302,20.983472,270,2024-08,streetview
data/images/warsaw/52.219404_21.023901_h0.jpg,warsaw,52.219404,21.023901,0,2024-08,streetview
data/images/warsaw/52.219404_21.023901_h90.jpg,warsaw,52.219404,21.023901,90,2024-08,streetview
data/images/warsaw/52.219404_21.023901_h180.jpg,warsaw,52.219404,21.023901,180,2024-08,streetview
data/images/warsaw/52.219404_21.023901_h270.jpg,warsaw,52.219404,21.023901,270,2024-08,streetview
data/images/warsaw/52.272224_21.027513_h0.jpg,warsaw,52.272224,21.027513,0,2022-05,streetview
data/images/warsaw/52.272224_21.027513_h90.jpg,warsaw,52.272224,21.027513,90,2022-05,streetview
data/images/warsaw/52.272224_21.027513_h180.jpg,warsaw,52.272224,21.027513,180,2022-05,streetview
data/images/warsaw/52.272224_21.027513_h270.jpg,warsaw,52.272224,21.027513,270,2022-05,streetview
data/images/warsaw/52.212936_20.957037_h0.jpg,warsaw,52.212936,20.957037,0,2024-08,streetview
data/images/warsaw/52.212936_20.957037_h90.jpg,warsaw,52.212936,20.957037,90,2024-08,streetview
data/images/warsaw/52.212936_20.957037_h180.jpg,warsaw,52.212936,20.957037,180,2024-08,streetview
data/images/warsaw/52.212936_20.957037_h270.jpg,warsaw,52.212936,20.957037,270,2024-08,streetview
data/images/warsaw/52.286238_21.034586_h0.jpg,warsaw,52.286238,21.034586,0,2022-05,streetview
data/images/warsaw/52.286238_21.034586_h90.jpg,warsaw,52.286238,21.034586,90,2022-05,streetview
data/images/warsaw/52.286238_21.034586_h180.jpg,warsaw,52.286238,21.034586,180,2022-05,streetview
data/images/warsaw/52.286238_21.034586_h270.jpg,warsaw,52.286238,21.034586,270,2022-05,streetview
data/images/warsaw/52.271146_21.064505_h0.jpg,warsaw,52.271146,21.064505,0,2022-05,streetview
data/images/warsaw/52.271146_21.064505_h90.jpg,warsaw,52.271146,21.064505,90,2022-05,streetview
data/images/warsaw/52.271146_21.064505_h180.jpg,warsaw,52.271146,21.064505,180,2022-05,streetview
data/images/warsaw/52.271146_21.064505_h270.jpg,warsaw,52.271146,21.064505,270,2022-05,streetview
data/images/warsaw/52.226949_20.967599_h0.jpg,warsaw,52.226949,20.967599,0,2022-06,streetview
data/images/warsaw/52.226949_20.967599_h90.jpg,warsaw,52.226949,20.967599,90,2022-06,streetview
data/images/warsaw/52.226949_20.967599_h180.jpg,warsaw,52.226949,20.967599,180,2022-06,streetview
data/images/warsaw/52.226949_20.967599_h270.jpg,warsaw,52.226949,20.967599,270,2022-06,streetview
data/images/warsaw/52.211858_21.018611_h0.jpg,warsaw,52.211858,21.018611,0,2024-08,streetview
data/images/warsaw/52.211858_21.018611_h90.jpg,warsaw,52.211858,21.018611,90,2024-08,streetview
data/images/warsaw/52.211858_21.018611_h180.jpg,warsaw,52.211858,21.018611,180,2024-08,streetview
data/images/warsaw/52.211858_21.018611_h270.jpg,warsaw,52.211858,21.018611,270,2024-08,streetview
data/images/warsaw/52.220481_21.018624_h0.jpg,warsaw,52.220481,21.018624,0,2021-09,streetview
data/images/warsaw/52.220481_21.018624_h90.jpg,warsaw,52.220481,21.018624,90,2021-09,streetview
data/images/warsaw/52.220481_21.018624_h180.jpg,warsaw,52.220481,21.018624,180,2021-09,streetview
data/images/warsaw/52.220481_21.018624_h270.jpg,warsaw,52.220481,21.018624,270,2021-09,streetview
data/images/warsaw/52.236651_20.978164_h0.jpg,warsaw,52.236651,20.978164,0,2024-08,streetview
data/images/warsaw/52.236651_20.978164_h90.jpg,warsaw,52.236651,20.978164,90,2024-08,streetview
data/images/warsaw/52.236651_20.978164_h180.jpg,warsaw,52.236651,20.978164,180,2024-08,streetview
data/images/warsaw/52.236651_20.978164_h270.jpg,warsaw,52.236651,20.978164,270,2024-08,streetview
data/images/warsaw/52.21078_20.986944_h0.jpg,warsaw,52.21078,20.986944,0,2022-07,streetview
data/images/warsaw/52.21078_20.986944_h90.jpg,warsaw,52.21078,20.986944,90,2022-07,streetview
data/images/warsaw/52.21078_20.986944_h180.jpg,warsaw,52.21078,20.986944,180,2022-07,streetview
data/images/warsaw/52.21078_20.986944_h270.jpg,warsaw,52.21078,20.986944,270,2022-07,streetview
data/images/warsaw/52.242041_20.992251_h0.jpg,warsaw,52.242041,20.992251,0,2020-10,streetview
data/images/warsaw/52.242041_20.992251_h90.jpg,warsaw,52.242041,20.992251,90,2020-10,streetview
data/images/warsaw/52.242041_20.992251_h180.jpg,warsaw,52.242041,20.992251,180,2020-10,streetview
data/images/warsaw/52.242041_20.992251_h270.jpg,warsaw,52.242041,20.992251,270,2020-10,streetview
data/images/warsaw/52.264678_20.979943_h0.jpg,warsaw,52.264678,20.979943,0,2019-09,streetview
data/images/warsaw/52.264678_20.979943_h90.jpg,warsaw,52.264678,20.979943,90,2019-09,streetview
data/images/warsaw/52.264678_20.979943_h180.jpg,warsaw,52.264678,20.979943,180,2019-09,streetview
data/images/warsaw/52.264678_20.979943_h270.jpg,warsaw,52.264678,20.979943,270,2019-09,streetview
data/images/warsaw/52.228027_21.074953_h0.jpg,warsaw,52.228027,21.074953,0,2022-06,streetview
data/images/warsaw/52.228027_21.074953_h90.jpg,warsaw,52.228027,21.074953,90,2022-06,streetview
data/images/warsaw/52.228027_21.074953_h180.jpg,warsaw,52.228027,21.074953,180,2022-06,streetview
data/images/warsaw/52.228027_21.074953_h270.jpg,warsaw,52.228027,21.074953,270,2022-06,streetview
data/images/warsaw/52.203234_20.967589_h0.jpg,warsaw,52.203234,20.967589,0,2022-07,streetview
data/images/warsaw/52.203234_20.967589_h90.jpg,warsaw,52.203234,20.967589,90,2022-07,streetview
data/images/warsaw/52.203234_20.967589_h180.jpg,warsaw,52.203234,20.967589,180,2022-07,streetview
data/images/warsaw/52.203234_20.967589_h270.jpg,warsaw,52.203234,20.967589,270,2022-07,streetview
data/images/warsaw/52.235573_21.064413_h0.jpg,warsaw,52.235573,21.064413,0,2022-06,streetview
data/images/warsaw/52.235573_21.064413_h90.jpg,warsaw,52.235573,21.064413,90,2022-06,streetview
data/images/warsaw/52.235573_21.064413_h180.jpg,warsaw,52.235573,21.064413,180,2022-06,streetview
data/images/warsaw/52.235573_21.064413_h270.jpg,warsaw,52.235573,21.064413,270,2022-06,streetview
data/images/warsaw/52.208624_20.978146_h0.jpg,warsaw,52.208624,20.978146,0,2024-07,streetview
data/images/warsaw/52.208624_20.978146_h90.jpg,warsaw,52.208624,20.978146,90,2024-07,streetview
data/images/warsaw/52.208624_20.978146_h180.jpg,warsaw,52.208624,20.978146,180,2024-07,streetview
data/images/warsaw/52.208624_20.978146_h270.jpg,warsaw,52.208624,20.978146,270,2024-07,streetview
data/images/warsaw/52.247431_21.043315_h0.jpg,warsaw,52.247431,21.043315,0,2018-01,streetview
data/images/warsaw/52.247431_21.043315_h90.jpg,warsaw,52.247431,21.043315,90,2018-01,streetview
data/images/warsaw/52.247431_21.043315_h180.jpg,warsaw,52.247431,21.043315,180,2018-01,streetview
data/images/warsaw/52.247431_21.043315_h270.jpg,warsaw,52.247431,21.043315,270,2018-01,streetview
data/images/warsaw/52.287316_21.043399_h0.jpg,warsaw,52.287316,21.043399,0,2024-08,streetview
data/images/warsaw/52.287316_21.043399_h90.jpg,warsaw,52.287316,21.043399,90,2024-08,streetview
data/images/warsaw/52.287316_21.043399_h180.jpg,warsaw,52.287316,21.043399,180,2024-08,streetview
data/images/warsaw/52.287316_21.043399_h270.jpg,warsaw,52.287316,21.043399,270,2024-08,streetview
data/images/warsaw/52.273302_21.041608_h0.jpg,warsaw,52.273302,21.041608,0,2022-05,streetview
data/images/warsaw/52.273302_21.041608_h90.jpg,warsaw,52.273302,21.041608,90,2022-05,streetview
data/images/warsaw/52.273302_21.041608_h180.jpg,warsaw,52.273302,21.041608,180,2022-05,streetview
data/images/warsaw/52.273302_21.041608_h270.jpg,warsaw,52.273302,21.041608,270,2022-05,streetview
data/images/warsaw/52.267912_21.050404_h0.jpg,warsaw,52.267912,21.050404,0,2022-05,streetview
data/images/warsaw/52.267912_21.050404_h90.jpg,warsaw,52.267912,21.050404,90,2022-05,streetview
data/images/warsaw/52.267912_21.050404_h180.jpg,warsaw,52.267912,21.050404,180,2022-05,streetview
data/images/warsaw/52.267912_21.050404_h270.jpg,warsaw,52.267912,21.050404,270,2022-05,streetview
data/images/warsaw/52.2636_21.03102_h0.jpg,warsaw,52.2636,21.03102,0,2022-05,streetview
data/images/warsaw/52.2636_21.03102_h90.jpg,warsaw,52.2636,21.03102,90,2022-05,streetview
data/images/warsaw/52.2636_21.03102_h180.jpg,warsaw,52.2636,21.03102,180,2022-05,streetview
data/images/warsaw/52.2636_21.03102_h270.jpg,warsaw,52.2636,21.03102,270,2022-05,streetview
data/images/warsaw/52.224793_21.034469_h0.jpg,warsaw,52.224793,21.034469,0,2026-04,streetview
data/images/warsaw/52.224793_21.034469_h90.jpg,warsaw,52.224793,21.034469,90,2026-04,streetview
data/images/warsaw/52.224793_21.034469_h180.jpg,warsaw,52.224793,21.034469,180,2026-04,streetview
data/images/warsaw/52.224793_21.034469_h270.jpg,warsaw,52.224793,21.034469,270,2026-04,streetview
data/images/warsaw/52.208624_21.039716_h0.jpg,warsaw,52.208624,21.039716,0,2019-05,streetview
data/images/warsaw/52.208624_21.039716_h90.jpg,warsaw,52.208624,21.039716,90,2019-05,streetview
data/images/warsaw/52.208624_21.039716_h180.jpg,warsaw,52.208624,21.039716,180,2019-05,streetview
data/images/warsaw/52.208624_21.039716_h270.jpg,warsaw,52.208624,21.039716,270,2019-05,streetview
data/images/warsaw/52.288394_21.004631_h0.jpg,warsaw,52.288394,21.004631,0,2024-08,streetview
data/images/warsaw/52.288394_21.004631_h90.jpg,warsaw,52.288394,21.004631,90,2024-08,streetview
data/images/warsaw/52.288394_21.004631_h180.jpg,warsaw,52.288394,21.004631,180,2024-08,streetview
data/images/warsaw/52.288394_21.004631_h270.jpg,warsaw,52.288394,21.004631,270,2024-08,streetview
data/images/warsaw/52.276536_20.976427_h0.jpg,warsaw,52.276536,20.976427,0,2022-10,streetview
data/images/warsaw/52.276536_20.976427_h90.jpg,warsaw,52.276536,20.976427,90,2022-10,streetview
data/images/warsaw/52.276536_20.976427_h180.jpg,warsaw,52.276536,20.976427,180,2022-10,streetview
data/images/warsaw/52.276536_20.976427_h270.jpg,warsaw,52.276536,20.976427,270,2022-10,streetview
data/images/warsaw/52.222637_20.967597_h0.jpg,warsaw,52.222637,20.967597,0,2019-08,streetview
data/images/warsaw/52.222637_20.967597_h90.jpg,warsaw,52.222637,20.967597,90,2019-08,streetview
data/images/warsaw/52.222637_20.967597_h180.jpg,warsaw,52.222637,20.967597,180,2019-08,streetview
data/images/warsaw/52.222637_20.967597_h270.jpg,warsaw,52.222637,20.967597,270,2019-08,streetview
data/images/warsaw/52.236651_20.983445_h0.jpg,warsaw,52.236651,20.983445,0,2022-06,streetview
data/images/warsaw/52.236651_20.983445_h90.jpg,warsaw,52.236651,20.983445,90,2022-06,streetview
data/images/warsaw/52.236651_20.983445_h180.jpg,warsaw,52.236651,20.983445,180,2022-06,streetview
data/images/warsaw/52.236651_20.983445_h270.jpg,warsaw,52.236651,20.983445,270,2022-06,streetview
data/images/warsaw/52.256055_20.978176_h0.jpg,warsaw,52.256055,20.978176,0,2022-08,streetview
data/images/warsaw/52.256055_20.978176_h90.jpg,warsaw,52.256055,20.978176,90,2022-08,streetview
data/images/warsaw/52.256055_20.978176_h180.jpg,warsaw,52.256055,20.978176,180,2022-08,streetview
data/images/warsaw/52.256055_20.978176_h270.jpg,warsaw,52.256055,20.978176,270,2022-08,streetview
data/images/warsaw/52.208624_21.057307_h0.jpg,warsaw,52.208624,21.057307,0,2022-05,streetview
data/images/warsaw/52.208624_21.057307_h90.jpg,warsaw,52.208624,21.057307,90,2022-05,streetview
data/images/warsaw/52.208624_21.057307_h180.jpg,warsaw,52.208624,21.057307,180,2022-05,streetview
data/images/warsaw/52.208624_21.057307_h270.jpg,warsaw,52.208624,21.057307,270,2022-05,streetview
data/images/warsaw/52.253899_21.036285_h0.jpg,warsaw,52.253899,21.036285,0,2018-03,streetview
data/images/warsaw/52.253899_21.036285_h90.jpg,warsaw,52.253899,21.036285,90,2018-03,streetview
data/images/warsaw/52.253899_21.036285_h180.jpg,warsaw,52.253899,21.036285,180,2018-03,streetview
data/images/warsaw/52.253899_21.036285_h270.jpg,warsaw,52.253899,21.036285,270,2018-03,streetview
data/images/warsaw/52.238807_21.05914_h0.jpg,warsaw,52.238807,21.05914,0,2022-03,streetview
data/images/warsaw/52.238807_21.05914_h90.jpg,warsaw,52.238807,21.05914,90,2022-03,streetview
data/images/warsaw/52.238807_21.05914_h180.jpg,warsaw,52.238807,21.05914,180,2022-03,streetview
data/images/warsaw/52.238807_21.05914_h270.jpg,warsaw,52.238807,21.05914,270,2022-03,streetview
data/images/warsaw/52.208624_20.967591_h0.jpg,warsaw,52.208624,20.967591,0,2022-07,streetview
data/images/warsaw/52.208624_20.967591_h90.jpg,warsaw,52.208624,20.967591,90,2022-07,streetview
data/images/warsaw/52.208624_20.967591_h180.jpg,warsaw,52.208624,20.967591,180,2022-07,streetview
data/images/warsaw/52.208624_20.967591_h270.jpg,warsaw,52.208624,20.967591,270,2022-07,streetview
data/images/warsaw/52.254977_20.976415_h0.jpg,warsaw,52.254977,20.976415,0,2024-08,streetview
data/images/warsaw/52.254977_20.976415_h90.jpg,warsaw,52.254977,20.976415,90,2024-08,streetview
data/images/warsaw/52.254977_20.976415_h180.jpg,warsaw,52.254977,20.976415,180,2024-08,streetview
data/images/warsaw/52.254977_20.976415_h270.jpg,warsaw,52.254977,20.976415,270,2024-08,streetview
data/images/warsaw/52.201078_21.011559_h0.jpg,warsaw,52.201078,21.011559,0,2022-06,streetview
data/images/warsaw/52.201078_21.011559_h90.jpg,warsaw,52.201078,21.011559,90,2022-06,streetview
data/images/warsaw/52.201078_21.011559_h180.jpg,warsaw,52.201078,21.011559,180,2022-06,streetview
data/images/warsaw/52.201078_21.011559_h270.jpg,warsaw,52.201078,21.011559,270,2022-06,streetview
data/images/warsaw/52.223715_21.041506_h0.jpg,warsaw,52.223715,21.041506,0,2025-10,streetview
data/images/warsaw/52.223715_21.041506_h90.jpg,warsaw,52.223715,21.041506,90,2025-10,streetview
data/images/warsaw/52.223715_21.041506_h180.jpg,warsaw,52.223715,21.041506,180,2025-10,streetview
data/images/warsaw/52.223715_21.041506_h270.jpg,warsaw,52.223715,21.041506,270,2025-10,streetview
data/images/warsaw/52.280848_20.97643_h0.jpg,warsaw,52.280848,20.97643,0,2022-11,streetview
data/images/warsaw/52.280848_20.97643_h90.jpg,warsaw,52.280848,20.97643,90,2022-11,streetview
data/images/warsaw/52.280848_20.97643_h180.jpg,warsaw,52.280848,20.97643,180,2022-11,streetview
data/images/warsaw/52.280848_20.97643_h270.jpg,warsaw,52.280848,20.97643,270,2022-11,streetview
data/images/warsaw/52.229105_21.062636_h0.jpg,warsaw,52.229105,21.062636,0,2022-06,streetview
data/images/warsaw/52.229105_21.062636_h90.jpg,warsaw,52.229105,21.062636,90,2022-06,streetview
data/images/warsaw/52.229105_21.062636_h180.jpg,warsaw,52.229105,21.062636,180,2022-06,streetview
data/images/warsaw/52.229105_21.062636_h270.jpg,warsaw,52.229105,21.062636,270,2022-06,streetview
data/images/warsaw/52.243119_20.958802_h0.jpg,warsaw,52.243119,20.958802,0,2022-06,streetview
data/images/warsaw/52.243119_20.958802_h90.jpg,warsaw,52.243119,20.958802,90,2022-06,streetview
data/images/warsaw/52.243119_20.958802_h180.jpg,warsaw,52.243119,20.958802,180,2022-06,streetview
data/images/warsaw/52.243119_20.958802_h270.jpg,warsaw,52.243119,20.958802,270,2022-06,streetview
data/images/warsaw/52.224793_20.960559_h0.jpg,warsaw,52.224793,20.960559,0,2024-08,streetview
data/images/warsaw/52.224793_20.960559_h90.jpg,warsaw,52.224793,20.960559,90,2024-08,streetview
data/images/warsaw/52.224793_20.960559_h180.jpg,warsaw,52.224793,20.960559,180,2024-08,streetview
data/images/warsaw/52.224793_20.960559_h270.jpg,warsaw,52.224793,20.960559,270,2024-08,streetview
data/images/warsaw/52.260367_20.965851_h0.jpg,warsaw,52.260367,20.965851,0,2020-10,streetview
data/images/warsaw/52.260367_20.965851_h90.jpg,warsaw,52.260367,20.965851,90,2020-10,streetview
data/images/warsaw/52.260367_20.965851_h180.jpg,warsaw,52.260367,20.965851,180,2020-10,streetview
data/images/warsaw/52.260367_20.965851_h270.jpg,warsaw,52.260367,20.965851,270,2020-10,streetview
data/images/warsaw/52.218326_20.979912_h0.jpg,warsaw,52.218326,20.979912,0,2024-07,streetview
data/images/warsaw/52.218326_20.979912_h90.jpg,warsaw,52.218326,20.979912,90,2024-07,streetview
data/images/warsaw/52.218326_20.979912_h180.jpg,warsaw,52.218326,20.979912,180,2024-07,streetview
data/images/warsaw/52.218326_20.979912_h270.jpg,warsaw,52.218326,20.979912,270,2024-07,streetview
data/images/warsaw/52.28516_21.018724_h0.jpg,warsaw,52.28516,21.018724,0,2019-08,streetview
data/images/warsaw/52.28516_21.018724_h90.jpg,warsaw,52.28516,21.018724,90,2019-08,streetview
data/images/warsaw/52.28516_21.018724_h180.jpg,warsaw,52.28516,21.018724,180,2019-08,streetview
data/images/warsaw/52.28516_21.018724_h270.jpg,warsaw,52.28516,21.018724,270,2019-08,streetview
data/images/warsaw/52.211858_20.979907_h0.jpg,warsaw,52.211858,20.979907,0,2022-07,streetview
data/images/warsaw/52.211858_20.979907_h90.jpg,warsaw,52.211858,20.979907,90,2022-07,streetview
data/images/warsaw/52.211858_20.979907_h180.jpg,warsaw,52.211858,20.979907,180,2022-07,streetview
data/images/warsaw/52.211858_20.979907_h270.jpg,warsaw,52.211858,20.979907,270,2022-07,streetview
data/images/warsaw/52.228027_20.988718_h0.jpg,warsaw,52.228027,20.988718,0,2022-06,streetview
data/images/warsaw/52.228027_20.988718_h90.jpg,warsaw,52.228027,20.988718,90,2022-06,streetview
data/images/warsaw/52.228027_20.988718_h180.jpg,warsaw,52.228027,20.988718,180,2022-06,streetview
data/images/warsaw/52.228027_20.988718_h270.jpg,warsaw,52.228027,20.988718,270,2022-06,streetview
data/images/warsaw/52.280848_20.96762_h0.jpg,warsaw,52.280848,20.96762,0,2022-11,streetview
data/images/warsaw/52.280848_20.96762_h90.jpg,warsaw,52.280848,20.96762,90,2022-11,streetview
data/images/warsaw/52.280848_20.96762_h180.jpg,warsaw,52.280848,20.96762,180,2022-11,streetview
data/images/warsaw/52.280848_20.96762_h270.jpg,warsaw,52.280848,20.96762,270,2022-11,streetview
data/images/warsaw/52.261444_21.039822_h0.jpg,warsaw,52.261444,21.039822,0,2022-05,streetview
data/images/warsaw/52.261444_21.039822_h90.jpg,warsaw,52.261444,21.039822,90,2022-05,streetview
data/images/warsaw/52.261444_21.039822_h180.jpg,warsaw,52.261444,21.039822,180,2022-05,streetview
data/images/warsaw/52.261444_21.039822_h270.jpg,warsaw,52.261444,21.039822,270,2022-05,streetview
data/images/warsaw/52.250665_21.011628_h0.jpg,warsaw,52.250665,21.011628,0,2021-09,streetview
data/images/warsaw/52.250665_21.011628_h90.jpg,warsaw,52.250665,21.011628,90,2021-09,streetview
data/images/warsaw/52.250665_21.011628_h180.jpg,warsaw,52.250665,21.011628,180,2021-09,streetview
data/images/warsaw/52.250665_21.011628_h270.jpg,warsaw,52.250665,21.011628,270,2021-09,streetview
data/images/warsaw/52.258211_21.027488_h0.jpg,warsaw,52.258211,21.027488,0,2022-05,streetview
data/images/warsaw/52.258211_21.027488_h90.jpg,warsaw,52.258211,21.027488,90,2022-05,streetview
data/images/warsaw/52.258211_21.027488_h180.jpg,warsaw,52.258211,21.027488,180,2022-05,streetview
data/images/warsaw/52.258211_21.027488_h270.jpg,warsaw,52.258211,21.027488,270,2022-05,streetview
data/images/warsaw/52.237729_20.985206_h0.jpg,warsaw,52.237729,20.985206,0,2024-08,streetview
data/images/warsaw/52.237729_20.985206_h90.jpg,warsaw,52.237729,20.985206,90,2024-08,streetview
data/images/warsaw/52.237729_20.985206_h180.jpg,warsaw,52.237729,20.985206,180,2024-08,streetview
data/images/warsaw/52.237729_20.985206_h270.jpg,warsaw,52.237729,20.985206,270,2024-08,streetview
data/images/warsaw/52.239885_20.967604_h0.jpg,warsaw,52.239885,20.967604,0,2024-08,streetview
data/images/warsaw/52.239885_20.967604_h90.jpg,warsaw,52.239885,20.967604,90,2024-08,streetview
data/images/warsaw/52.239885_20.967604_h180.jpg,warsaw,52.239885,20.967604,180,2024-08,streetview
data/images/warsaw/52.239885_20.967604_h270.jpg,warsaw,52.239885,20.967604,270,2024-08,streetview
data/images/warsaw/52.2636_21.050395_h0.jpg,warsaw,52.2636,21.050395,0,2022-05,streetview
data/images/warsaw/52.2636_21.050395_h90.jpg,warsaw,52.2636,21.050395,90,2022-05,streetview
data/images/warsaw/52.2636_21.050395_h180.jpg,warsaw,52.2636,21.050395,180,2022-05,streetview
data/images/warsaw/52.2636_21.050395_h270.jpg,warsaw,52.2636,21.050395,270,2022-05,streetview
data/images/warsaw/52.288394_21.046926_h0.jpg,warsaw,52.288394,21.046926,0,2022-05,streetview
data/images/warsaw/52.288394_21.046926_h90.jpg,warsaw,52.288394,21.046926,90,2022-05,streetview
data/images/warsaw/52.288394_21.046926_h180.jpg,warsaw,52.288394,21.046926,180,2022-05,streetview
data/images/warsaw/52.288394_21.046926_h270.jpg,warsaw,52.288394,21.046926,270,2022-05,streetview
data/images/warsaw/52.281926_21.071581_h0.jpg,warsaw,52.281926,21.071581,0,2023-04,streetview
data/images/warsaw/52.281926_21.071581_h90.jpg,warsaw,52.281926,21.071581,90,2023-04,streetview
data/images/warsaw/52.281926_21.071581_h180.jpg,warsaw,52.281926,21.071581,180,2023-04,streetview
data/images/warsaw/52.281926_21.071581_h270.jpg,warsaw,52.281926,21.071581,270,2023-04,streetview
data/images/warsaw/52.242041_21.015137_h0.jpg,warsaw,52.242041,21.015137,0,2023-09,streetview
data/images/warsaw/52.242041_21.015137_h90.jpg,warsaw,52.242041,21.015137,90,2023-09,streetview
data/images/warsaw/52.242041_21.015137_h180.jpg,warsaw,52.242041,21.015137,180,2023-09,streetview
data/images/warsaw/52.242041_21.015137_h270.jpg,warsaw,52.242041,21.015137,270,2023-09,streetview
data/images/warsaw/52.226949_21.062631_h0.jpg,warsaw,52.226949,21.062631,0,2018-07,streetview
data/images/warsaw/52.226949_21.062631_h90.jpg,warsaw,52.226949,21.062631,90,2018-07,streetview
data/images/warsaw/52.226949_21.062631_h180.jpg,warsaw,52.226949,21.062631,180,2018-07,streetview
data/images/warsaw/52.226949_21.062631_h270.jpg,warsaw,52.226949,21.062631,270,2018-07,streetview
data/images/warsaw/52.254977_20.972893_h0.jpg,warsaw,52.254977,20.972893,0,2024-08,streetview
data/images/warsaw/52.254977_20.972893_h90.jpg,warsaw,52.254977,20.972893,90,2024-08,streetview
data/images/warsaw/52.254977_20.972893_h180.jpg,warsaw,52.254977,20.972893,180,2024-08,streetview
data/images/warsaw/52.254977_20.972893_h270.jpg,warsaw,52.254977,20.972893,270,2024-08,streetview
data/images/warsaw/52.260367_21.048626_h0.jpg,warsaw,52.260367,21.048626,0,2024-08,streetview
data/images/warsaw/52.260367_21.048626_h90.jpg,warsaw,52.260367,21.048626,90,2024-08,streetview
data/images/warsaw/52.260367_21.048626_h180.jpg,warsaw,52.260367,21.048626,180,2024-08,streetview
data/images/warsaw/52.260367_21.048626_h270.jpg,warsaw,52.260367,21.048626,270,2024-08,streetview
data/images/warsaw/52.204312_21.018599_h0.jpg,warsaw,52.204312,21.018599,0,2023-03,streetview
data/images/warsaw/52.204312_21.018599_h90.jpg,warsaw,52.204312,21.018599,90,2023-03,streetview
data/images/warsaw/52.204312_21.018599_h180.jpg,warsaw,52.204312,21.018599,180,2023-03,streetview
data/images/warsaw/52.204312_21.018599_h270.jpg,warsaw,52.204312,21.018599,270,2023-03,streetview
data/images/warsaw/52.261444_20.95_h0.jpg,warsaw,52.261444,20.95,0,2020-09,streetview
data/images/warsaw/52.261444_20.95_h90.jpg,warsaw,52.261444,20.95,90,2020-09,streetview
data/images/warsaw/52.261444_20.95_h180.jpg,warsaw,52.261444,20.95,180,2020-09,streetview
data/images/warsaw/52.261444_20.95_h270.jpg,warsaw,52.261444,20.95,270,2020-09,streetview
data/images/warsaw/52.203234_20.962312_h0.jpg,warsaw,52.203234,20.962312,0,2022-07,streetview
data/images/warsaw/52.203234_20.962312_h90.jpg,warsaw,52.203234,20.962312,90,2022-07,streetview
data/images/warsaw/52.203234_20.962312_h180.jpg,warsaw,52.203234,20.962312,180,2022-07,streetview
data/images/warsaw/52.203234_20.962312_h270.jpg,warsaw,52.203234,20.962312,270,2022-07,streetview
data/images/warsaw/52.273302_20.978187_h0.jpg,warsaw,52.273302,20.978187,0,2024-08,streetview
data/images/warsaw/52.273302_20.978187_h90.jpg,warsaw,52.273302,20.978187,90,2024-08,streetview
data/images/warsaw/52.273302_20.978187_h180.jpg,warsaw,52.273302,20.978187,180,2024-08,streetview
data/images/warsaw/52.273302_20.978187_h270.jpg,warsaw,52.273302,20.978187,270,2024-08,streetview
data/images/warsaw/52.233417_21.066167_h0.jpg,warsaw,52.233417,21.066167,0,2024-08,streetview
data/images/warsaw/52.233417_21.066167_h90.jpg,warsaw,52.233417,21.066167,90,2024-08,streetview
data/images/warsaw/52.233417_21.066167_h180.jpg,warsaw,52.233417,21.066167,180,2024-08,streetview
data/images/warsaw/52.233417_21.066167_h270.jpg,warsaw,52.233417,21.066167,270,2024-08,streetview
data/images/warsaw/52.223715_21.008071_h0.jpg,warsaw,52.223715,21.008071,0,2023-03,streetview
data/images/warsaw/52.223715_21.008071_h90.jpg,warsaw,52.223715,21.008071,90,2023-03,streetview
data/images/warsaw/52.223715_21.008071_h180.jpg,warsaw,52.223715,21.008071,180,2023-03,streetview
data/images/warsaw/52.223715_21.008071_h270.jpg,warsaw,52.223715,21.008071,270,2023-03,streetview
data/images/warsaw/52.201078_21.022112_h0.jpg,warsaw,52.201078,21.022112,0,2024-09,streetview
data/images/warsaw/52.201078_21.022112_h90.jpg,warsaw,52.201078,21.022112,90,2024-09,streetview
data/images/warsaw/52.201078_21.022112_h180.jpg,warsaw,52.201078,21.022112,180,2024-09,streetview
data/images/warsaw/52.201078_21.022112_h270.jpg,warsaw,52.201078,21.022112,270,2024-09,streetview
data/images/warsaw/52.230183_20.9588_h0.jpg,warsaw,52.230183,20.9588,0,2024-08,streetview
data/images/warsaw/52.230183_20.9588_h90.jpg,warsaw,52.230183,20.9588,90,2024-08,streetview
data/images/warsaw/52.230183_20.9588_h180.jpg,warsaw,52.230183,20.9588,180,2024-08,streetview
data/images/warsaw/52.230183_20.9588_h270.jpg,warsaw,52.230183,20.9588,270,2024-08,streetview
data/images/warsaw/52.234495_20.971122_h0.jpg,warsaw,52.234495,20.971122,0,2024-08,streetview
data/images/warsaw/52.234495_20.971122_h90.jpg,warsaw,52.234495,20.971122,90,2024-08,streetview
data/images/warsaw/52.234495_20.971122_h180.jpg,warsaw,52.234495,20.971122,180,2024-08,streetview
data/images/warsaw/52.234495_20.971122_h270.jpg,warsaw,52.234495,20.971122,270,2024-08,streetview
data/images/warsaw/52.250665_21.004585_h0.jpg,warsaw,52.250665,21.004585,0,2022-06,streetview
data/images/warsaw/52.250665_21.004585_h90.jpg,warsaw,52.250665,21.004585,90,2022-06,streetview
data/images/warsaw/52.250665_21.004585_h180.jpg,warsaw,52.250665,21.004585,180,2022-06,streetview
data/images/warsaw/52.250665_21.004585_h270.jpg,warsaw,52.250665,21.004585,270,2022-06,streetview
data/images/warsaw/52.273302_20.974664_h0.jpg,warsaw,52.273302,20.974664,0,2023-04,streetview
data/images/warsaw/52.273302_20.974664_h90.jpg,warsaw,52.273302,20.974664,90,2023-04,streetview
data/images/warsaw/52.273302_20.974664_h180.jpg,warsaw,52.273302,20.974664,180,2023-04,streetview
data/images/warsaw/52.273302_20.974664_h270.jpg,warsaw,52.273302,20.974664,270,2023-04,streetview
data/images/warsaw/52.249587_20.99578_h0.jpg,warsaw,52.249587,20.99578,0,2022-06,streetview
data/images/warsaw/52.249587_20.99578_h90.jpg,warsaw,52.249587,20.99578,90,2022-06,streetview
data/images/warsaw/52.249587_20.99578_h180.jpg,warsaw,52.249587,20.99578,180,2022-06,streetview
data/images/warsaw/52.249587_20.99578_h270.jpg,warsaw,52.249587,20.99578,270,2022-06,streetview
data/images/warsaw/52.202156_21.006284_h0.jpg,warsaw,52.202156,21.006284,0,2024-09,streetview
data/images/warsaw/52.202156_21.006284_h90.jpg,warsaw,52.202156,21.006284,90,2024-09,streetview
data/images/warsaw/52.202156_21.006284_h180.jpg,warsaw,52.202156,21.006284,180,2024-09,streetview
data/images/warsaw/52.202156_21.006284_h270.jpg,warsaw,52.202156,21.006284,270,2024-09,streetview
data/images/warsaw/52.27438_21.048657_h0.jpg,warsaw,52.27438,21.048657,0,2024-08,streetview
data/images/warsaw/52.27438_21.048657_h90.jpg,warsaw,52.27438,21.048657,90,2024-08,streetview
data/images/warsaw/52.27438_21.048657_h180.jpg,warsaw,52.27438,21.048657,180,2024-08,streetview
data/images/warsaw/52.27438_21.048657_h270.jpg,warsaw,52.27438,21.048657,270,2024-08,streetview
data/images/warsaw/52.2_21.067839_h0.jpg,warsaw,52.2,21.067839,0,2019-06,streetview
data/images/warsaw/52.2_21.067839_h90.jpg,warsaw,52.2,21.067839,90,2019-06,streetview
data/images/warsaw/52.2_21.067839_h180.jpg,warsaw,52.2,21.067839,180,2019-06,streetview
data/images/warsaw/52.2_21.067839_h270.jpg,warsaw,52.2,21.067839,270,2019-06,streetview
data/images/warsaw/52.278692_20.978191_h0.jpg,warsaw,52.278692,20.978191,0,2024-08,streetview
data/images/warsaw/52.278692_20.978191_h90.jpg,warsaw,52.278692,20.978191,90,2024-08,streetview
data/images/warsaw/52.278692_20.978191_h180.jpg,warsaw,52.278692,20.978191,180,2024-08,streetview
data/images/warsaw/52.278692_20.978191_h270.jpg,warsaw,52.278692,20.978191,270,2024-08,streetview
data/images/warsaw/52.264678_21.032784_h0.jpg,warsaw,52.264678,21.032784,0,2022-05,streetview
data/images/warsaw/52.264678_21.032784_h90.jpg,warsaw,52.264678,21.032784,90,2022-05,streetview
data/images/warsaw/52.264678_21.032784_h180.jpg,warsaw,52.264678,21.032784,180,2022-05,streetview
data/images/warsaw/52.264678_21.032784_h270.jpg,warsaw,52.264678,21.032784,270,2022-05,streetview
data/images/warsaw/52.267912_21.075065_h0.jpg,warsaw,52.267912,21.075065,0,2018-08,streetview
data/images/warsaw/52.267912_21.075065_h90.jpg,warsaw,52.267912,21.075065,90,2018-08,streetview
data/images/warsaw/52.267912_21.075065_h180.jpg,warsaw,52.267912,21.075065,180,2018-08,streetview
data/images/warsaw/52.267912_21.075065_h270.jpg,warsaw,52.267912,21.075065,270,2018-08,streetview
data/images/warsaw/52.208624_21.027402_h0.jpg,warsaw,52.208624,21.027402,0,2023-03,streetview
data/images/warsaw/52.208624_21.027402_h90.jpg,warsaw,52.208624,21.027402,90,2023-03,streetview
data/images/warsaw/52.208624_21.027402_h180.jpg,warsaw,52.208624,21.027402,180,2023-03,streetview
data/images/warsaw/52.208624_21.027402_h270.jpg,warsaw,52.208624,21.027402,270,2023-03,streetview
data/images/warsaw/52.26899_21.039838_h0.jpg,warsaw,52.26899,21.039838,0,2022-05,streetview
data/images/warsaw/52.26899_21.039838_h90.jpg,warsaw,52.26899,21.039838,90,2022-05,streetview
data/images/warsaw/52.26899_21.039838_h180.jpg,warsaw,52.26899,21.039838,180,2022-05,streetview
data/images/warsaw/52.26899_21.039838_h270.jpg,warsaw,52.26899,21.039838,270,2022-05,streetview
data/images/warsaw/52.235573_21.009847_h0.jpg,warsaw,52.235573,21.009847,0,2022-06,streetview
data/images/warsaw/52.235573_21.009847_h90.jpg,warsaw,52.235573,21.009847,90,2022-06,streetview
data/images/warsaw/52.235573_21.009847_h180.jpg,warsaw,52.235573,21.009847,180,2022-06,streetview
data/images/warsaw/52.235573_21.009847_h270.jpg,warsaw,52.235573,21.009847,270,2022-06,streetview
data/images/warsaw/52.289472_20.957049_h0.jpg,warsaw,52.289472,20.957049,0,2023-12,streetview
data/images/warsaw/52.289472_20.957049_h90.jpg,warsaw,52.289472,20.957049,90,2023-12,streetview
data/images/warsaw/52.289472_20.957049_h180.jpg,warsaw,52.289472,20.957049,180,2023-12,streetview
data/images/warsaw/52.289472_20.957049_h270.jpg,warsaw,52.289472,20.957049,270,2023-12,streetview
data/images/warsaw/52.281926_21.022244_h0.jpg,warsaw,52.281926,21.022244,0,2023-04,streetview
data/images/warsaw/52.281926_21.022244_h90.jpg,warsaw,52.281926,21.022244,90,2023-04,streetview
data/images/warsaw/52.281926_21.022244_h180.jpg,warsaw,52.281926,21.022244,180,2023-04,streetview
data/images/warsaw/52.281926_21.022244_h270.jpg,warsaw,52.281926,21.022244,270,2023-04,streetview
data/images/warsaw/52.238807_21.029215_h0.jpg,warsaw,52.238807,21.029215,0,2024-08,streetview
data/images/warsaw/52.238807_21.029215_h90.jpg,warsaw,52.238807,21.029215,90,2024-08,streetview
data/images/warsaw/52.238807_21.029215_h180.jpg,warsaw,52.238807,21.029215,180,2024-08,streetview
data/images/warsaw/52.238807_21.029215_h270.jpg,warsaw,52.238807,21.029215,270,2024-08,streetview
data/images/warsaw/52.262522_20.962329_h0.jpg,warsaw,52.262522,20.962329,0,2024-08,streetview
data/images/warsaw/52.262522_20.962329_h90.jpg,warsaw,52.262522,20.962329,90,2024-08,streetview
data/images/warsaw/52.262522_20.962329_h180.jpg,warsaw,52.262522,20.962329,180,2024-08,streetview
data/images/warsaw/52.262522_20.962329_h270.jpg,warsaw,52.262522,20.962329,270,2024-08,streetview
data/images/warsaw/52.251743_20.994021_h0.jpg,warsaw,52.251743,20.994021,0,2022-06,streetview
data/images/warsaw/52.251743_20.994021_h90.jpg,warsaw,52.251743,20.994021,90,2022-06,streetview
data/images/warsaw/52.251743_20.994021_h180.jpg,warsaw,52.251743,20.994021,180,2022-06,streetview
data/images/warsaw/52.251743_20.994021_h270.jpg,warsaw,52.251743,20.994021,270,2022-06,streetview
data/images/warsaw/52.2_21.023869_h0.jpg,warsaw,52.2,21.023869,0,2024-09,streetview
data/images/warsaw/52.2_21.023869_h90.jpg,warsaw,52.2,21.023869,90,2024-09,streetview
data/images/warsaw/52.2_21.023869_h180.jpg,warsaw,52.2,21.023869,180,2024-09,streetview
data/images/warsaw/52.2_21.023869_h270.jpg,warsaw,52.2,21.023869,270,2024-09,streetview
data/images/warsaw/52.270068_20.986993_h0.jpg,warsaw,52.270068,20.986993,0,2022-10,streetview
data/images/warsaw/52.270068_20.986993_h90.jpg,warsaw,52.270068,20.986993,90,2022-10,streetview
data/images/warsaw/52.270068_20.986993_h180.jpg,warsaw,52.270068,20.986993,180,2022-10,streetview
data/images/warsaw/52.270068_20.986993_h270.jpg,warsaw,52.270068,20.986993,270,2022-10,streetview
data/images/warsaw/52.233417_20.999283_h0.jpg,warsaw,52.233417,20.999283,0,2024-08,streetview
data/images/warsaw/52.233417_20.999283_h90.jpg,warsaw,52.233417,20.999283,90,2024-08,streetview
data/images/warsaw/52.233417_20.999283_h180.jpg,warsaw,52.233417,20.999283,180,2024-08,streetview
data/images/warsaw/52.233417_20.999283_h270.jpg,warsaw,52.233417,20.999283,270,2024-08,streetview
data/images/warsaw/52.2636_21.066246_h0.jpg,warsaw,52.2636,21.066246,0,2019-08,streetview
data/images/warsaw/52.2636_21.066246_h90.jpg,warsaw,52.2636,21.066246,90,2019-08,streetview
data/images/warsaw/52.2636_21.066246_h180.jpg,warsaw,52.2636,21.066246,180,2019-08,streetview
data/images/warsaw/52.2636_21.066246_h270.jpg,warsaw,52.2636,21.066246,270,2019-08,streetview
data/images/warsaw/52.256055_20.965849_h0.jpg,warsaw,52.256055,20.965849,0,2024-08,streetview
data/images/warsaw/52.256055_20.965849_h90.jpg,warsaw,52.256055,20.965849,90,2024-08,streetview
data/images/warsaw/52.256055_20.965849_h180.jpg,warsaw,52.256055,20.965849,180,2024-08,streetview
data/images/warsaw/52.256055_20.965849_h270.jpg,warsaw,52.256055,20.965849,270,2024-08,streetview
data/images/warsaw/52.207546_20.972868_h0.jpg,warsaw,52.207546,20.972868,0,2024-07,streetview
data/images/warsaw/52.207546_20.972868_h90.jpg,warsaw,52.207546,20.972868,90,2024-07,streetview
data/images/warsaw/52.207546_20.972868_h180.jpg,warsaw,52.207546,20.972868,180,2024-07,streetview
data/images/warsaw/52.207546_20.972868_h270.jpg,warsaw,52.207546,20.972868,270,2024-07,streetview
data/images/warsaw/52.254977_21.075029_h0.jpg,warsaw,52.254977,21.075029,0,2024-08,streetview
data/images/warsaw/52.254977_21.075029_h90.jpg,warsaw,52.254977,21.075029,90,2024-08,streetview
data/images/warsaw/52.254977_21.075029_h180.jpg,warsaw,52.254977,21.075029,180,2024-08,streetview
data/images/warsaw/52.254977_21.075029_h270.jpg,warsaw,52.254977,21.075029,270,2024-08,streetview
data/images/warsaw/52.212936_20.953519_h0.jpg,warsaw,52.212936,20.953519,0,2025-09,streetview
data/images/warsaw/52.212936_20.953519_h90.jpg,warsaw,52.212936,20.953519,90,2025-09,streetview
data/images/warsaw/52.212936_20.953519_h180.jpg,warsaw,52.212936,20.953519,180,2025-09,streetview
data/images/warsaw/52.212936_20.953519_h270.jpg,warsaw,52.212936,20.953519,270,2025-09,streetview
data/images/warsaw/52.275458_21.018709_h0.jpg,warsaw,52.275458,21.018709,0,2020-10,streetview
data/images/warsaw/52.275458_21.018709_h90.jpg,warsaw,52.275458,21.018709,90,2020-10,streetview
data/images/warsaw/52.275458_21.018709_h180.jpg,warsaw,52.275458,21.018709,180,2020-10,streetview
data/images/warsaw/52.275458_21.018709_h270.jpg,warsaw,52.275458,21.018709,270,2020-10,streetview
data/images/warsaw/52.280848_20.957048_h0.jpg,warsaw,52.280848,20.957048,0,2022-11,streetview
data/images/warsaw/52.280848_20.957048_h90.jpg,warsaw,52.280848,20.957048,90,2022-11,streetview
data/images/warsaw/52.280848_20.957048_h180.jpg,warsaw,52.280848,20.957048,180,2022-11,streetview
data/images/warsaw/52.280848_20.957048_h270.jpg,warsaw,52.280848,20.957048,270,2022-11,streetview
data/images/warsaw/52.289472_21.073364_h0.jpg,warsaw,52.289472,21.073364,0,2022-05,streetview
data/images/warsaw/52.289472_21.073364_h90.jpg,warsaw,52.289472,21.073364,90,2022-05,streetview
data/images/warsaw/52.289472_21.073364_h180.jpg,warsaw,52.289472,21.073364,180,2022-05,streetview
data/images/warsaw/52.289472_21.073364_h270.jpg,warsaw,52.289472,21.073364,270,2022-05,streetview
data/images/warsaw/52.225871_20.95352_h0.jpg,warsaw,52.225871,20.95352,0,2019-08,streetview
data/images/warsaw/52.225871_20.95352_h90.jpg,warsaw,52.225871,20.95352,90,2019-08,streetview
data/images/warsaw/52.225871_20.95352_h180.jpg,warsaw,52.225871,20.95352,180,2019-08,streetview
data/images/warsaw/52.225871_20.95352_h270.jpg,warsaw,52.225871,20.95352,270,2019-08,streetview
data/images/warsaw/52.260367_21.06976_h0.jpg,warsaw,52.260367,21.06976,0,2024-08,streetview
data/images/warsaw/52.260367_21.06976_h90.jpg,warsaw,52.260367,21.06976,90,2024-08,streetview
data/images/warsaw/52.260367_21.06976_h180.jpg,warsaw,52.260367,21.06976,180,2024-08,streetview
data/images/warsaw/52.260367_21.06976_h270.jpg,warsaw,52.260367,21.06976,270,2024-08,streetview
data/images/warsaw/52.249587_21.038038_h0.jpg,warsaw,52.249587,21.038038,0,2024-08,streetview
data/images/warsaw/52.249587_21.038038_h90.jpg,warsaw,52.249587,21.038038,90,2024-08,streetview
data/images/warsaw/52.249587_21.038038_h180.jpg,warsaw,52.249587,21.038038,180,2024-08,streetview
data/images/warsaw/52.249587_21.038038_h270.jpg,warsaw,52.249587,21.038038,270,2024-08,streetview
data/images/warsaw/52.209702_20.951759_h0.jpg,warsaw,52.209702,20.951759,0,2024-11,streetview
data/images/warsaw/52.209702_20.951759_h90.jpg,warsaw,52.209702,20.951759,90,2024-11,streetview
data/images/warsaw/52.209702_20.951759_h180.jpg,warsaw,52.209702,20.951759,180,2024-11,streetview
data/images/warsaw/52.209702_20.951759_h270.jpg,warsaw,52.209702,20.951759,270,2024-11,streetview
data/images/warsaw/52.224793_21.043268_h0.jpg,warsaw,52.224793,21.043268,0,2026-04,streetview
data/images/warsaw/52.224793_21.043268_h90.jpg,warsaw,52.224793,21.043268,90,2026-04,streetview
data/images/warsaw/52.224793_21.043268_h180.jpg,warsaw,52.224793,21.043268,180,2026-04,streetview
data/images/warsaw/52.224793_21.043268_h270.jpg,warsaw,52.224793,21.043268,270,2026-04,streetview
data/images/warsaw/52.234495_21.076731_h0.jpg,warsaw,52.234495,21.076731,0,2024-08,streetview
data/images/warsaw/52.234495_21.076731_h90.jpg,warsaw,52.234495,21.076731,90,2024-08,streetview
data/images/warsaw/52.234495_21.076731_h180.jpg,warsaw,52.234495,21.076731,180,2024-08,streetview
data/images/warsaw/52.234495_21.076731_h270.jpg,warsaw,52.234495,21.076731,270,2024-08,streetview
data/images/warsaw/52.284082_20.988767_h0.jpg,warsaw,52.284082,20.988767,0,2026-04,streetview
data/images/warsaw/52.284082_20.988767_h90.jpg,warsaw,52.284082,20.988767,90,2026-04,streetview
data/images/warsaw/52.284082_20.988767_h180.jpg,warsaw,52.284082,20.988767,180,2026-04,streetview
data/images/warsaw/52.284082_20.988767_h270.jpg,warsaw,52.284082,20.988767,270,2026-04,streetview
data/images/warsaw/52.243119_20.983449_h0.jpg,warsaw,52.243119,20.983449,0,2020-10,streetview
data/images/warsaw/52.243119_20.983449_h90.jpg,warsaw,52.243119,20.983449,90,2020-10,streetview
data/images/warsaw/52.243119_20.983449_h180.jpg,warsaw,52.243119,20.983449,180,2020-10,streetview
data/images/warsaw/52.243119_20.983449_h270.jpg,warsaw,52.243119,20.983449,270,2020-10,streetview
data/images/warsaw/52.233417_20.964081_h0.jpg,warsaw,52.233417,20.964081,0,2021-04,streetview
data/images/warsaw/52.233417_20.964081_h90.jpg,warsaw,52.233417,20.964081,90,2021-04,streetview
data/images/warsaw/52.233417_20.964081_h180.jpg,warsaw,52.233417,20.964081,180,2021-04,streetview
data/images/warsaw/52.233417_20.964081_h270.jpg,warsaw,52.233417,20.964081,270,2021-04,streetview
data/images/warsaw/52.218326_20.971114_h0.jpg,warsaw,52.218326,20.971114,0,2018-06,streetview
data/images/warsaw/52.218326_20.971114_h90.jpg,warsaw,52.218326,20.971114,90,2018-06,streetview
data/images/warsaw/52.218326_20.971114_h180.jpg,warsaw,52.218326,20.971114,180,2018-06,streetview
data/images/warsaw/52.218326_20.971114_h270.jpg,warsaw,52.218326,20.971114,270,2018-06,streetview
data/images/warsaw/52.229105_21.034477_h0.jpg,warsaw,52.229105,21.034477,0,2024-08,streetview
data/images/warsaw/52.229105_21.034477_h90.jpg,warsaw,52.229105,21.034477,90,2024-08,streetview
data/images/warsaw/52.229105_21.034477_h180.jpg,warsaw,52.229105,21.034477,180,2024-08,streetview
data/images/warsaw/52.229105_21.034477_h270.jpg,warsaw,52.229105,21.034477,270,2024-08,streetview
data/images/warsaw/52.243119_20.974647_h0.jpg,warsaw,52.243119,20.974647,0,2022-06,streetview
data/images/warsaw/52.243119_20.974647_h90.jpg,warsaw,52.243119,20.974647,90,2022-06,streetview
data/images/warsaw/52.243119_20.974647_h180.jpg,warsaw,52.243119,20.974647,180,2022-06,streetview
data/images/warsaw/52.243119_20.974647_h270.jpg,warsaw,52.243119,20.974647,270,2022-06,streetview
data/images/warsaw/52.214014_20.967593_h0.jpg,warsaw,52.214014,20.967593,0,2024-07,streetview
data/images/warsaw/52.214014_20.967593_h90.jpg,warsaw,52.214014,20.967593,90,2024-07,streetview
data/images/warsaw/52.214014_20.967593_h180.jpg,warsaw,52.214014,20.967593,180,2024-07,streetview
data/images/warsaw/52.214014_20.967593_h270.jpg,warsaw,52.214014,20.967593,270,2024-07,streetview
data/images/warsaw/52.246353_21.069722_h0.jpg,warsaw,52.246353,21.069722,0,2024-08,streetview
data/images/warsaw/52.246353_21.069722_h90.jpg,warsaw,52.246353,21.069722,90,2024-08,streetview
data/images/warsaw/52.246353_21.069722_h180.jpg,warsaw,52.246353,21.069722,180,2024-08,streetview
data/images/warsaw/52.246353_21.069722_h270.jpg,warsaw,52.246353,21.069722,270,2024-08,streetview
data/images/warsaw/52.207546_20.978145_h0.jpg,warsaw,52.207546,20.978145,0,2024-07,streetview
data/images/warsaw/52.207546_20.978145_h90.jpg,warsaw,52.207546,20.978145,90,2024-07,streetview
data/images/warsaw/52.207546_20.978145_h180.jpg,warsaw,52.207546,20.978145,180,2024-07,streetview
data/images/warsaw/52.207546_20.978145_h270.jpg,warsaw,52.207546,20.978145,270,2024-07,streetview
data/images/warsaw/52.251743_21.027477_h0.jpg,warsaw,52.251743,21.027477,0,2024-08,streetview
data/images/warsaw/52.251743_21.027477_h90.jpg,warsaw,52.251743,21.027477,90,2024-08,streetview
data/images/warsaw/52.251743_21.027477_h180.jpg,warsaw,52.251743,21.027477,180,2024-08,streetview
data/images/warsaw/52.251743_21.027477_h270.jpg,warsaw,52.251743,21.027477,270,2024-08,streetview
data/images/warsaw/52.250665_20.985216_h0.jpg,warsaw,52.250665,20.985216,0,2021-08,streetview
data/images/warsaw/52.250665_20.985216_h90.jpg,warsaw,52.250665,20.985216,90,2021-08,streetview
data/images/warsaw/52.250665_20.985216_h180.jpg,warsaw,52.250665,20.985216,180,2021-08,streetview
data/images/warsaw/52.250665_20.985216_h270.jpg,warsaw,52.250665,20.985216,270,2021-08,streetview
data/images/warsaw/52.278692_21.039857_h0.jpg,warsaw,52.278692,21.039857,0,2018-03,streetview
data/images/warsaw/52.278692_21.039857_h90.jpg,warsaw,52.278692,21.039857,90,2018-03,streetview
data/images/warsaw/52.278692_21.039857_h180.jpg,warsaw,52.278692,21.039857,180,2018-03,streetview
data/images/warsaw/52.278692_21.039857_h270.jpg,warsaw,52.278692,21.039857,270,2018-03,streetview
data/images/warsaw/52.21078_21.074904_h0.jpg,warsaw,52.21078,21.074904,0,2023-01,streetview
data/images/warsaw/52.21078_21.074904_h90.jpg,warsaw,52.21078,21.074904,90,2023-01,streetview
data/images/warsaw/52.21078_21.074904_h180.jpg,warsaw,52.21078,21.074904,180,2023-01,streetview
data/images/warsaw/52.21078_21.074904_h270.jpg,warsaw,52.21078,21.074904,270,2023-01,streetview
data/images/warsaw/52.231261_21.004561_h0.jpg,warsaw,52.231261,21.004561,0,2021-11,streetview
data/images/warsaw/52.231261_21.004561_h90.jpg,warsaw,52.231261,21.004561,90,2021-11,streetview
data/images/warsaw/52.231261_21.004561_h180.jpg,warsaw,52.231261,21.004561,180,2021-11,streetview
data/images/warsaw/52.231261_21.004561_h270.jpg,warsaw,52.231261,21.004561,270,2021-11,streetview
data/images/warsaw/52.239885_20.978166_h0.jpg,warsaw,52.239885,20.978166,0,2024-08,streetview
data/images/warsaw/52.239885_20.978166_h90.jpg,warsaw,52.239885,20.978166,90,2024-08,streetview
data/images/warsaw/52.239885_20.978166_h180.jpg,warsaw,52.239885,20.978166,180,2024-08,streetview
data/images/warsaw/52.239885_20.978166_h270.jpg,warsaw,52.239885,20.978166,270,2024-08,streetview
data/images/warsaw/52.203234_21.016839_h0.jpg,warsaw,52.203234,21.016839,0,2022-07,streetview
data/images/warsaw/52.203234_21.016839_h90.jpg,warsaw,52.203234,21.016839,90,2022-07,streetview
data/images/warsaw/52.203234_21.016839_h180.jpg,warsaw,52.203234,21.016839,180,2022-07,streetview
data/images/warsaw/52.203234_21.016839_h270.jpg,warsaw,52.203234,21.016839,270,2022-07,streetview
data/images/warsaw/52.225871_21.011593_h0.jpg,warsaw,52.225871,21.011593,0,2024-08,streetview
data/images/warsaw/52.225871_21.011593_h90.jpg,warsaw,52.225871,21.011593,90,2024-08,streetview
data/images/warsaw/52.225871_21.011593_h180.jpg,warsaw,52.225871,21.011593,180,2024-08,streetview
data/images/warsaw/52.225871_21.011593_h270.jpg,warsaw,52.225871,21.011593,270,2024-08,streetview
data/images/warsaw/52.243119_20.978168_h0.jpg,warsaw,52.243119,20.978168,0,2024-08,streetview
data/images/warsaw/52.243119_20.978168_h90.jpg,warsaw,52.243119,20.978168,90,2024-08,streetview
data/images/warsaw/52.243119_20.978168_h180.jpg,warsaw,52.243119,20.978168,180,2024-08,streetview
data/images/warsaw/52.243119_20.978168_h270.jpg,warsaw,52.243119,20.978168,270,2024-08,streetview
data/images/warsaw/52.259289_21.07328_h0.jpg,warsaw,52.259289,21.07328,0,2022-06,streetview
data/images/warsaw/52.259289_21.07328_h90.jpg,warsaw,52.259289,21.07328,90,2022-06,streetview
data/images/warsaw/52.259289_21.07328_h180.jpg,warsaw,52.259289,21.07328,180,2022-06,streetview
data/images/warsaw/52.259289_21.07328_h270.jpg,warsaw,52.259289,21.07328,270,2022-06,streetview
data/images/warsaw/52.27977_21.055717_h0.jpg,warsaw,52.27977,21.055717,0,2024-08,streetview
data/images/warsaw/52.27977_21.055717_h90.jpg,warsaw,52.27977,21.055717,90,2024-08,streetview
data/images/warsaw/52.27977_21.055717_h180.jpg,warsaw,52.27977,21.055717,180,2024-08,streetview
data/images/warsaw/52.27977_21.055717_h270.jpg,warsaw,52.27977,21.055717,270,2024-08,streetview
data/images/warsaw/52.214014_21.025652_h0.jpg,warsaw,52.214014,21.025652,0,2024-08,streetview
data/images/warsaw/52.214014_21.025652_h90.jpg,warsaw,52.214014,21.025652,90,2024-08,streetview
data/images/warsaw/52.214014_21.025652_h180.jpg,warsaw,52.214014,21.025652,180,2024-08,streetview
data/images/warsaw/52.214014_21.025652_h270.jpg,warsaw,52.214014,21.025652,270,2024-08,streetview
data/images/warsaw/52.260367_20.962328_h0.jpg,warsaw,52.260367,20.962328,0,2024-08,streetview
data/images/warsaw/52.260367_20.962328_h90.jpg,warsaw,52.260367,20.962328,90,2024-08,streetview
data/images/warsaw/52.260367_20.962328_h180.jpg,warsaw,52.260367,20.962328,180,2024-08,streetview
data/images/warsaw/52.260367_20.962328_h270.jpg,warsaw,52.260367,20.962328,270,2024-08,streetview
data/images/warsaw/52.249587_21.059167_h0.jpg,warsaw,52.249587,21.059167,0,2020-07,streetview
data/images/warsaw/52.249587_21.059167_h90.jpg,warsaw,52.249587,21.059167,90,2020-07,streetview
data/images/warsaw/52.249587_21.059167_h180.jpg,warsaw,52.249587,21.059167,180,2020-07,streetview
data/images/warsaw/52.249587_21.059167_h270.jpg,warsaw,52.249587,21.059167,270,2020-07,streetview
data/images/warsaw/52.229105_20.96056_h0.jpg,warsaw,52.229105,20.96056,0,2022-06,streetview
data/images/warsaw/52.229105_20.96056_h90.jpg,warsaw,52.229105,20.96056,90,2022-06,streetview
data/images/warsaw/52.229105_20.96056_h180.jpg,warsaw,52.229105,20.96056,180,2022-06,streetview
data/images/warsaw/52.229105_20.96056_h270.jpg,warsaw,52.229105,20.96056,270,2022-06,streetview
data/images/warsaw/52.27438_21.068036_h0.jpg,warsaw,52.27438,21.068036,0,2022-05,streetview
data/images/warsaw/52.27438_21.068036_h90.jpg,warsaw,52.27438,21.068036,90,2022-05,streetview
data/images/warsaw/52.27438_21.068036_h180.jpg,warsaw,52.27438,21.068036,180,2022-05,streetview
data/images/warsaw/52.27438_21.068036_h270.jpg,warsaw,52.27438,21.068036,270,2022-05,streetview
data/images/warsaw/52.21617_20.972873_h0.jpg,warsaw,52.21617,20.972873,0,2020-09,streetview
data/images/warsaw/52.21617_20.972873_h90.jpg,warsaw,52.21617,20.972873,90,2020-09,streetview
data/images/warsaw/52.21617_20.972873_h180.jpg,warsaw,52.21617,20.972873,180,2020-09,streetview
data/images/warsaw/52.21617_20.972873_h270.jpg,warsaw,52.21617,20.972873,270,2020-09,streetview
data/images/warsaw/52.27438_20.981711_h0.jpg,warsaw,52.27438,20.981711,0,2018-07,streetview
data/images/warsaw/52.27438_20.981711_h90.jpg,warsaw,52.27438,20.981711,90,2018-07,streetview
data/images/warsaw/52.27438_20.981711_h180.jpg,warsaw,52.27438,20.981711,180,2018-07,streetview
data/images/warsaw/52.27438_20.981711_h270.jpg,warsaw,52.27438,20.981711,270,2018-07,streetview
data/images/warsaw/52.226949_21.022154_h0.jpg,warsaw,52.226949,21.022154,0,2024-08,streetview
data/images/warsaw/52.226949_21.022154_h90.jpg,warsaw,52.226949,21.022154,90,2024-08,streetview
data/images/warsaw/52.226949_21.022154_h180.jpg,warsaw,52.226949,21.022154,180,2024-08,streetview
data/images/warsaw/52.226949_21.022154_h270.jpg,warsaw,52.226949,21.022154,270,2024-08,streetview
data/images/warsaw/52.211858_21.02213_h0.jpg,warsaw,52.211858,21.02213,0,2022-07,streetview
data/images/warsaw/52.211858_21.02213_h90.jpg,warsaw,52.211858,21.02213,90,2022-07,streetview
data/images/warsaw/52.211858_21.02213_h180.jpg,warsaw,52.211858,21.02213,180,2022-07,streetview
data/images/warsaw/52.211858_21.02213_h270.jpg,warsaw,52.211858,21.02213,270,2022-07,streetview
data/images/warsaw/52.284082_20.969383_h0.jpg,warsaw,52.284082,20.969383,0,2022-11,streetview
data/images/warsaw/52.284082_20.969383_h90.jpg,warsaw,52.284082,20.969383,90,2022-11,streetview
data/images/warsaw/52.284082_20.969383_h180.jpg,warsaw,52.284082,20.969383,180,2022-11,streetview
data/images/warsaw/52.284082_20.969383_h270.jpg,warsaw,52.284082,20.969383,270,2022-11,streetview
data/images/warsaw/52.204312_21.022117_h0.jpg,warsaw,52.204312,21.022117,0,2018-06,streetview
data/images/warsaw/52.204312_21.022117_h90.jpg,warsaw,52.204312,21.022117,90,2018-06,streetview
data/images/warsaw/52.204312_21.022117_h180.jpg,warsaw,52.204312,21.022117,180,2018-06,streetview
data/images/warsaw/52.204312_21.022117_h270.jpg,warsaw,52.204312,21.022117,270,2018-06,streetview
data/images/warsaw/52.283004_21.029294_h0.jpg,warsaw,52.283004,21.029294,0,2022-05,streetview
data/images/warsaw/52.283004_21.029294_h90.jpg,warsaw,52.283004,21.029294,90,2022-05,streetview
data/images/warsaw/52.283004_21.029294_h180.jpg,warsaw,52.283004,21.029294,180,2022-05,streetview
data/images/warsaw/52.283004_21.029294_h270.jpg,warsaw,52.283004,21.029294,270,2022-05,streetview
data/images/warsaw/52.222637_21.069659_h0.jpg,warsaw,52.222637,21.069659,0,2022-06,streetview
data/images/warsaw/52.222637_21.069659_h90.jpg,warsaw,52.222637,21.069659,90,2022-06,streetview
data/images/warsaw/52.222637_21.069659_h180.jpg,warsaw,52.222637,21.069659,180,2022-06,streetview
data/images/warsaw/52.222637_21.069659_h270.jpg,warsaw,52.222637,21.069659,270,2022-06,streetview
data/images/warsaw/52.236651_20.995766_h0.jpg,warsaw,52.236651,20.995766,0,2024-08,streetview
data/images/warsaw/52.236651_20.995766_h90.jpg,warsaw,52.236651,20.995766,90,2024-08,streetview
data/images/warsaw/52.236651_20.995766_h180.jpg,warsaw,52.236651,20.995766,180,2024-08,streetview
data/images/warsaw/52.236651_20.995766_h270.jpg,warsaw,52.236651,20.995766,270,2024-08,streetview
data/images/warsaw/52.275458_20.95_h0.jpg,warsaw,52.275458,20.95,0,2022-11,streetview
data/images/warsaw/52.275458_20.95_h90.jpg,warsaw,52.275458,20.95,90,2022-11,streetview
data/images/warsaw/52.275458_20.95_h180.jpg,warsaw,52.275458,20.95,180,2022-11,streetview
data/images/warsaw/52.275458_20.95_h270.jpg,warsaw,52.275458,20.95,270,2022-11,streetview
data/images/warsaw/52.281926_20.96762_h0.jpg,warsaw,52.281926,20.96762,0,2022-11,streetview
data/images/warsaw/52.281926_20.96762_h90.jpg,warsaw,52.281926,20.96762,90,2022-11,streetview
data/images/warsaw/52.281926_20.96762_h180.jpg,warsaw,52.281926,20.96762,180,2022-11,streetview
data/images/warsaw/52.281926_20.96762_h270.jpg,warsaw,52.281926,20.96762,270,2022-11,streetview
data/images/warsaw/52.215092_21.025654_h0.jpg,warsaw,52.215092,21.025654,0,2018-09,streetview
data/images/warsaw/52.215092_21.025654_h90.jpg,warsaw,52.215092,21.025654,90,2018-09,streetview
data/images/warsaw/52.215092_21.025654_h180.jpg,warsaw,52.215092,21.025654,180,2018-09,streetview
data/images/warsaw/52.215092_21.025654_h270.jpg,warsaw,52.215092,21.025654,270,2018-09,streetview
data/images/warsaw/52.27438_21.016946_h0.jpg,warsaw,52.27438,21.016946,0,2020-10,streetview
data/images/warsaw/52.27438_21.016946_h90.jpg,warsaw,52.27438,21.016946,90,2020-10,streetview
data/images/warsaw/52.27438_21.016946_h180.jpg,warsaw,52.27438,21.016946,180,2020-10,streetview
data/images/warsaw/52.27438_21.016946_h270.jpg,warsaw,52.27438,21.016946,270,2020-10,streetview
data/images/warsaw/52.222637_20.985194_h0.jpg,warsaw,52.222637,20.985194,0,2019-04,streetview
data/images/warsaw/52.222637_20.985194_h90.jpg,warsaw,52.222637,20.985194,90,2019-04,streetview
data/images/warsaw/52.222637_20.985194_h180.jpg,warsaw,52.222637,20.985194,180,2019-04,streetview
data/images/warsaw/52.222637_20.985194_h270.jpg,warsaw,52.222637,20.985194,270,2019-04,streetview
data/images/warsaw/52.229105_20.969359_h0.jpg,warsaw,52.229105,20.969359,0,2024-08,streetview
data/images/warsaw/52.229105_20.969359_h90.jpg,warsaw,52.229105,20.969359,90,2024-08,streetview
data/images/warsaw/52.229105_20.969359_h180.jpg,warsaw,52.229105,20.969359,180,2024-08,streetview
data/images/warsaw/52.229105_20.969359_h270.jpg,warsaw,52.229105,20.969359,270,2024-08,streetview
data/images/warsaw/52.262522_21.031018_h0.jpg,warsaw,52.262522,21.031018,0,2022-05,streetview
data/images/warsaw/52.262522_21.031018_h90.jpg,warsaw,52.262522,21.031018,90,2022-05,streetview
data/images/warsaw/52.262522_21.031018_h180.jpg,warsaw,52.262522,21.031018,180,2022-05,streetview
data/images/warsaw/52.262522_21.031018_h270.jpg,warsaw,52.262522,21.031018,270,2022-05,streetview
data/images/warsaw/52.267912_21.066258_h0.jpg,warsaw,52.267912,21.066258,0,2019-08,streetview
data/images/warsaw/52.267912_21.066258_h90.jpg,warsaw,52.267912,21.066258,90,2019-08,streetview
data/images/warsaw/52.267912_21.066258_h180.jpg,warsaw,52.267912,21.066258,180,2019-08,streetview
data/images/warsaw/52.267912_21.066258_h270.jpg,warsaw,52.267912,21.066258,270,2019-08,streetview
data/images/warsaw/52.277614_21.060998_h0.jpg,warsaw,52.277614,21.060998,0,2024-08,streetview
data/images/warsaw/52.277614_21.060998_h90.jpg,warsaw,52.277614,21.060998,90,2024-08,streetview
data/images/warsaw/52.277614_21.060998_h180.jpg,warsaw,52.277614,21.060998,180,2024-08,streetview
data/images/warsaw/52.277614_21.060998_h270.jpg,warsaw,52.277614,21.060998,270,2024-08,streetview
data/images/warsaw/52.230183_21.078479_h0.jpg,warsaw,52.230183,21.078479,0,2024-08,streetview
data/images/warsaw/52.230183_21.078479_h90.jpg,warsaw,52.230183,21.078479,90,2024-08,streetview
data/images/warsaw/52.230183_21.078479_h180.jpg,warsaw,52.230183,21.078479,180,2024-08,streetview
data/images/warsaw/52.230183_21.078479_h270.jpg,warsaw,52.230183,21.078479,270,2024-08,streetview
data/images/warsaw/52.21078_21.059071_h0.jpg,warsaw,52.21078,21.059071,0,2020-11,streetview
data/images/warsaw/52.21078_21.059071_h90.jpg,warsaw,52.21078,21.059071,90,2020-11,streetview
data/images/warsaw/52.21078_21.059071_h180.jpg,warsaw,52.21078,21.059071,180,2020-11,streetview
data/images/warsaw/52.21078_21.059071_h270.jpg,warsaw,52.21078,21.059071,270,2020-11,streetview
data/images/warsaw/52.26899_21.036315_h0.jpg,warsaw,52.26899,21.036315,0,2024-08,streetview
data/images/warsaw/52.26899_21.036315_h90.jpg,warsaw,52.26899,21.036315,90,2024-08,streetview
data/images/warsaw/52.26899_21.036315_h180.jpg,warsaw,52.26899,21.036315,180,2024-08,streetview
data/images/warsaw/52.26899_21.036315_h270.jpg,warsaw,52.26899,21.036315,270,2024-08,streetview
data/images/warsaw/52.234495_20.994004_h0.jpg,warsaw,52.234495,20.994004,0,2019-02,streetview
data/images/warsaw/52.234495_20.994004_h90.jpg,warsaw,52.234495,20.994004,90,2019-02,streetview
data/images/warsaw/52.234495_20.994004_h180.jpg,warsaw,52.234495,20.994004,180,2019-02,streetview
data/images/warsaw/52.234495_20.994004_h270.jpg,warsaw,52.234495,20.994004,270,2019-02,streetview
data/images/warsaw/52.27438_21.052181_h0.jpg,warsaw,52.27438,21.052181,0,2022-05,streetview
data/images/warsaw/52.27438_21.052181_h90.jpg,warsaw,52.27438,21.052181,90,2022-05,streetview
data/images/warsaw/52.27438_21.052181_h180.jpg,warsaw,52.27438,21.052181,180,2022-05,streetview
data/images/warsaw/52.27438_21.052181_h270.jpg,warsaw,52.27438,21.052181,270,2022-05,streetview
data/images/warsaw/52.288394_21.008156_h0.jpg,warsaw,52.288394,21.008156,0,2022-10,streetview
data/images/warsaw/52.288394_21.008156_h90.jpg,warsaw,52.288394,21.008156,90,2022-10,streetview
data/images/warsaw/52.288394_21.008156_h180.jpg,warsaw,52.288394,21.008156,180,2022-10,streetview
data/images/warsaw/52.288394_21.008156_h270.jpg,warsaw,52.288394,21.008156,270,2022-10,streetview
data/images/warsaw/52.217248_20.997506_h0.jpg,warsaw,52.217248,20.997506,0,2024-07,streetview
data/images/warsaw/52.217248_20.997506_h90.jpg,warsaw,52.217248,20.997506,90,2024-07,streetview
data/images/warsaw/52.217248_20.997506_h180.jpg,warsaw,52.217248,20.997506,180,2024-07,streetview
data/images/warsaw/52.217248_20.997506_h270.jpg,warsaw,52.217248,20.997506,270,2024-07,streetview
data/images/warsaw/52.208624_21.015088_h0.jpg,warsaw,52.208624,21.015088,0,2023-03,streetview
data/images/warsaw/52.208624_21.015088_h90.jpg,warsaw,52.208624,21.015088,90,2023-03,streetview
data/images/warsaw/52.208624_21.015088_h180.jpg,warsaw,52.208624,21.015088,180,2023-03,streetview
data/images/warsaw/52.208624_21.015088_h270.jpg,warsaw,52.208624,21.015088,270,2023-03,streetview
data/images/warsaw/52.254977_21.055658_h0.jpg,warsaw,52.254977,21.055658,0,2024-08,streetview
data/images/warsaw/52.254977_21.055658_h90.jpg,warsaw,52.254977,21.055658,90,2024-08,streetview
data/images/warsaw/52.254977_21.055658_h180.jpg,warsaw,52.254977,21.055658,180,2024-08,streetview
data/images/warsaw/52.254977_21.055658_h270.jpg,warsaw,52.254977,21.055658,270,2024-08,streetview
data/images/warsaw/52.283004_21.059249_h0.jpg,warsaw,52.283004,21.059249,0,2022-05,streetview
data/images/warsaw/52.283004_21.059249_h90.jpg,warsaw,52.283004,21.059249,90,2022-05,streetview
data/images/warsaw/52.283004_21.059249_h180.jpg,warsaw,52.283004,21.059249,180,2022-05,streetview
data/images/warsaw/52.283004_21.059249_h270.jpg,warsaw,52.283004,21.059249,270,2022-05,streetview
data/images/warsaw/52.208624_20.958796_h0.jpg,warsaw,52.208624,20.958796,0,2024-07,streetview
data/images/warsaw/52.208624_20.958796_h90.jpg,warsaw,52.208624,20.958796,90,2024-07,streetview
data/images/warsaw/52.208624_20.958796_h180.jpg,warsaw,52.208624,20.958796,180,2024-07,streetview
data/images/warsaw/52.208624_20.958796_h270.jpg,warsaw,52.208624,20.958796,270,2024-07,streetview
data/images/warsaw/52.228027_21.064393_h0.jpg,warsaw,52.228027,21.064393,0,2024-08,streetview
data/images/warsaw/52.228027_21.064393_h90.jpg,warsaw,52.228027,21.064393,90,2024-08,streetview
data/images/warsaw/52.228027_21.064393_h180.jpg,warsaw,52.228027,21.064393,180,2024-08,streetview
data/images/warsaw/52.228027_21.064393_h270.jpg,warsaw,52.228027,21.064393,270,2024-08,streetview
data/images/warsaw/52.261444_20.974657_h0.jpg,warsaw,52.261444,20.974657,0,2019-04,streetview
data/images/warsaw/52.261444_20.974657_h90.jpg,warsaw,52.261444,20.974657,90,2019-04,streetview
data/images/warsaw/52.261444_20.974657_h180.jpg,warsaw,52.261444,20.974657,180,2019-04,streetview
data/images/warsaw/52.261444_20.974657_h270.jpg,warsaw,52.261444,20.974657,270,2019-04,streetview
data/images/warsaw/52.218326_20.967595_h0.jpg,warsaw,52.218326,20.967595,0,2024-07,streetview
data/images/warsaw/52.218326_20.967595_h90.jpg,warsaw,52.218326,20.967595,90,2024-07,streetview
data/images/warsaw/52.218326_20.967595_h180.jpg,warsaw,52.218326,20.967595,180,2024-07,streetview
data/images/warsaw/52.218326_20.967595_h270.jpg,warsaw,52.218326,20.967595,270,2024-07,streetview
data/images/warsaw/52.243119_21.02042_h0.jpg,warsaw,52.243119,21.02042,0,2026-04,streetview
data/images/warsaw/52.243119_21.02042_h90.jpg,warsaw,52.243119,21.02042,90,2026-04,streetview
data/images/warsaw/52.243119_21.02042_h180.jpg,warsaw,52.243119,21.02042,180,2026-04,streetview
data/images/warsaw/52.243119_21.02042_h270.jpg,warsaw,52.243119,21.02042,270,2026-04,streetview
data/images/warsaw/52.246353_20.962324_h0.jpg,warsaw,52.246353,20.962324,0,2024-08,streetview
data/images/warsaw/52.246353_20.962324_h90.jpg,warsaw,52.246353,20.962324,90,2024-08,streetview
data/images/warsaw/52.246353_20.962324_h180.jpg,warsaw,52.246353,20.962324,180,2024-08,streetview
data/images/warsaw/52.246353_20.962324_h270.jpg,warsaw,52.246353,20.962324,270,2024-08,streetview
data/images/warsaw/52.224793_21.006313_h0.jpg,warsaw,52.224793,21.006313,0,2022-06,streetview
data/images/warsaw/52.224793_21.006313_h90.jpg,warsaw,52.224793,21.006313,90,2022-06,streetview
data/images/warsaw/52.224793_21.006313_h180.jpg,warsaw,52.224793,21.006313,180,2022-06,streetview
data/images/warsaw/52.224793_21.006313_h270.jpg,warsaw,52.224793,21.006313,270,2022-06,streetview
data/images/warsaw/52.271146_20.964093_h0.jpg,warsaw,52.271146,20.964093,0,2023-04,streetview
data/images/warsaw/52.271146_20.964093_h90.jpg,warsaw,52.271146,20.964093,90,2023-04,streetview
data/images/warsaw/52.271146_20.964093_h180.jpg,warsaw,52.271146,20.964093,180,2023-04,streetview
data/images/warsaw/52.271146_20.964093_h270.jpg,warsaw,52.271146,20.964093,270,2023-04,streetview
data/images/warsaw/52.218326_20.95_h0.jpg,warsaw,52.218326,20.95,0,2020-09,streetview
data/images/warsaw/52.218326_20.95_h90.jpg,warsaw,52.218326,20.95,90,2020-09,streetview
data/images/warsaw/52.218326_20.95_h180.jpg,warsaw,52.218326,20.95,180,2020-09,streetview
data/images/warsaw/52.218326_20.95_h270.jpg,warsaw,52.218326,20.95,270,2020-09,streetview
data/images/warsaw/52.238807_21.00457_h0.jpg,warsaw,52.238807,21.00457,0,2023-03,streetview
data/images/warsaw/52.238807_21.00457_h90.jpg,warsaw,52.238807,21.00457,90,2023-03,streetview
data/images/warsaw/52.238807_21.00457_h180.jpg,warsaw,52.238807,21.00457,180,2023-03,streetview
data/images/warsaw/52.238807_21.00457_h270.jpg,warsaw,52.238807,21.00457,270,2023-03,streetview
data/images/warsaw/52.278692_21.057476_h0.jpg,warsaw,52.278692,21.057476,0,2024-08,streetview
data/images/warsaw/52.278692_21.057476_h90.jpg,warsaw,52.278692,21.057476,90,2024-08,streetview
data/images/warsaw/52.278692_21.057476_h180.jpg,warsaw,52.278692,21.057476,180,2024-08,streetview
data/images/warsaw/52.278692_21.057476_h270.jpg,warsaw,52.278692,21.057476,270,2024-08,streetview
data/images/warsaw/52.237729_20.965843_h0.jpg,warsaw,52.237729,20.965843,0,2022-06,streetview
data/images/warsaw/52.237729_20.965843_h90.jpg,warsaw,52.237729,20.965843,90,2022-06,streetview
data/images/warsaw/52.237729_20.965843_h180.jpg,warsaw,52.237729,20.965843,180,2022-06,streetview
data/images/warsaw/52.237729_20.965843_h270.jpg,warsaw,52.237729,20.965843,270,2022-06,streetview
data/images/warsaw/52.206468_20.96759_h0.jpg,warsaw,52.206468,20.96759,0,2024-07,streetview
data/images/warsaw/52.206468_20.96759_h90.jpg,warsaw,52.206468,20.96759,90,2024-07,streetview
data/images/warsaw/52.206468_20.96759_h180.jpg,warsaw,52.206468,20.96759,180,2024-07,streetview
data/images/warsaw/52.206468_20.96759_h270.jpg,warsaw,52.206468,20.96759,270,2024-07,streetview
data/images/warsaw/52.212936_21.018613_h0.jpg,warsaw,52.212936,21.018613,0,2021-04,streetview
data/images/warsaw/52.212936_21.018613_h90.jpg,warsaw,52.212936,21.018613,90,2021-04,streetview
data/images/warsaw/52.212936_21.018613_h180.jpg,warsaw,52.212936,21.018613,180,2021-04,streetview
data/images/warsaw/52.212936_21.018613_h270.jpg,warsaw,52.212936,21.018613,270,2021-04,streetview
data/images/warsaw/52.273302_21.031038_h0.jpg,warsaw,52.273302,21.031038,0,2024-08,streetview
data/images/warsaw/52.273302_21.031038_h90.jpg,warsaw,52.273302,21.031038,90,2024-08,streetview
data/images/warsaw/52.273302_21.031038_h180.jpg,warsaw,52.273302,21.031038,180,2024-08,streetview
data/images/warsaw/52.273302_21.031038_h270.jpg,warsaw,52.273302,21.031038,270,2024-08,streetview
data/images/warsaw/52.218326_20.976393_h0.jpg,warsaw,52.218326,20.976393,0,2022-07,streetview
data/images/warsaw/52.218326_20.976393_h90.jpg,warsaw,52.218326,20.976393,90,2022-07,streetview
data/images/warsaw/52.218326_20.976393_h180.jpg,warsaw,52.218326,20.976393,180,2022-07,streetview
data/images/warsaw/52.218326_20.976393_h270.jpg,warsaw,52.218326,20.976393,270,2022-07,streetview
data/images/warsaw/52.225871_21.050309_h0.jpg,warsaw,52.225871,21.050309,0,2026-04,streetview
data/images/warsaw/52.225871_21.050309_h90.jpg,warsaw,52.225871,21.050309,90,2026-04,streetview
data/images/warsaw/52.225871_21.050309_h180.jpg,warsaw,52.225871,21.050309,180,2026-04,streetview
data/images/warsaw/52.225871_21.050309_h270.jpg,warsaw,52.225871,21.050309,270,2026-04,streetview
data/images/warsaw/52.260367_21.027492_h0.jpg,warsaw,52.260367,21.027492,0,2024-08,streetview
data/images/warsaw/52.260367_21.027492_h90.jpg,warsaw,52.260367,21.027492,90,2024-08,streetview
data/images/warsaw/52.260367_21.027492_h180.jpg,warsaw,52.260367,21.027492,180,2024-08,streetview
data/images/warsaw/52.260367_21.027492_h270.jpg,warsaw,52.260367,21.027492,270,2024-08,streetview
data/images/warsaw/52.238807_21.00281_h0.jpg,warsaw,52.238807,21.00281,0,2019-07,streetview
data/images/warsaw/52.238807_21.00281_h90.jpg,warsaw,52.238807,21.00281,90,2019-07,streetview
data/images/warsaw/52.238807_21.00281_h180.jpg,warsaw,52.238807,21.00281,180,2019-07,streetview
data/images/warsaw/52.238807_21.00281_h270.jpg,warsaw,52.238807,21.00281,270,2019-07,streetview
data/images/warsaw/52.270068_21.018701_h0.jpg,warsaw,52.270068,21.018701,0,2020-10,streetview
data/images/warsaw/52.270068_21.018701_h90.jpg,warsaw,52.270068,21.018701,90,2020-10,streetview
data/images/warsaw/52.270068_21.018701_h180.jpg,warsaw,52.270068,21.018701,180,2020-10,streetview
data/images/warsaw/52.270068_21.018701_h270.jpg,warsaw,52.270068,21.018701,270,2020-10,streetview
data/images/warsaw/52.284082_21.031058_h0.jpg,warsaw,52.284082,21.031058,0,2022-05,streetview
data/images/warsaw/52.284082_21.031058_h90.jpg,warsaw,52.284082,21.031058,90,2022-05,streetview
data/images/warsaw/52.284082_21.031058_h180.jpg,warsaw,52.284082,21.031058,180,2022-05,streetview
data/images/warsaw/52.284082_21.031058_h270.jpg,warsaw,52.284082,21.031058,270,2022-05,streetview
data/images/warsaw/52.235573_20.988724_h0.jpg,warsaw,52.235573,20.988724,0,2018-05,streetview
data/images/warsaw/52.235573_20.988724_h90.jpg,warsaw,52.235573,20.988724,90,2018-05,streetview
data/images/warsaw/52.235573_20.988724_h180.jpg,warsaw,52.235573,20.988724,180,2018-05,streetview
data/images/warsaw/52.235573_20.988724_h270.jpg,warsaw,52.235573,20.988724,270,2018-05,streetview
data/images/warsaw/52.235573_20.960561_h0.jpg,warsaw,52.235573,20.960561,0,2022-06,streetview
data/images/warsaw/52.235573_20.960561_h90.jpg,warsaw,52.235573,20.960561,90,2022-06,streetview
data/images/warsaw/52.235573_20.960561_h180.jpg,warsaw,52.235573,20.960561,180,2022-06,streetview
data/images/warsaw/52.235573_20.960561_h270.jpg,warsaw,52.235573,20.960561,270,2022-06,streetview
data/images/warsaw/52.20539_21.034432_h0.jpg,warsaw,52.20539,21.034432,0,2022-07,streetview
data/images/warsaw/52.20539_21.034432_h90.jpg,warsaw,52.20539,21.034432,90,2022-07,streetview
data/images/warsaw/52.20539_21.034432_h180.jpg,warsaw,52.20539,21.034432,180,2022-07,streetview
data/images/warsaw/52.20539_21.034432_h270.jpg,warsaw,52.20539,21.034432,270,2022-07,streetview
data/images/warsaw/52.278692_21.043381_h0.jpg,warsaw,52.278692,21.043381,0,2024-08,streetview
data/images/warsaw/52.278692_21.043381_h90.jpg,warsaw,52.278692,21.043381,90,2024-08,streetview
data/images/warsaw/52.278692_21.043381_h180.jpg,warsaw,52.278692,21.043381,180,2024-08,streetview
data/images/warsaw/52.278692_21.043381_h270.jpg,warsaw,52.278692,21.043381,270,2024-08,streetview
data/images/warsaw/52.258211_21.018683_h0.jpg,warsaw,52.258211,21.018683,0,2024-09,streetview
data/images/warsaw/52.258211_21.018683_h90.jpg,warsaw,52.258211,21.018683,90,2024-09,streetview
data/images/warsaw/52.258211_21.018683_h180.jpg,warsaw,52.258211,21.018683,180,2024-09,streetview
data/images/warsaw/52.258211_21.018683_h270.jpg,warsaw,52.258211,21.018683,270,2024-09,streetview
data/images/warsaw/52.233417_20.960561_h0.jpg,warsaw,52.233417,20.960561,0,2024-08,streetview
data/images/warsaw/52.233417_20.960561_h90.jpg,warsaw,52.233417,20.960561,90,2024-08,streetview
data/images/warsaw/52.233417_20.960561_h180.jpg,warsaw,52.233417,20.960561,180,2024-08,streetview
data/images/warsaw/52.233417_20.960561_h270.jpg,warsaw,52.233417,20.960561,270,2024-08,streetview
data/images/warsaw/52.26899_20.962331_h0.jpg,warsaw,52.26899,20.962331,0,2024-08,streetview
data/images/warsaw/52.26899_20.962331_h90.jpg,warsaw,52.26899,20.962331,90,2024-08,streetview
data/images/warsaw/52.26899_20.962331_h180.jpg,warsaw,52.26899,20.962331,180,2024-08,streetview
data/images/warsaw/52.26899_20.962331_h270.jpg,warsaw,52.26899,20.962331,270,2024-08,streetview
data/images/warsaw/52.235573_21.022168_h0.jpg,warsaw,52.235573,21.022168,0,2021-02,streetview
data/images/warsaw/52.235573_21.022168_h90.jpg,warsaw,52.235573,21.022168,90,2021-02,streetview
data/images/warsaw/52.235573_21.022168_h180.jpg,warsaw,52.235573,21.022168,180,2021-02,streetview
data/images/warsaw/52.235573_21.022168_h270.jpg,warsaw,52.235573,21.022168,270,2021-02,streetview
data/images/warsaw/52.243119_20.997533_h0.jpg,warsaw,52.243119,20.997533,0,2024-08,streetview
data/images/warsaw/52.243119_20.997533_h90.jpg,warsaw,52.243119,20.997533,90,2024-08,streetview
data/images/warsaw/52.243119_20.997533_h180.jpg,warsaw,52.243119,20.997533,180,2024-08,streetview
data/images/warsaw/52.243119_20.997533_h270.jpg,warsaw,52.243119,20.997533,270,2024-08,streetview
data/images/warsaw/52.264678_21.001079_h0.jpg,warsaw,52.264678,21.001079,0,2021-03,streetview
data/images/warsaw/52.264678_21.001079_h90.jpg,warsaw,52.264678,21.001079,90,2021-03,streetview
data/images/warsaw/52.264678_21.001079_h180.jpg,warsaw,52.264678,21.001079,180,2021-03,streetview
data/images/warsaw/52.264678_21.001079_h270.jpg,warsaw,52.264678,21.001079,270,2021-03,streetview
data/images/warsaw/52.226949_21.053831_h0.jpg,warsaw,52.226949,21.053831,0,2025-10,streetview
data/images/warsaw/52.226949_21.053831_h90.jpg,warsaw,52.226949,21.053831,90,2025-10,streetview
data/images/warsaw/52.226949_21.053831_h180.jpg,warsaw,52.226949,21.053831,180,2025-10,streetview
data/images/warsaw/52.226949_21.053831_h270.jpg,warsaw,52.226949,21.053831,270,2025-10,streetview
data/images/warsaw/52.266834_21.038072_h0.jpg,warsaw,52.266834,21.038072,0,2024-08,streetview
data/images/warsaw/52.266834_21.038072_h90.jpg,warsaw,52.266834,21.038072,90,2024-08,streetview
data/images/warsaw/52.266834_21.038072_h180.jpg,warsaw,52.266834,21.038072,180,2024-08,streetview
data/images/warsaw/52.266834_21.038072_h270.jpg,warsaw,52.266834,21.038072,270,2024-08,streetview
data/images/warsaw/52.252821_21.038044_h0.jpg,warsaw,52.252821,21.038044,0,2018-03,streetview
data/images/warsaw/52.252821_21.038044_h90.jpg,warsaw,52.252821,21.038044,90,2018-03,streetview
data/images/warsaw/52.252821_21.038044_h180.jpg,warsaw,52.252821,21.038044,180,2018-03,streetview
data/images/warsaw/52.252821_21.038044_h270.jpg,warsaw,52.252821,21.038044,270,2018-03,streetview
data/images/warsaw/52.280848_21.062768_h0.jpg,warsaw,52.280848,21.062768,0,2024-08,streetview
data/images/warsaw/52.280848_21.062768_h90.jpg,warsaw,52.280848,21.062768,90,2024-08,streetview
data/images/warsaw/52.280848_21.062768_h180.jpg,warsaw,52.280848,21.062768,180,2024-08,streetview
data/images/warsaw/52.280848_21.062768_h270.jpg,warsaw,52.280848,21.062768,270,2024-08,streetview
data/images/warsaw/52.278692_21.038095_h0.jpg,warsaw,52.278692,21.038095,0,2026-05,streetview
data/images/warsaw/52.278692_21.038095_h90.jpg,warsaw,52.278692,21.038095,90,2026-05,streetview
data/images/warsaw/52.278692_21.038095_h180.jpg,warsaw,52.278692,21.038095,180,2026-05,streetview
data/images/warsaw/52.278692_21.038095_h270.jpg,warsaw,52.278692,21.038095,270,2026-05,streetview
data/images/warsaw/52.247431_20.988735_h0.jpg,warsaw,52.247431,20.988735,0,2024-08,streetview
data/images/warsaw/52.247431_20.988735_h90.jpg,warsaw,52.247431,20.988735,90,2024-08,streetview
data/images/warsaw/52.247431_20.988735_h180.jpg,warsaw,52.247431,20.988735,180,2024-08,streetview
data/images/warsaw/52.247431_20.988735_h270.jpg,warsaw,52.247431,20.988735,270,2024-08,streetview
data/images/warsaw/52.26899_21.062738_h0.jpg,warsaw,52.26899,21.062738,0,2022-05,streetview
data/images/warsaw/52.26899_21.062738_h90.jpg,warsaw,52.26899,21.062738,90,2022-05,streetview
data/images/warsaw/52.26899_21.062738_h180.jpg,warsaw,52.26899,21.062738,180,2022-05,streetview
data/images/warsaw/52.26899_21.062738_h270.jpg,warsaw,52.26899,21.062738,270,2022-05,streetview
data/images/warsaw/52.280848_21.075102_h0.jpg,warsaw,52.280848,21.075102,0,2022-05,streetview
data/images/warsaw/52.280848_21.075102_h90.jpg,warsaw,52.280848,21.075102,90,2022-05,streetview
data/images/warsaw/52.280848_21.075102_h180.jpg,warsaw,52.280848,21.075102,180,2022-05,streetview
data/images/warsaw/52.280848_21.075102_h270.jpg,warsaw,52.280848,21.075102,270,2022-05,streetview
data/images/warsaw/52.251743_21.03452_h0.jpg,warsaw,52.251743,21.03452,0,2022-05,streetview
data/images/warsaw/52.251743_21.03452_h90.jpg,warsaw,52.251743,21.03452,90,2022-05,streetview
data/images/warsaw/52.251743_21.03452_h180.jpg,warsaw,52.251743,21.03452,180,2022-05,streetview
data/images/warsaw/52.251743_21.03452_h270.jpg,warsaw,52.251743,21.03452,270,2022-05,streetview
data/images/warsaw/52.234495_21.06265_h0.jpg,warsaw,52.234495,21.06265,0,2018-11,streetview
data/images/warsaw/52.234495_21.06265_h90.jpg,warsaw,52.234495,21.06265,90,2018-11,streetview
data/images/warsaw/52.234495_21.06265_h180.jpg,warsaw,52.234495,21.06265,180,2018-11,streetview
data/images/warsaw/52.234495_21.06265_h270.jpg,warsaw,52.234495,21.06265,270,2018-11,streetview
data/images/warsaw/52.231261_21.041521_h0.jpg,warsaw,52.231261,21.041521,0,2024-10,streetview
data/images/warsaw/52.231261_21.041521_h90.jpg,warsaw,52.231261,21.041521,90,2024-10,streetview
data/images/warsaw/52.231261_21.041521_h180.jpg,warsaw,52.231261,21.041521,180,2024-10,streetview
data/images/warsaw/52.231261_21.041521_h270.jpg,warsaw,52.231261,21.041521,270,2024-10,streetview
data/images/warsaw/52.221559_20.983433_h0.jpg,warsaw,52.221559,20.983433,0,2024-09,streetview
data/images/warsaw/52.221559_20.983433_h90.jpg,warsaw,52.221559,20.983433,90,2024-09,streetview
data/images/warsaw/52.221559_20.983433_h180.jpg,warsaw,52.221559,20.983433,180,2024-09,streetview
data/images/warsaw/52.221559_20.983433_h270.jpg,warsaw,52.221559,20.983433,270,2024-09,streetview
data/images/warsaw/52.247431_21.006341_h0.jpg,warsaw,52.247431,21.006341,0,2022-06,streetview
data/images/warsaw/52.247431_21.006341_h90.jpg,warsaw,52.247431,21.006341,90,2022-06,streetview
data/images/warsaw/52.247431_21.006341_h180.jpg,warsaw,52.247431,21.006341,180,2022-06,streetview
data/images/warsaw/52.247431_21.006341_h270.jpg,warsaw,52.247431,21.006341,270,2022-06,streetview
data/images/warsaw/52.257133_20.990504_h0.jpg,warsaw,52.257133,20.990504,0,2024-08,streetview
data/images/warsaw/52.257133_20.990504_h90.jpg,warsaw,52.257133,20.990504,90,2024-08,streetview
data/images/warsaw/52.257133_20.990504_h180.jpg,warsaw,52.257133,20.990504,180,2024-08,streetview
data/images/warsaw/52.257133_20.990504_h270.jpg,warsaw,52.257133,20.990504,270,2024-08,streetview
data/images/warsaw/52.265756_20.976421_h0.jpg,warsaw,52.265756,20.976421,0,2024-08,streetview
data/images/warsaw/52.265756_20.976421_h90.jpg,warsaw,52.265756,20.976421,90,2024-08,streetview
data/images/warsaw/52.265756_20.976421_h180.jpg,warsaw,52.265756,20.976421,180,2024-08,streetview
data/images/warsaw/52.265756_20.976421_h270.jpg,warsaw,52.265756,20.976421,270,2024-08,streetview
data/images/warsaw/52.236651_21.029211_h0.jpg,warsaw,52.236651,21.029211,0,2024-08,streetview
data/images/warsaw/52.236651_21.029211_h90.jpg,warsaw,52.236651,21.029211,90,2024-08,streetview
data/images/warsaw/52.236651_21.029211_h180.jpg,warsaw,52.236651,21.029211,180,2024-08,streetview
data/images/warsaw/52.236651_21.029211_h270.jpg,warsaw,52.236651,21.029211,270,2024-08,streetview
data/images/warsaw/52.240963_20.985208_h0.jpg,warsaw,52.240963,20.985208,0,2024-08,streetview
data/images/warsaw/52.240963_20.985208_h90.jpg,warsaw,52.240963,20.985208,90,2024-08,streetview
data/images/warsaw/52.240963_20.985208_h180.jpg,warsaw,52.240963,20.985208,180,2024-08,streetview
data/images/warsaw/52.240963_20.985208_h270.jpg,warsaw,52.240963,20.985208,270,2024-08,streetview
data/images/warsaw/52.235573_20.985204_h0.jpg,warsaw,52.235573,20.985204,0,2024-07,streetview
data/images/warsaw/52.235573_20.985204_h90.jpg,warsaw,52.235573,20.985204,90,2024-07,streetview
data/images/warsaw/52.235573_20.985204_h180.jpg,warsaw,52.235573,20.985204,180,2024-07,streetview
data/images/warsaw/52.235573_20.985204_h270.jpg,warsaw,52.235573,20.985204,270,2024-07,streetview
data/images/warsaw/52.237729_21.00985_h0.jpg,warsaw,52.237729,21.00985,0,2018-08,streetview
data/images/warsaw/52.237729_21.00985_h90.jpg,warsaw,52.237729,21.00985,90,2018-08,streetview
data/images/warsaw/52.237729_21.00985_h180.jpg,warsaw,52.237729,21.00985,180,2018-08,streetview
data/images/warsaw/52.237729_21.00985_h270.jpg,warsaw,52.237729,21.00985,270,2018-08,streetview
data/images/warsaw/52.204312_21.039707_h0.jpg,warsaw,52.204312,21.039707,0,2021-05,streetview
data/images/warsaw/52.204312_21.039707_h90.jpg,warsaw,52.204312,21.039707,90,2021-05,streetview
data/images/warsaw/52.204312_21.039707_h180.jpg,warsaw,52.204312,21.039707,180,2021-05,streetview
data/images/warsaw/52.204312_21.039707_h270.jpg,warsaw,52.204312,21.039707,270,2021-05,streetview
data/images/warsaw/52.207546_21.048509_h0.jpg,warsaw,52.207546,21.048509,0,2024-09,streetview
data/images/warsaw/52.207546_21.048509_h90.jpg,warsaw,52.207546,21.048509,90,2024-09,streetview
data/images/warsaw/52.207546_21.048509_h180.jpg,warsaw,52.207546,21.048509,180,2024-09,streetview
data/images/warsaw/52.207546_21.048509_h270.jpg,warsaw,52.207546,21.048509,270,2024-09,streetview
data/images/warsaw/52.253899_21.041568_h0.jpg,warsaw,52.253899,21.041568,0,2024-08,streetview
data/images/warsaw/52.253899_21.041568_h90.jpg,warsaw,52.253899,21.041568,90,2024-08,streetview
data/images/warsaw/52.253899_21.041568_h180.jpg,warsaw,52.253899,21.041568,180,2024-08,streetview
data/images/warsaw/52.253899_21.041568_h270.jpg,warsaw,52.253899,21.041568,270,2024-08,streetview
data/images/warsaw/52.226949_20.95_h0.jpg,warsaw,52.226949,20.95,0,2024-08,streetview
data/images/warsaw/52.226949_20.95_h90.jpg,warsaw,52.226949,20.95,90,2024-08,streetview
data/images/warsaw/52.226949_20.95_h180.jpg,warsaw,52.226949,20.95,180,2024-08,streetview
data/images/warsaw/52.226949_20.95_h270.jpg,warsaw,52.226949,20.95,270,2024-08,streetview
data/images/warsaw/52.251743_21.043324_h0.jpg,warsaw,52.251743,21.043324,0,2024-08,streetview
data/images/warsaw/52.251743_21.043324_h90.jpg,warsaw,52.251743,21.043324,90,2024-08,streetview
data/images/warsaw/52.251743_21.043324_h180.jpg,warsaw,52.251743,21.043324,180,2024-08,streetview
data/images/warsaw/52.251743_21.043324_h270.jpg,warsaw,52.251743,21.043324,270,2024-08,streetview
data/images/warsaw/52.238807_20.974645_h0.jpg,warsaw,52.238807,20.974645,0,2022-06,streetview
data/images/warsaw/52.238807_20.974645_h90.jpg,warsaw,52.238807,20.974645,90,2022-06,streetview
data/images/warsaw/52.238807_20.974645_h180.jpg,warsaw,52.238807,20.974645,180,2022-06,streetview
data/images/warsaw/52.238807_20.974645_h270.jpg,warsaw,52.238807,20.974645,270,2022-06,streetview
data/images/warsaw/52.246353_20.994016_h0.jpg,warsaw,52.246353,20.994016,0,2019-09,streetview
data/images/warsaw/52.246353_20.994016_h90.jpg,warsaw,52.246353,20.994016,90,2019-09,streetview
data/images/warsaw/52.246353_20.994016_h180.jpg,warsaw,52.246353,20.994016,180,2019-09,streetview
data/images/warsaw/52.246353_20.994016_h270.jpg,warsaw,52.246353,20.994016,270,2019-09,streetview
data/images/warsaw/52.226949_21.008075_h0.jpg,warsaw,52.226949,21.008075,0,2024-08,streetview
data/images/warsaw/52.226949_21.008075_h90.jpg,warsaw,52.226949,21.008075,90,2024-08,streetview
data/images/warsaw/52.226949_21.008075_h180.jpg,warsaw,52.226949,21.008075,180,2024-08,streetview
data/images/warsaw/52.226949_21.008075_h270.jpg,warsaw,52.226949,21.008075,270,2024-08,streetview
data/images/warsaw/52.284082_20.953524_h0.jpg,warsaw,52.284082,20.953524,0,2022-11,streetview
data/images/warsaw/52.284082_20.953524_h90.jpg,warsaw,52.284082,20.953524,90,2022-11,streetview
data/images/warsaw/52.284082_20.953524_h180.jpg,warsaw,52.284082,20.953524,180,2022-11,streetview
data/images/warsaw/52.284082_20.953524_h270.jpg,warsaw,52.284082,20.953524,270,2022-11,streetview
data/images/warsaw/52.275458_20.978188_h0.jpg,warsaw,52.275458,20.978188,0,2022-10,streetview
data/images/warsaw/52.275458_20.978188_h90.jpg,warsaw,52.275458,20.978188,90,2022-10,streetview
data/images/warsaw/52.275458_20.978188_h180.jpg,warsaw,52.275458,20.978188,180,2022-10,streetview
data/images/warsaw/52.275458_20.978188_h270.jpg,warsaw,52.275458,20.978188,270,2022-10,streetview
data/images/warsaw/52.217248_21.046771_h0.jpg,warsaw,52.217248,21.046771,0,2023-01,streetview
data/images/warsaw/52.217248_21.046771_h90.jpg,warsaw,52.217248,21.046771,90,2023-01,streetview
data/images/warsaw/52.217248_21.046771_h180.jpg,warsaw,52.217248,21.046771,180,2023-01,streetview
data/images/warsaw/52.217248_21.046771_h270.jpg,warsaw,52.217248,21.046771,270,2023-01,streetview
data/images/warsaw/52.201078_20.976382_h0.jpg,warsaw,52.201078,20.976382,0,2024-07,streetview
data/images/warsaw/52.201078_20.976382_h90.jpg,warsaw,52.201078,20.976382,90,2024-07,streetview
data/images/warsaw/52.201078_20.976382_h180.jpg,warsaw,52.201078,20.976382,180,2024-07,streetview
data/images/warsaw/52.201078_20.976382_h270.jpg,warsaw,52.201078,20.976382,270,2024-07,streetview
data/images/warsaw/52.229105_21.004558_h0.jpg,warsaw,52.229105,21.004558,0,2022-06,streetview
data/images/warsaw/52.229105_21.004558_h90.jpg,warsaw,52.229105,21.004558,90,2022-06,streetview
data/images/warsaw/52.229105_21.004558_h180.jpg,warsaw,52.229105,21.004558,180,2022-06,streetview
data/images/warsaw/52.229105_21.004558_h270.jpg,warsaw,52.229105,21.004558,270,2022-06,streetview
data/images/warsaw/52.28516_21.027535_h0.jpg,warsaw,52.28516,21.027535,0,2024-08,streetview
data/images/warsaw/52.28516_21.027535_h90.jpg,warsaw,52.28516,21.027535,90,2024-08,streetview
data/images/warsaw/52.28516_21.027535_h180.jpg,warsaw,52.28516,21.027535,180,2024-08,streetview
data/images/warsaw/52.28516_21.027535_h270.jpg,warsaw,52.28516,21.027535,270,2024-08,streetview
data/images/warsaw/52.232339_21.038003_h0.jpg,warsaw,52.232339,21.038003,0,2022-06,streetview
data/images/warsaw/52.232339_21.038003_h90.jpg,warsaw,52.232339,21.038003,90,2022-06,streetview
data/images/warsaw/52.232339_21.038003_h180.jpg,warsaw,52.232339,21.038003,180,2022-06,streetview
data/images/warsaw/52.232339_21.038003_h270.jpg,warsaw,52.232339,21.038003,270,2022-06,streetview
data/images/warsaw/52.21617_20.974632_h0.jpg,warsaw,52.21617,20.974632,0,2021-09,streetview
data/images/warsaw/52.21617_20.974632_h90.jpg,warsaw,52.21617,20.974632,90,2021-09,streetview
data/images/warsaw/52.21617_20.974632_h180.jpg,warsaw,52.21617,20.974632,180,2021-09,streetview
data/images/warsaw/52.21617_20.974632_h270.jpg,warsaw,52.21617,20.974632,270,2021-09,streetview
data/images/warsaw/52.270068_21.059217_h0.jpg,warsaw,52.270068,21.059217,0,2022-05,streetview
data/images/warsaw/52.270068_21.059217_h90.jpg,warsaw,52.270068,21.059217,90,2022-05,streetview
data/images/warsaw/52.270068_21.059217_h180.jpg,warsaw,52.270068,21.059217,180,2022-05,streetview
data/images/warsaw/52.270068_21.059217_h270.jpg,warsaw,52.270068,21.059217,270,2022-05,streetview
data/images/warsaw/52.225871_21.020392_h0.jpg,warsaw,52.225871,21.020392,0,2023-03,streetview
data/images/warsaw/52.225871_21.020392_h90.jpg,warsaw,52.225871,21.020392,90,2023-03,streetview
data/images/warsaw/52.225871_21.020392_h180.jpg,warsaw,52.225871,21.020392,180,2023-03,streetview
data/images/warsaw/52.225871_21.020392_h270.jpg,warsaw,52.225871,21.020392,270,2023-03,streetview
data/images/warsaw/52.228027_20.990478_h0.jpg,warsaw,52.228027,20.990478,0,2019-03,streetview
data/images/warsaw/52.228027_20.990478_h90.jpg,warsaw,52.228027,20.990478,90,2019-03,streetview
data/images/warsaw/52.228027_20.990478_h180.jpg,warsaw,52.228027,20.990478,180,2019-03,streetview
data/images/warsaw/52.228027_20.990478_h270.jpg,warsaw,52.228027,20.990478,270,2019-03,streetview
data/images/warsaw/52.27977_21.025764_h0.jpg,warsaw,52.27977,21.025764,0,2024-08,streetview
data/images/warsaw/52.27977_21.025764_h90.jpg,warsaw,52.27977,21.025764,90,2024-08,streetview
data/images/warsaw/52.27977_21.025764_h180.jpg,warsaw,52.27977,21.025764,180,2024-08,streetview
data/images/warsaw/52.27977_21.025764_h270.jpg,warsaw,52.27977,21.025764,270,2024-08,streetview
data/images/warsaw/52.254977_20.997546_h0.jpg,warsaw,52.254977,20.997546,0,2024-08,streetview
data/images/warsaw/52.254977_20.997546_h90.jpg,warsaw,52.254977,20.997546,90,2024-08,streetview
data/images/warsaw/52.254977_20.997546_h180.jpg,warsaw,52.254977,20.997546,180,2024-08,streetview
data/images/warsaw/52.254977_20.997546_h270.jpg,warsaw,52.254977,20.997546,270,2024-08,streetview
data/images/warsaw/52.260367_21.025731_h0.jpg,warsaw,52.260367,21.025731,0,2022-05,streetview
data/images/warsaw/52.260367_21.025731_h90.jpg,warsaw,52.260367,21.025731,90,2022-05,streetview
data/images/warsaw/52.260367_21.025731_h180.jpg,warsaw,52.260367,21.025731,180,2022-05,streetview
data/images/warsaw/52.260367_21.025731_h270.jpg,warsaw,52.260367,21.025731,270,2022-05,streetview
data/images/warsaw/52.229105_21.002798_h0.jpg,warsaw,52.229105,21.002798,0,2024-08,streetview
data/images/warsaw/52.229105_21.002798_h90.jpg,warsaw,52.229105,21.002798,90,2024-08,streetview
data/images/warsaw/52.229105_21.002798_h180.jpg,warsaw,52.229105,21.002798,180,2024-08,streetview
data/images/warsaw/52.229105_21.002798_h270.jpg,warsaw,52.229105,21.002798,270,2024-08,streetview
data/images/warsaw/52.20539_21.069612_h0.jpg,warsaw,52.20539,21.069612,0,2018-06,streetview
data/images/warsaw/52.20539_21.069612_h90.jpg,warsaw,52.20539,21.069612,90,2018-06,streetview
data/images/warsaw/52.20539_21.069612_h180.jpg,warsaw,52.20539,21.069612,180,2018-06,streetview
data/images/warsaw/52.20539_21.069612_h270.jpg,warsaw,52.20539,21.069612,270,2018-06,streetview
data/images/warsaw/52.266834_21.059209_h0.jpg,warsaw,52.266834,21.059209,0,2024-08,streetview
data/images/warsaw/52.266834_21.059209_h90.jpg,warsaw,52.266834,21.059209,90,2024-08,streetview
data/images/warsaw/52.266834_21.059209_h180.jpg,warsaw,52.266834,21.059209,180,2024-08,streetview
data/images/warsaw/52.266834_21.059209_h270.jpg,warsaw,52.266834,21.059209,270,2024-08,streetview
data/images/warsaw/52.239885_20.99929_h0.jpg,warsaw,52.239885,20.99929,0,2021-08,streetview
data/images/warsaw/52.239885_20.99929_h90.jpg,warsaw,52.239885,20.99929,90,2021-08,streetview
data/images/warsaw/52.239885_20.99929_h180.jpg,warsaw,52.239885,20.99929,180,2021-08,streetview
data/images/warsaw/52.239885_20.99929_h270.jpg,warsaw,52.239885,20.99929,270,2021-08,streetview
data/images/warsaw/52.220481_20.957038_h0.jpg,warsaw,52.220481,20.957038,0,2019-08,streetview
data/images/warsaw/52.220481_20.957038_h90.jpg,warsaw,52.220481,20.957038,90,2019-08,streetview
data/images/warsaw/52.220481_20.957038_h180.jpg,warsaw,52.220481,20.957038,180,2019-08,streetview
data/images/warsaw/52.220481_20.957038_h270.jpg,warsaw,52.220481,20.957038,270,2019-08,streetview
data/images/warsaw/52.250665_21.034518_h0.jpg,warsaw,52.250665,21.034518,0,2024-08,streetview
data/images/warsaw/52.250665_21.034518_h90.jpg,warsaw,52.250665,21.034518,90,2024-08,streetview
data/images/warsaw/52.250665_21.034518_h180.jpg,warsaw,52.250665,21.034518,180,2024-08,streetview
data/images/warsaw/52.250665_21.034518_h270.jpg,warsaw,52.250665,21.034518,270,2024-08,streetview
data/images/warsaw/52.286238_21.075117_h0.jpg,warsaw,52.286238,21.075117,0,2022-05,streetview
data/images/warsaw/52.286238_21.075117_h90.jpg,warsaw,52.286238,21.075117,90,2022-05,streetview
data/images/warsaw/52.286238_21.075117_h180.jpg,warsaw,52.286238,21.075117,180,2022-05,streetview
data/images/warsaw/52.286238_21.075117_h270.jpg,warsaw,52.286238,21.075117,270,2022-05,streetview
data/images/warsaw/52.253899_21.046851_h0.jpg,warsaw,52.253899,21.046851,0,2022-05,streetview
data/images/warsaw/52.253899_21.046851_h90.jpg,warsaw,52.253899,21.046851,90,2022-05,streetview
data/images/warsaw/52.253899_21.046851_h180.jpg,warsaw,52.253899,21.046851,180,2022-05,streetview
data/images/warsaw/52.253899_21.046851_h270.jpg,warsaw,52.253899,21.046851,270,2022-05,streetview
data/images/warsaw/52.208624_21.066103_h0.jpg,warsaw,52.208624,21.066103,0,2022-03,streetview
data/images/warsaw/52.208624_21.066103_h90.jpg,warsaw,52.208624,21.066103,90,2022-03,streetview
data/images/warsaw/52.208624_21.066103_h180.jpg,warsaw,52.208624,21.066103,180,2022-03,streetview
data/images/warsaw/52.208624_21.066103_h270.jpg,warsaw,52.208624,21.066103,270,2022-03,streetview
data/images/warsaw/52.258211_20.974655_h0.jpg,warsaw,52.258211,20.974655,0,2020-10,streetview
data/images/warsaw/52.258211_20.974655_h90.jpg,warsaw,52.258211,20.974655,90,2020-10,streetview
data/images/warsaw/52.258211_20.974655_h180.jpg,warsaw,52.258211,20.974655,180,2020-10,streetview
data/images/warsaw/52.258211_20.974655_h270.jpg,warsaw,52.258211,20.974655,270,2020-10,streetview
data/images/warsaw/52.208624_20.96935_h0.jpg,warsaw,52.208624,20.96935,0,2024-07,streetview
data/images/warsaw/52.208624_20.96935_h90.jpg,warsaw,52.208624,20.96935,90,2024-07,streetview
data/images/warsaw/52.208624_20.96935_h180.jpg,warsaw,52.208624,20.96935,180,2024-07,streetview
data/images/warsaw/52.208624_20.96935_h270.jpg,warsaw,52.208624,20.96935,270,2024-07,streetview
data/images/warsaw/52.211858_20.993981_h0.jpg,warsaw,52.211858,20.993981,0,2022-07,streetview
data/images/warsaw/52.211858_20.993981_h90.jpg,warsaw,52.211858,20.993981,90,2022-07,streetview
data/images/warsaw/52.211858_20.993981_h180.jpg,warsaw,52.211858,20.993981,180,2022-07,streetview
data/images/warsaw/52.211858_20.993981_h270.jpg,warsaw,52.211858,20.993981,270,2022-07,streetview
data/images/warsaw/52.275458_21.073325_h0.jpg,warsaw,52.275458,21.073325,0,2022-05,streetview
data/images/warsaw/52.275458_21.073325_h90.jpg,warsaw,52.275458,21.073325,90,2022-05,streetview
data/images/warsaw/52.275458_21.073325_h180.jpg,warsaw,52.275458,21.073325,180,2022-05,streetview
data/images/warsaw/52.275458_21.073325_h270.jpg,warsaw,52.275458,21.073325,270,2022-05,streetview
data/images/warsaw/52.202156_21.029149_h0.jpg,warsaw,52.202156,21.029149,0,2022-07,streetview
data/images/warsaw/52.202156_21.029149_h90.jpg,warsaw,52.202156,21.029149,90,2022-07,streetview
data/images/warsaw/52.202156_21.029149_h180.jpg,warsaw,52.202156,21.029149,180,2022-07,streetview
data/images/warsaw/52.202156_21.029149_h270.jpg,warsaw,52.202156,21.029149,270,2022-07,streetview
data/images/warsaw/52.250665_21.009867_h0.jpg,warsaw,52.250665,21.009867,0,2021-09,streetview
data/images/warsaw/52.250665_21.009867_h90.jpg,warsaw,52.250665,21.009867,90,2021-09,streetview
data/images/warsaw/52.250665_21.009867_h180.jpg,warsaw,52.250665,21.009867,180,2021-09,streetview
data/images/warsaw/52.250665_21.009867_h270.jpg,warsaw,52.250665,21.009867,270,2021-09,streetview
data/images/warsaw/52.243119_20.965844_h0.jpg,warsaw,52.243119,20.965844,0,2022-06,streetview
data/images/warsaw/52.243119_20.965844_h90.jpg,warsaw,52.243119,20.965844,90,2022-06,streetview
data/images/warsaw/52.243119_20.965844_h180.jpg,warsaw,52.243119,20.965844,180,2022-06,streetview
data/images/warsaw/52.243119_20.965844_h270.jpg,warsaw,52.243119,20.965844,270,2022-06,streetview
data/images/warsaw/52.207546_21.044991_h0.jpg,warsaw,52.207546,21.044991,0,2022-07,streetview
data/images/warsaw/52.207546_21.044991_h90.jpg,warsaw,52.207546,21.044991,90,2022-07,streetview
data/images/warsaw/52.207546_21.044991_h180.jpg,warsaw,52.207546,21.044991,180,2022-07,streetview
data/images/warsaw/52.207546_21.044991_h270.jpg,warsaw,52.207546,21.044991,270,2022-07,streetview
data/images/warsaw/52.251743_21.039803_h0.jpg,warsaw,52.251743,21.039803,0,2022-05,streetview
data/images/warsaw/52.251743_21.039803_h90.jpg,warsaw,52.251743,21.039803,90,2022-05,streetview
data/images/warsaw/52.251743_21.039803_h180.jpg,warsaw,52.251743,21.039803,180,2022-05,streetview
data/images/warsaw/52.251743_21.039803_h270.jpg,warsaw,52.251743,21.039803,270,2022-05,streetview
data/images/warsaw/52.2636_20.978181_h0.jpg,warsaw,52.2636,20.978181,0,2024-09,streetview
data/images/warsaw/52.2636_20.978181_h90.jpg,warsaw,52.2636,20.978181,90,2024-09,streetview
data/images/warsaw/52.2636_20.978181_h180.jpg,warsaw,52.2636,20.978181,180,2024-09,streetview
data/images/warsaw/52.2636_20.978181_h270.jpg,warsaw,52.2636,20.978181,270,2024-09,streetview
data/images/warsaw/52.225871_20.960559_h0.jpg,warsaw,52.225871,20.960559,0,2018-07,streetview
data/images/warsaw/52.225871_20.960559_h90.jpg,warsaw,52.225871,20.960559,90,2018-07,streetview
data/images/warsaw/52.225871_20.960559_h180.jpg,warsaw,52.225871,20.960559,180,2018-07,streetview
data/images/warsaw/52.225871_20.960559_h270.jpg,warsaw,52.225871,20.960559,270,2018-07,streetview
data/images/warsaw/52.289472_21.06279_h0.jpg,warsaw,52.289472,21.06279,0,2022-05,streetview
data/images/warsaw/52.289472_21.06279_h90.jpg,warsaw,52.289472,21.06279,90,2022-05,streetview
data/images/warsaw/52.289472_21.06279_h180.jpg,warsaw,52.289472,21.06279,180,2022-05,streetview
data/images/warsaw/52.289472_21.06279_h270.jpg,warsaw,52.289472,21.06279,270,2022-05,streetview
data/images/warsaw/52.220481_21.022144_h0.jpg,warsaw,52.220481,21.022144,0,2022-06,streetview
data/images/warsaw/52.220481_21.022144_h90.jpg,warsaw,52.220481,21.022144,90,2022-06,streetview
data/images/warsaw/52.220481_21.022144_h180.jpg,warsaw,52.220481,21.022144,180,2022-06,streetview
data/images/warsaw/52.220481_21.022144_h270.jpg,warsaw,52.220481,21.022144,270,2022-06,streetview
data/images/warsaw/52.209702_21.001016_h0.jpg,warsaw,52.209702,21.001016,0,2025-10,streetview
data/images/warsaw/52.209702_21.001016_h90.jpg,warsaw,52.209702,21.001016,90,2025-10,streetview
data/images/warsaw/52.209702_21.001016_h180.jpg,warsaw,52.209702,21.001016,180,2025-10,streetview
data/images/warsaw/52.209702_21.001016_h270.jpg,warsaw,52.209702,21.001016,270,2025-10,streetview
data/images/warsaw/52.27438_21.064513_h0.jpg,warsaw,52.27438,21.064513,0,2022-05,streetview
data/images/warsaw/52.27438_21.064513_h90.jpg,warsaw,52.27438,21.064513,90,2022-05,streetview
data/images/warsaw/52.27438_21.064513_h180.jpg,warsaw,52.27438,21.064513,180,2022-05,streetview
data/images/warsaw/52.27438_21.064513_h270.jpg,warsaw,52.27438,21.064513,270,2022-05,streetview
data/images/warsaw/52.266834_21.018696_h0.jpg,warsaw,52.266834,21.018696,0,2022-05,streetview
data/images/warsaw/52.266834_21.018696_h90.jpg,warsaw,52.266834,21.018696,90,2022-05,streetview
data/images/warsaw/52.266834_21.018696_h180.jpg,warsaw,52.266834,21.018696,180,2022-05,streetview
data/images/warsaw/52.266834_21.018696_h270.jpg,warsaw,52.266834,21.018696,270,2022-05,streetview
data/images/warsaw/52.284082_20.962335_h0.jpg,warsaw,52.284082,20.962335,0,2023-12,streetview
data/images/warsaw/52.284082_20.962335_h90.jpg,warsaw,52.284082,20.962335,90,2023-12,streetview
data/images/warsaw/52.284082_20.962335_h180.jpg,warsaw,52.284082,20.962335,180,2023-12,streetview
data/images/warsaw/52.284082_20.962335_h270.jpg,warsaw,52.284082,20.962335,270,2023-12,streetview
data/images/warsaw/52.217248_20.986949_h0.jpg,warsaw,52.217248,20.986949,0,2022-07,streetview
data/images/warsaw/52.217248_20.986949_h90.jpg,warsaw,52.217248,20.986949,90,2022-07,streetview
data/images/warsaw/52.217248_20.986949_h180.jpg,warsaw,52.217248,20.986949,180,2022-07,streetview
data/images/warsaw/52.217248_20.986949_h270.jpg,warsaw,52.217248,20.986949,270,2022-07,streetview
data/images/warsaw/52.281926_20.981717_h0.jpg,warsaw,52.281926,20.981717,0,2022-10,streetview
data/images/warsaw/52.281926_20.981717_h90.jpg,warsaw,52.281926,20.981717,90,2022-10,streetview
data/images/warsaw/52.281926_20.981717_h180.jpg,warsaw,52.281926,20.981717,180,2022-10,streetview
data/images/warsaw/52.281926_20.981717_h270.jpg,warsaw,52.281926,20.981717,270,2022-10,streetview
data/images/warsaw/52.237729_20.971123_h0.jpg,warsaw,52.237729,20.971123,0,2024-08,streetview
data/images/warsaw/52.237729_20.971123_h90.jpg,warsaw,52.237729,20.971123,90,2024-08,streetview
data/images/warsaw/52.237729_20.971123_h180.jpg,warsaw,52.237729,20.971123,180,2024-08,streetview
data/images/warsaw/52.237729_20.971123_h270.jpg,warsaw,52.237729,20.971123,270,2024-08,streetview
data/images/warsaw/52.233417_21.029205_h0.jpg,warsaw,52.233417,21.029205,0,2018-04,streetview
data/images/warsaw/52.233417_21.029205_h90.jpg,warsaw,52.233417,21.029205,90,2018-04,streetview
data/images/warsaw/52.233417_21.029205_h180.jpg,warsaw,52.233417,21.029205,180,2018-04,streetview
data/images/warsaw/52.233417_21.029205_h270.jpg,warsaw,52.233417,21.029205,270,2018-04,streetview
data/images/warsaw/52.277614_20.953524_h0.jpg,warsaw,52.277614,20.953524,0,2022-11,streetview
data/images/warsaw/52.277614_20.953524_h90.jpg,warsaw,52.277614,20.953524,90,2022-11,streetview
data/images/warsaw/52.277614_20.953524_h180.jpg,warsaw,52.277614,20.953524,180,2022-11,streetview
data/images/warsaw/52.277614_20.953524_h270.jpg,warsaw,52.277614,20.953524,270,2022-11,streetview
data/images/warsaw/52.276536_20.962333_h0.jpg,warsaw,52.276536,20.962333,0,2025-10,streetview
data/images/warsaw/52.276536_20.962333_h90.jpg,warsaw,52.276536,20.962333,90,2025-10,streetview
data/images/warsaw/52.276536_20.962333_h180.jpg,warsaw,52.276536,20.962333,180,2025-10,streetview
data/images/warsaw/52.276536_20.962333_h270.jpg,warsaw,52.276536,20.962333,270,2025-10,streetview
data/images/warsaw/52.278692_20.985238_h0.jpg,warsaw,52.278692,20.985238,0,2023-04,streetview
data/images/warsaw/52.278692_20.985238_h90.jpg,warsaw,52.278692,20.985238,90,2023-04,streetview
data/images/warsaw/52.278692_20.985238_h180.jpg,warsaw,52.278692,20.985238,180,2023-04,streetview
data/images/warsaw/52.278692_20.985238_h270.jpg,warsaw,52.278692,20.985238,270,2023-04,streetview
data/images/warsaw/52.266834_20.964092_h0.jpg,warsaw,52.266834,20.964092,0,2023-04,streetview
data/images/warsaw/52.266834_20.964092_h90.jpg,warsaw,52.266834,20.964092,90,2023-04,streetview
data/images/warsaw/52.266834_20.964092_h180.jpg,warsaw,52.266834,20.964092,180,2023-04,streetview
data/images/warsaw/52.266834_20.964092_h270.jpg,warsaw,52.266834,20.964092,270,2023-04,streetview
data/images/warsaw/52.233417_21.018644_h0.jpg,warsaw,52.233417,21.018644,0,2020-07,streetview
data/images/warsaw/52.233417_21.018644_h90.jpg,warsaw,52.233417,21.018644,90,2020-07,streetview
data/images/warsaw/52.233417_21.018644_h180.jpg,warsaw,52.233417,21.018644,180,2020-07,streetview
data/images/warsaw/52.233417_21.018644_h270.jpg,warsaw,52.233417,21.018644,270,2020-07,streetview
data/images/warsaw/52.252821_21.06974_h0.jpg,warsaw,52.252821,21.06974,0,2019-08,streetview
data/images/warsaw/52.252821_21.06974_h90.jpg,warsaw,52.252821,21.06974,90,2019-08,streetview
data/images/warsaw/52.252821_21.06974_h180.jpg,warsaw,52.252821,21.06974,180,2019-08,streetview
data/images/warsaw/52.252821_21.06974_h270.jpg,warsaw,52.252821,21.06974,270,2019-08,streetview
data/images/warsaw/52.204312_21.03443_h0.jpg,warsaw,52.204312,21.03443,0,2022-07,streetview
data/images/warsaw/52.204312_21.03443_h90.jpg,warsaw,52.204312,21.03443,90,2022-07,streetview
data/images/warsaw/52.204312_21.03443_h180.jpg,warsaw,52.204312,21.03443,180,2022-07,streetview
data/images/warsaw/52.204312_21.03443_h270.jpg,warsaw,52.204312,21.03443,270,2022-07,streetview
data/images/warsaw/52.245275_21.067959_h0.jpg,warsaw,52.245275,21.067959,0,2022-05,streetview
data/images/warsaw/52.245275_21.067959_h90.jpg,warsaw,52.245275,21.067959,90,2022-05,streetview
data/images/warsaw/52.245275_21.067959_h180.jpg,warsaw,52.245275,21.067959,180,2022-05,streetview
data/images/warsaw/52.245275_21.067959_h270.jpg,warsaw,52.245275,21.067959,270,2022-05,streetview
data/images/warsaw/52.240963_20.995771_h0.jpg,warsaw,52.240963,20.995771,0,2018-07,streetview
data/images/warsaw/52.240963_20.995771_h90.jpg,warsaw,52.240963,20.995771,90,2018-07,streetview
data/images/warsaw/52.240963_20.995771_h180.jpg,warsaw,52.240963,20.995771,180,2018-07,streetview
data/images/warsaw/52.240963_20.995771_h270.jpg,warsaw,52.240963,20.995771,270,2018-07,streetview
data/images/warsaw/52.233417_21.060887_h0.jpg,warsaw,52.233417,21.060887,0,2024-08,streetview
data/images/warsaw/52.233417_21.060887_h90.jpg,warsaw,52.233417,21.060887,90,2024-08,streetview
data/images/warsaw/52.233417_21.060887_h180.jpg,warsaw,52.233417,21.060887,180,2024-08,streetview
data/images/warsaw/52.233417_21.060887_h270.jpg,warsaw,52.233417,21.060887,270,2024-08,streetview
data/images/warsaw/52.286238_21.059257_h0.jpg,warsaw,52.286238,21.059257,0,2022-05,streetview
data/images/warsaw/52.286238_21.059257_h90.jpg,warsaw,52.286238,21.059257,90,2022-05,streetview
data/images/warsaw/52.286238_21.059257_h180.jpg,warsaw,52.286238,21.059257,180,2022-05,streetview
data/images/warsaw/52.286238_21.059257_h270.jpg,warsaw,52.286238,21.059257,270,2022-05,streetview
data/images/warsaw/52.275458_21.055707_h0.jpg,warsaw,52.275458,21.055707,0,2024-08,streetview
data/images/warsaw/52.275458_21.055707_h90.jpg,warsaw,52.275458,21.055707,90,2024-08,streetview
data/images/warsaw/52.275458_21.055707_h180.jpg,warsaw,52.275458,21.055707,180,2024-08,streetview
data/images/warsaw/52.275458_21.055707_h270.jpg,warsaw,52.275458,21.055707,270,2024-08,streetview
data/images/warsaw/52.202156_21.030908_h0.jpg,warsaw,52.202156,21.030908,0,2022-07,streetview
data/images/warsaw/52.202156_21.030908_h90.jpg,warsaw,52.202156,21.030908,90,2022-07,streetview
data/images/warsaw/52.202156_21.030908_h180.jpg,warsaw,52.202156,21.030908,180,2022-07,streetview
data/images/warsaw/52.202156_21.030908_h270.jpg,warsaw,52.202156,21.030908,270,2022-07,streetview
data/images/warsaw/52.208624_21.059066_h0.jpg,warsaw,52.208624,21.059066,0,2024-08,streetview
data/images/warsaw/52.208624_21.059066_h90.jpg,warsaw,52.208624,21.059066,90,2024-08,streetview
data/images/warsaw/52.208624_21.059066_h180.jpg,warsaw,52.208624,21.059066,180,2024-08,streetview
data/images/warsaw/52.208624_21.059066_h270.jpg,warsaw,52.208624,21.059066,270,2024-08,streetview
data/images/warsaw/52.246353_20.955282_h0.jpg,warsaw,52.246353,20.955282,0,2022-06,streetview
data/images/warsaw/52.246353_20.955282_h90.jpg,warsaw,52.246353,20.955282,90,2022-06,streetview
data/images/warsaw/52.246353_20.955282_h180.jpg,warsaw,52.246353,20.955282,180,2022-06,streetview
data/images/warsaw/52.246353_20.955282_h270.jpg,warsaw,52.246353,20.955282,270,2022-06,streetview
data/images/warsaw/52.257133_21.055663_h0.jpg,warsaw,52.257133,21.055663,0,2022-05,streetview
data/images/warsaw/52.257133_21.055663_h90.jpg,warsaw,52.257133,21.055663,90,2022-05,streetview
data/images/warsaw/52.257133_21.055663_h180.jpg,warsaw,52.257133,21.055663,180,2022-05,streetview
data/images/warsaw/52.257133_21.055663_h270.jpg,warsaw,52.257133,21.055663,270,2022-05,streetview
data/images/warsaw/52.247431_21.016905_h0.jpg,warsaw,52.247431,21.016905,0,2022-06,streetview
data/images/warsaw/52.247431_21.016905_h90.jpg,warsaw,52.247431,21.016905,90,2022-06,streetview
data/images/warsaw/52.247431_21.016905_h180.jpg,warsaw,52.247431,21.016905,180,2022-06,streetview
data/images/warsaw/52.247431_21.016905_h270.jpg,warsaw,52.247431,21.016905,270,2022-06,streetview
data/images/warsaw/52.251743_21.038042_h0.jpg,warsaw,52.251743,21.038042,0,2024-08,streetview
data/images/warsaw/52.251743_21.038042_h90.jpg,warsaw,52.251743,21.038042,90,2024-08,streetview
data/images/warsaw/52.251743_21.038042_h180.jpg,warsaw,52.251743,21.038042,180,2024-08,streetview
data/images/warsaw/52.251743_21.038042_h270.jpg,warsaw,52.251743,21.038042,270,2024-08,streetview
data/images/warsaw/52.207546_21.067859_h0.jpg,warsaw,52.207546,21.067859,0,2018-09,streetview
data/images/warsaw/52.207546_21.067859_h90.jpg,warsaw,52.207546,21.067859,90,2018-09,streetview
data/images/warsaw/52.207546_21.067859_h180.jpg,warsaw,52.207546,21.067859,180,2018-09,streetview
data/images/warsaw/52.207546_21.067859_h270.jpg,warsaw,52.207546,21.067859,270,2018-09,streetview
data/images/warsaw/52.208624_21.002774_h0.jpg,warsaw,52.208624,21.002774,0,2022-07,streetview
data/images/warsaw/52.208624_21.002774_h90.jpg,warsaw,52.208624,21.002774,90,2022-07,streetview
data/images/warsaw/52.208624_21.002774_h180.jpg,warsaw,52.208624,21.002774,180,2022-07,streetview
data/images/warsaw/52.208624_21.002774_h270.jpg,warsaw,52.208624,21.002774,270,2022-07,streetview
data/images/warsaw/52.211858_21.076667_h0.jpg,warsaw,52.211858,21.076667,0,2022-03,streetview
data/images/warsaw/52.211858_21.076667_h90.jpg,warsaw,52.211858,21.076667,90,2022-03,streetview
data/images/warsaw/52.211858_21.076667_h180.jpg,warsaw,52.211858,21.076667,180,2022-03,streetview
data/images/warsaw/52.211858_21.076667_h270.jpg,warsaw,52.211858,21.076667,270,2022-03,streetview
data/images/warsaw/52.249587_21.013387_h0.jpg,warsaw,52.249587,21.013387,0,2021-09,streetview
data/images/warsaw/52.249587_21.013387_h90.jpg,warsaw,52.249587,21.013387,90,2021-09,streetview
data/images/warsaw/52.249587_21.013387_h180.jpg,warsaw,52.249587,21.013387,180,2021-09,streetview
data/images/warsaw/52.249587_21.013387_h270.jpg,warsaw,52.249587,21.013387,270,2021-09,streetview
data/images/warsaw/52.275458_21.013424_h0.jpg,warsaw,52.275458,21.013424,0,2022-05,streetview
data/images/warsaw/52.275458_21.013424_h90.jpg,warsaw,52.275458,21.013424,90,2022-05,streetview
data/images/warsaw/52.275458_21.013424_h180.jpg,warsaw,52.275458,21.013424,180,2022-05,streetview
data/images/warsaw/52.275458_21.013424_h270.jpg,warsaw,52.275458,21.013424,270,2022-05,streetview
data/images/warsaw/52.207546_21.001014_h0.jpg,warsaw,52.207546,21.001014,0,2022-07,streetview
data/images/warsaw/52.207546_21.001014_h90.jpg,warsaw,52.207546,21.001014,90,2022-07,streetview
data/images/warsaw/52.207546_21.001014_h180.jpg,warsaw,52.207546,21.001014,180,2022-07,streetview
data/images/warsaw/52.207546_21.001014_h270.jpg,warsaw,52.207546,21.001014,270,2022-07,streetview
data/images/warsaw/52.233417_21.002803_h0.jpg,warsaw,52.233417,21.002803,0,2024-08,streetview
data/images/warsaw/52.233417_21.002803_h90.jpg,warsaw,52.233417,21.002803,90,2024-08,streetview
data/images/warsaw/52.233417_21.002803_h180.jpg,warsaw,52.233417,21.002803,180,2024-08,streetview
data/images/warsaw/52.233417_21.002803_h270.jpg,warsaw,52.233417,21.002803,270,2024-08,streetview
data/images/warsaw/52.230183_20.99752_h0.jpg,warsaw,52.230183,20.99752,0,2022-06,streetview
data/images/warsaw/52.230183_20.99752_h90.jpg,warsaw,52.230183,20.99752,90,2022-06,streetview
data/images/warsaw/52.230183_20.99752_h180.jpg,warsaw,52.230183,20.99752,180,2022-06,streetview
data/images/warsaw/52.230183_20.99752_h270.jpg,warsaw,52.230183,20.99752,270,2022-06,streetview
data/images/warsaw/52.259289_20.951761_h0.jpg,warsaw,52.259289,20.951761,0,2022-11,streetview
data/images/warsaw/52.259289_20.951761_h90.jpg,warsaw,52.259289,20.951761,90,2022-11,streetview
data/images/warsaw/52.259289_20.951761_h180.jpg,warsaw,52.259289,20.951761,180,2022-11,streetview
data/images/warsaw/52.259289_20.951761_h270.jpg,warsaw,52.259289,20.951761,270,2022-11,streetview
data/images/warsaw/52.248509_21.062685_h0.jpg,warsaw,52.248509,21.062685,0,2024-08,streetview
data/images/warsaw/52.248509_21.062685_h90.jpg,warsaw,52.248509,21.062685,90,2024-08,streetview
data/images/warsaw/52.248509_21.062685_h180.jpg,warsaw,52.248509,21.062685,180,2024-08,streetview
data/images/warsaw/52.248509_21.062685_h270.jpg,warsaw,52.248509,21.062685,270,2024-08,streetview
data/images/warsaw/52.207546_21.041472_h0.jpg,warsaw,52.207546,21.041472,0,2022-07,streetview
data/images/warsaw/52.207546_21.041472_h90.jpg,warsaw,52.207546,21.041472,90,2022-07,streetview
data/images/warsaw/52.207546_21.041472_h180.jpg,warsaw,52.207546,21.041472,180,2022-07,streetview
data/images/warsaw/52.207546_21.041472_h270.jpg,warsaw,52.207546,21.041472,270,2022-07,streetview
data/images/warsaw/52.254977_21.039809_h0.jpg,warsaw,52.254977,21.039809,0,2018-03,streetview
data/images/warsaw/52.254977_21.039809_h90.jpg,warsaw,52.254977,21.039809,90,2018-03,streetview
data/images/warsaw/52.254977_21.039809_h180.jpg,warsaw,52.254977,21.039809,180,2018-03,streetview
data/images/warsaw/52.254977_21.039809_h270.jpg,warsaw,52.254977,21.039809,270,2018-03,streetview
data/images/warsaw/52.232339_21.025683_h0.jpg,warsaw,52.232339,21.025683,0,2018-09,streetview
data/images/warsaw/52.232339_21.025683_h90.jpg,warsaw,52.232339,21.025683,90,2018-09,streetview
data/images/warsaw/52.232339_21.025683_h180.jpg,warsaw,52.232339,21.025683,180,2018-09,streetview
data/images/warsaw/52.232339_21.025683_h270.jpg,warsaw,52.232339,21.025683,270,2018-09,streetview
data/images/warsaw/52.27977_20.979953_h0.jpg,warsaw,52.27977,20.979953,0,2026-04,streetview
data/images/warsaw/52.27977_20.979953_h90.jpg,warsaw,52.27977,20.979953,90,2026-04,streetview
data/images/warsaw/52.27977_20.979953_h180.jpg,warsaw,52.27977,20.979953,180,2026-04,streetview
data/images/warsaw/52.27977_20.979953_h270.jpg,warsaw,52.27977,20.979953,270,2026-04,streetview
data/images/warsaw/52.284082_21.009912_h0.jpg,warsaw,52.284082,21.009912,0,2022-10,streetview
data/images/warsaw/52.284082_21.009912_h90.jpg,warsaw,52.284082,21.009912,90,2022-10,streetview
data/images/warsaw/52.284082_21.009912_h180.jpg,warsaw,52.284082,21.009912,180,2022-10,streetview
data/images/warsaw/52.284082_21.009912_h270.jpg,warsaw,52.284082,21.009912,270,2022-10,streetview
data/images/warsaw/52.256055_21.032767_h0.jpg,warsaw,52.256055,21.032767,0,2022-05,streetview
data/images/warsaw/52.256055_21.032767_h90.jpg,warsaw,52.256055,21.032767,90,2022-05,streetview
data/images/warsaw/52.256055_21.032767_h180.jpg,warsaw,52.256055,21.032767,180,2022-05,streetview
data/images/warsaw/52.256055_21.032767_h270.jpg,warsaw,52.256055,21.032767,270,2022-05,streetview
data/images/warsaw/52.234495_21.009845_h0.jpg,warsaw,52.234495,21.009845,0,2022-06,streetview
data/images/warsaw/52.234495_21.009845_h90.jpg,warsaw,52.234495,21.009845,90,2022-06,streetview
data/images/warsaw/52.234495_21.009845_h180.jpg,warsaw,52.234495,21.009845,180,2022-06,streetview
data/images/warsaw/52.234495_21.009845_h270.jpg,warsaw,52.234495,21.009845,270,2022-06,streetview
data/images/warsaw/52.26899_20.9958_h0.jpg,warsaw,52.26899,20.9958,0,2022-11,streetview
data/images/warsaw/52.26899_20.9958_h90.jpg,warsaw,52.26899,20.9958,90,2022-11,streetview
data/images/warsaw/52.26899_20.9958_h180.jpg,warsaw,52.26899,20.9958,180,2022-11,streetview
data/images/warsaw/52.26899_20.9958_h270.jpg,warsaw,52.26899,20.9958,270,2022-11,streetview
data/images/warsaw/52.273302_20.967617_h0.jpg,warsaw,52.273302,20.967617,0,2021-09,streetview
data/images/warsaw/52.273302_20.967617_h90.jpg,warsaw,52.273302,20.967617,90,2021-09,streetview
data/images/warsaw/52.273302_20.967617_h180.jpg,warsaw,52.273302,20.967617,180,2021-09,streetview
data/images/warsaw/52.273302_20.967617_h270.jpg,warsaw,52.273302,20.967617,270,2021-09,streetview
data/images/warsaw/52.228027_21.018636_h0.jpg,warsaw,52.228027,21.018636,0,2022-06,streetview
data/images/warsaw/52.228027_21.018636_h90.jpg,warsaw,52.228027,21.018636,90,2022-06,streetview
data/images/warsaw/52.228027_21.018636_h180.jpg,warsaw,52.228027,21.018636,180,2022-06,streetview
data/images/warsaw/52.228027_21.018636_h270.jpg,warsaw,52.228027,21.018636,270,2022-06,streetview
data/images/warsaw/52.219404_20.979912_h0.jpg,warsaw,52.219404,20.979912,0,2022-07,streetview
data/images/warsaw/52.219404_20.979912_h90.jpg,warsaw,52.219404,20.979912,90,2022-07,streetview
data/images/warsaw/52.219404_20.979912_h180.jpg,warsaw,52.219404,20.979912,180,2022-07,streetview
data/images/warsaw/52.219404_20.979912_h270.jpg,warsaw,52.219404,20.979912,270,2022-07,streetview
data/images/warsaw/52.287316_21.031064_h0.jpg,warsaw,52.287316,21.031064,0,2022-05,streetview
data/images/warsaw/52.287316_21.031064_h90.jpg,warsaw,52.287316,21.031064,90,2022-05,streetview
data/images/warsaw/52.287316_21.031064_h180.jpg,warsaw,52.287316,21.031064,180,2022-05,streetview
data/images/warsaw/52.287316_21.031064_h270.jpg,warsaw,52.287316,21.031064,270,2022-05,streetview
data/images/warsaw/52.262522_20.985225_h0.jpg,warsaw,52.262522,20.985225,0,2019-09,streetview
data/images/warsaw/52.262522_20.985225_h90.jpg,warsaw,52.262522,20.985225,90,2019-09,streetview
data/images/warsaw/52.262522_20.985225_h180.jpg,warsaw,52.262522,20.985225,180,2019-09,streetview
data/images/warsaw/52.262522_20.985225_h270.jpg,warsaw,52.262522,20.985225,270,2019-09,streetview
data/images/warsaw/52.20539_21.064335_h0.jpg,warsaw,52.20539,21.064335,0,2024-08,streetview
data/images/warsaw/52.20539_21.064335_h90.jpg,warsaw,52.20539,21.064335,90,2024-08,streetview
data/images/warsaw/52.20539_21.064335_h180.jpg,warsaw,52.20539,21.064335,180,2024-08,streetview
data/images/warsaw/52.20539_21.064335_h270.jpg,warsaw,52.20539,21.064335,270,2024-08,streetview
data/images/warsaw/52.27438_21.076845_h0.jpg,warsaw,52.27438,21.076845,0,2024-08,streetview
data/images/warsaw/52.27438_21.076845_h90.jpg,warsaw,52.27438,21.076845,90,2024-08,streetview
data/images/warsaw/52.27438_21.076845_h180.jpg,warsaw,52.27438,21.076845,180,2024-08,streetview
data/images/warsaw/52.27438_21.076845_h270.jpg,warsaw,52.27438,21.076845,270,2024-08,streetview
data/images/warsaw/52.2636_20.97642_h0.jpg,warsaw,52.2636,20.97642,0,2020-10,streetview
data/images/warsaw/52.2636_20.97642_h90.jpg,warsaw,52.2636,20.97642,90,2020-10,streetview
data/images/warsaw/52.2636_20.97642_h180.jpg,warsaw,52.2636,20.97642,180,2020-10,streetview
data/images/warsaw/52.2636_20.97642_h270.jpg,warsaw,52.2636,20.97642,270,2020-10,streetview
data/images/warsaw/52.260367_21.052148_h0.jpg,warsaw,52.260367,21.052148,0,2024-08,streetview
data/images/warsaw/52.260367_21.052148_h90.jpg,warsaw,52.260367,21.052148,90,2024-08,streetview
data/images/warsaw/52.260367_21.052148_h180.jpg,warsaw,52.260367,21.052148,180,2024-08,streetview
data/images/warsaw/52.260367_21.052148_h270.jpg,warsaw,52.260367,21.052148,270,2024-08,streetview
data/images/warsaw/52.286238_21.03811_h0.jpg,warsaw,52.286238,21.03811,0,2019-01,streetview
data/images/warsaw/52.286238_21.03811_h90.jpg,warsaw,52.286238,21.03811,90,2019-01,streetview
data/images/warsaw/52.286238_21.03811_h180.jpg,warsaw,52.286238,21.03811,180,2019-01,streetview
data/images/warsaw/52.286238_21.03811_h270.jpg,warsaw,52.286238,21.03811,270,2019-01,streetview
data/images/warsaw/52.233417_21.001043_h0.jpg,warsaw,52.233417,21.001043,0,2024-08,streetview
data/images/warsaw/52.233417_21.001043_h90.jpg,warsaw,52.233417,21.001043,90,2024-08,streetview
data/images/warsaw/52.233417_21.001043_h180.jpg,warsaw,52.233417,21.001043,180,2024-08,streetview
data/images/warsaw/52.233417_21.001043_h270.jpg,warsaw,52.233417,21.001043,270,2024-08,streetview
data/images/warsaw/52.2636_21.059201_h0.jpg,warsaw,52.2636,21.059201,0,2022-05,streetview
data/images/warsaw/52.2636_21.059201_h90.jpg,warsaw,52.2636,21.059201,90,2022-05,streetview
data/images/warsaw/52.2636_21.059201_h180.jpg,warsaw,52.2636,21.059201,180,2022-05,streetview
data/images/warsaw/52.2636_21.059201_h270.jpg,warsaw,52.2636,21.059201,270,2022-05,streetview
data/images/warsaw/52.209702_21.048514_h0.jpg,warsaw,52.209702,21.048514,0,2024-08,streetview
data/images/warsaw/52.209702_21.048514_h90.jpg,warsaw,52.209702,21.048514,90,2024-08,streetview
data/images/warsaw/52.209702_21.048514_h180.jpg,warsaw,52.209702,21.048514,180,2024-08,streetview
data/images/warsaw/52.209702_21.048514_h270.jpg,warsaw,52.209702,21.048514,270,2024-08,streetview
data/images/warsaw/52.2636_20.965852_h0.jpg,warsaw,52.2636,20.965852,0,2019-04,streetview
data/images/warsaw/52.2636_20.965852_h90.jpg,warsaw,52.2636,20.965852,90,2019-04,streetview
data/images/warsaw/52.2636_20.965852_h180.jpg,warsaw,52.2636,20.965852,180,2019-04,streetview
data/images/warsaw/52.2636_20.965852_h270.jpg,warsaw,52.2636,20.965852,270,2019-04,streetview
data/images/warsaw/52.230183_20.97816_h0.jpg,warsaw,52.230183,20.97816,0,2024-08,streetview
data/images/warsaw/52.230183_20.97816_h90.jpg,warsaw,52.230183,20.97816,90,2024-08,streetview
data/images/warsaw/52.230183_20.97816_h180.jpg,warsaw,52.230183,20.97816,180,2024-08,streetview
data/images/warsaw/52.230183_20.97816_h270.jpg,warsaw,52.230183,20.97816,270,2024-08,streetview
data/images/warsaw/52.219404_20.978153_h0.jpg,warsaw,52.219404,20.978153,0,2024-07,streetview
data/images/warsaw/52.219404_20.978153_h90.jpg,warsaw,52.219404,20.978153,90,2024-07,streetview
data/images/warsaw/52.219404_20.978153_h180.jpg,warsaw,52.219404,20.978153,180,2024-07,streetview
data/images/warsaw/52.219404_20.978153_h270.jpg,warsaw,52.219404,20.978153,270,2024-07,streetview
data/images/warsaw/52.222637_21.037984_h0.jpg,warsaw,52.222637,21.037984,0,2025-10,streetview
data/images/warsaw/52.222637_21.037984_h90.jpg,warsaw,52.222637,21.037984,90,2025-10,streetview
data/images/warsaw/52.222637_21.037984_h180.jpg,warsaw,52.222637,21.037984,180,2025-10,streetview
data/images/warsaw/52.222637_21.037984_h270.jpg,warsaw,52.222637,21.037984,270,2025-10,streetview
data/images/warsaw/52.260367_21.055671_h0.jpg,warsaw,52.260367,21.055671,0,2022-05,streetview
data/images/warsaw/52.260367_21.055671_h90.jpg,warsaw,52.260367,21.055671,90,2022-05,streetview
data/images/warsaw/52.260367_21.055671_h180.jpg,warsaw,52.260367,21.055671,180,2022-05,streetview
data/images/warsaw/52.260367_21.055671_h270.jpg,warsaw,52.260367,21.055671,270,2022-05,streetview
data/images/warsaw/52.206468_20.999253_h0.jpg,warsaw,52.206468,20.999253,0,2023-03,streetview
data/images/warsaw/52.206468_20.999253_h90.jpg,warsaw,52.206468,20.999253,90,2023-03,streetview
data/images/warsaw/52.206468_20.999253_h180.jpg,warsaw,52.206468,20.999253,180,2023-03,streetview
data/images/warsaw/52.206468_20.999253_h270.jpg,warsaw,52.206468,20.999253,270,2023-03,streetview
data/images/warsaw/52.203234_20.955277_h0.jpg,warsaw,52.203234,20.955277,0,2022-07,streetview
data/images/warsaw/52.203234_20.955277_h90.jpg,warsaw,52.203234,20.955277,90,2022-07,streetview
data/images/warsaw/52.203234_20.955277_h180.jpg,warsaw,52.203234,20.955277,180,2022-07,streetview
data/images/warsaw/52.203234_20.955277_h270.jpg,warsaw,52.203234,20.955277,270,2022-07,streetview
data/images/warsaw/52.26899_21.041599_h0.jpg,warsaw,52.26899,21.041599,0,2024-08,streetview
data/images/warsaw/52.26899_21.041599_h90.jpg,warsaw,52.26899,21.041599,90,2024-08,streetview
data/images/warsaw/52.26899_21.041599_h180.jpg,warsaw,52.26899,21.041599,180,2024-08,streetview
data/images/warsaw/52.26899_21.041599_h270.jpg,warsaw,52.26899,21.041599,270,2024-08,streetview
data/images/warsaw/52.246353_21.078526_h0.jpg,warsaw,52.246353,21.078526,0,2022-05,streetview
data/images/warsaw/52.246353_21.078526_h90.jpg,warsaw,52.246353,21.078526,90,2022-05,streetview
data/images/warsaw/52.246353_21.078526_h180.jpg,warsaw,52.246353,21.078526,180,2022-05,streetview
data/images/warsaw/52.246353_21.078526_h270.jpg,warsaw,52.246353,21.078526,270,2022-05,streetview
data/images/warsaw/52.27977_21.071575_h0.jpg,warsaw,52.27977,21.071575,0,2024-08,streetview
data/images/warsaw/52.27977_21.071575_h90.jpg,warsaw,52.27977,21.071575,90,2024-08,streetview
data/images/warsaw/52.27977_21.071575_h180.jpg,warsaw,52.27977,21.071575,180,2024-08,streetview
data/images/warsaw/52.27977_21.071575_h270.jpg,warsaw,52.27977,21.071575,270,2024-08,streetview
data/images/warsaw/52.252821_20.999305_h0.jpg,warsaw,52.252821,20.999305,0,2022-06,streetview
data/images/warsaw/52.252821_20.999305_h90.jpg,warsaw,52.252821,20.999305,90,2022-06,streetview
data/images/warsaw/52.252821_20.999305_h180.jpg,warsaw,52.252821,20.999305,180,2022-06,streetview
data/images/warsaw/52.252821_20.999305_h270.jpg,warsaw,52.252821,20.999305,270,2022-06,streetview
data/images/warsaw/52.229105_20.976399_h0.jpg,warsaw,52.229105,20.976399,0,2024-08,streetview
data/images/warsaw/52.229105_20.976399_h90.jpg,warsaw,52.229105,20.976399,90,2024-08,streetview
data/images/warsaw/52.229105_20.976399_h180.jpg,warsaw,52.229105,20.976399,180,2024-08,streetview
data/images/warsaw/52.229105_20.976399_h270.jpg,warsaw,52.229105,20.976399,270,2024-08,streetview
data/images/warsaw/52.221559_20.986952_h0.jpg,warsaw,52.221559,20.986952,0,2022-07,streetview
data/images/warsaw/52.221559_20.986952_h90.jpg,warsaw,52.221559,20.986952,90,2022-07,streetview
data/images/warsaw/52.221559_20.986952_h180.jpg,warsaw,52.221559,20.986952,180,2022-07,streetview
data/images/warsaw/52.221559_20.986952_h270.jpg,warsaw,52.221559,20.986952,270,2022-07,streetview
data/images/warsaw/52.225871_21.066148_h0.jpg,warsaw,52.225871,21.066148,0,2018-07,streetview
data/images/warsaw/52.225871_21.066148_h90.jpg,warsaw,52.225871,21.066148,90,2018-07,streetview
data/images/warsaw/52.225871_21.066148_h180.jpg,warsaw,52.225871,21.066148,180,2018-07,streetview
data/images/warsaw/52.225871_21.066148_h270.jpg,warsaw,52.225871,21.066148,270,2018-07,streetview
data/images/warsaw/52.273302_21.013421_h0.jpg,warsaw,52.273302,21.013421,0,2024-08,streetview
data/images/warsaw/52.273302_21.013421_h90.jpg,warsaw,52.273302,21.013421,90,2024-08,streetview
data/images/warsaw/52.273302_21.013421_h180.jpg,warsaw,52.273302,21.013421,180,2024-08,streetview
data/images/warsaw/52.273302_21.013421_h270.jpg,warsaw,52.273302,21.013421,270,2024-08,streetview
data/images/warsaw/52.228027_20.95704_h0.jpg,warsaw,52.228027,20.95704,0,2025-09,streetview
data/images/warsaw/52.228027_20.95704_h90.jpg,warsaw,52.228027,20.95704,90,2025-09,streetview
data/images/warsaw/52.228027_20.95704_h180.jpg,warsaw,52.228027,20.95704,180,2025-09,streetview
data/images/warsaw/52.228027_20.95704_h270.jpg,warsaw,52.228027,20.95704,270,2025-09,streetview
data/images/warsaw/52.245275_20.990493_h0.jpg,warsaw,52.245275,20.990493,0,2024-08,streetview
data/images/warsaw/52.245275_20.990493_h90.jpg,warsaw,52.245275,20.990493,90,2024-08,streetview
data/images/warsaw/52.245275_20.990493_h180.jpg,warsaw,52.245275,20.990493,180,2024-08,streetview
data/images/warsaw/52.245275_20.990493_h270.jpg,warsaw,52.245275,20.990493,270,2024-08,streetview
data/images/warsaw/52.287316_21.024015_h0.jpg,warsaw,52.287316,21.024015,0,2024-08,streetview
data/images/warsaw/52.287316_21.024015_h90.jpg,warsaw,52.287316,21.024015,90,2024-08,streetview
data/images/warsaw/52.287316_21.024015_h180.jpg,warsaw,52.287316,21.024015,180,2024-08,streetview
data/images/warsaw/52.287316_21.024015_h270.jpg,warsaw,52.287316,21.024015,270,2024-08,streetview
data/images/warsaw/52.2636_20.962329_h0.jpg,warsaw,52.2636,20.962329,0,2024-08,streetview
data/images/warsaw/52.2636_20.962329_h90.jpg,warsaw,52.2636,20.962329,90,2024-08,streetview
data/images/warsaw/52.2636_20.962329_h180.jpg,warsaw,52.2636,20.962329,180,2024-08,streetview
data/images/warsaw/52.2636_20.962329_h270.jpg,warsaw,52.2636,20.962329,270,2024-08,streetview
data/images/warsaw/52.288394_21.076885_h0.jpg,warsaw,52.288394,21.076885,0,2022-05,streetview
data/images/warsaw/52.288394_21.076885_h90.jpg,warsaw,52.288394,21.076885,90,2022-05,streetview
data/images/warsaw/52.288394_21.076885_h180.jpg,warsaw,52.288394,21.076885,180,2022-05,streetview
data/images/warsaw/52.288394_21.076885_h270.jpg,warsaw,52.288394,21.076885,270,2022-05,streetview
data/images/warsaw/52.230183_20.95704_h0.jpg,warsaw,52.230183,20.95704,0,2024-08,streetview
data/images/warsaw/52.230183_20.95704_h90.jpg,warsaw,52.230183,20.95704,90,2024-08,streetview
data/images/warsaw/52.230183_20.95704_h180.jpg,warsaw,52.230183,20.95704,180,2024-08,streetview
data/images/warsaw/52.230183_20.95704_h270.jpg,warsaw,52.230183,20.95704,270,2024-08,streetview
data/images/warsaw/52.243119_20.967605_h0.jpg,warsaw,52.243119,20.967605,0,2022-06,streetview
data/images/warsaw/52.243119_20.967605_h90.jpg,warsaw,52.243119,20.967605,90,2022-06,streetview
data/images/warsaw/52.243119_20.967605_h180.jpg,warsaw,52.243119,20.967605,180,2022-06,streetview
data/images/warsaw/52.243119_20.967605_h270.jpg,warsaw,52.243119,20.967605,270,2022-06,streetview
data/images/warsaw/52.273302_20.985234_h0.jpg,warsaw,52.273302,20.985234,0,2022-10,streetview
data/images/warsaw/52.273302_20.985234_h90.jpg,warsaw,52.273302,20.985234,90,2022-10,streetview
data/images/warsaw/52.273302_20.985234_h180.jpg,warsaw,52.273302,20.985234,180,2022-10,streetview
data/images/warsaw/52.273302_20.985234_h270.jpg,warsaw,52.273302,20.985234,270,2022-10,streetview
data/images/warsaw/52.266834_20.985229_h0.jpg,warsaw,52.266834,20.985229,0,2023-04,streetview
data/images/warsaw/52.266834_20.985229_h90.jpg,warsaw,52.266834,20.985229,90,2023-04,streetview
data/images/warsaw/52.266834_20.985229_h180.jpg,warsaw,52.266834,20.985229,180,2023-04,streetview
data/images/warsaw/52.266834_20.985229_h270.jpg,warsaw,52.266834,20.985229,270,2023-04,streetview
data/images/warsaw/52.233417_21.055607_h0.jpg,warsaw,52.233417,21.055607,0,2022-06,streetview
data/images/warsaw/52.233417_21.055607_h90.jpg,warsaw,52.233417,21.055607,90,2022-06,streetview
data/images/warsaw/52.233417_21.055607_h180.jpg,warsaw,52.233417,21.055607,180,2022-06,streetview
data/images/warsaw/52.233417_21.055607_h270.jpg,warsaw,52.233417,21.055607,270,2022-06,streetview
data/images/warsaw/52.254977_20.992263_h0.jpg,warsaw,52.254977,20.992263,0,2021-05,streetview
data/images/warsaw/52.254977_20.992263_h90.jpg,warsaw,52.254977,20.992263,90,2021-05,streetview
data/images/warsaw/52.254977_20.992263_h180.jpg,warsaw,52.254977,20.992263,180,2021-05,streetview
data/images/warsaw/52.254977_20.992263_h270.jpg,warsaw,52.254977,20.992263,270,2021-05,streetview
data/images/warsaw/52.265756_20.96233_h0.jpg,warsaw,52.265756,20.96233,0,2024-08,streetview
data/images/warsaw/52.265756_20.96233_h90.jpg,warsaw,52.265756,20.96233,90,2024-08,streetview
data/images/warsaw/52.265756_20.96233_h180.jpg,warsaw,52.265756,20.96233,180,2024-08,streetview
data/images/warsaw/52.265756_20.96233_h270.jpg,warsaw,52.265756,20.96233,270,2024-08,streetview
data/images/warsaw/52.281926_20.95_h0.jpg,warsaw,52.281926,20.95,0,2020-07,streetview
data/images/warsaw/52.281926_20.95_h90.jpg,warsaw,52.281926,20.95,90,2020-07,streetview
data/images/warsaw/52.281926_20.95_h180.jpg,warsaw,52.281926,20.95,180,2020-07,streetview
data/images/warsaw/52.281926_20.95_h270.jpg,warsaw,52.281926,20.95,270,2020-07,streetview
data/images/warsaw/52.209702_21.073142_h0.jpg,warsaw,52.209702,21.073142,0,2024-01,streetview
data/images/warsaw/52.209702_21.073142_h90.jpg,warsaw,52.209702,21.073142,90,2024-01,streetview
data/images/warsaw/52.209702_21.073142_h180.jpg,warsaw,52.209702,21.073142,180,2024-01,streetview
data/images/warsaw/52.209702_21.073142_h270.jpg,warsaw,52.209702,21.073142,270,2024-01,streetview
data/images/warsaw/52.266834_20.958807_h0.jpg,warsaw,52.266834,20.958807,0,2024-08,streetview
data/images/warsaw/52.266834_20.958807_h90.jpg,warsaw,52.266834,20.958807,90,2024-08,streetview
data/images/warsaw/52.266834_20.958807_h180.jpg,warsaw,52.266834,20.958807,180,2024-08,streetview
data/images/warsaw/52.266834_20.958807_h270.jpg,warsaw,52.266834,20.958807,270,2024-08,streetview
data/images/warsaw/52.277614_21.068045_h0.jpg,warsaw,52.277614,21.068045,0,2023-04,streetview
data/images/warsaw/52.277614_21.068045_h90.jpg,warsaw,52.277614,21.068045,90,2023-04,streetview
data/images/warsaw/52.277614_21.068045_h180.jpg,warsaw,52.277614,21.068045,180,2023-04,streetview
data/images/warsaw/52.277614_21.068045_h270.jpg,warsaw,52.277614,21.068045,270,2023-04,streetview
data/images/warsaw/52.249587_21.078535_h0.jpg,warsaw,52.249587,21.078535,0,2022-06,streetview
data/images/warsaw/52.249587_21.078535_h90.jpg,warsaw,52.249587,21.078535,90,2022-06,streetview
data/images/warsaw/52.249587_21.078535_h180.jpg,warsaw,52.249587,21.078535,180,2022-06,streetview
data/images/warsaw/52.249587_21.078535_h270.jpg,warsaw,52.249587,21.078535,270,2022-06,streetview
data/images/warsaw/52.207546_21.006291_h0.jpg,warsaw,52.207546,21.006291,0,2025-10,streetview
data/images/warsaw/52.207546_21.006291_h90.jpg,warsaw,52.207546,21.006291,90,2025-10,streetview
data/images/warsaw/52.207546_21.006291_h180.jpg,warsaw,52.207546,21.006291,180,2025-10,streetview
data/images/warsaw/52.207546_21.006291_h270.jpg,warsaw,52.207546,21.006291,270,2025-10,streetview
data/images/warsaw/52.2636_20.986987_h0.jpg,warsaw,52.2636,20.986987,0,2024-08,streetview
data/images/warsaw/52.2636_20.986987_h90.jpg,warsaw,52.2636,20.986987,90,2024-08,streetview
data/images/warsaw/52.2636_20.986987_h180.jpg,warsaw,52.2636,20.986987,180,2024-08,streetview
data/images/warsaw/52.2636_20.986987_h270.jpg,warsaw,52.2636,20.986987,270,2024-08,streetview
data/images/warsaw/52.214014_20.971112_h0.jpg,warsaw,52.214014,20.971112,0,2020-09,streetview
data/images/warsaw/52.214014_20.971112_h90.jpg,warsaw,52.214014,20.971112,90,2020-09,streetview
data/images/warsaw/52.214014_20.971112_h180.jpg,warsaw,52.214014,20.971112,180,2020-09,streetview
data/images/warsaw/52.214014_20.971112_h270.jpg,warsaw,52.214014,20.971112,270,2020-09,streetview
data/images/warsaw/52.289472_21.001108_h0.jpg,warsaw,52.289472,21.001108,0,2024-09,streetview
data/images/warsaw/52.289472_21.001108_h90.jpg,warsaw,52.289472,21.001108,90,2024-09,streetview
data/images/warsaw/52.289472_21.001108_h180.jpg,warsaw,52.289472,21.001108,180,2024-09,streetview
data/images/warsaw/52.289472_21.001108_h270.jpg,warsaw,52.289472,21.001108,270,2024-09,streetview
data/images/warsaw/52.226949_20.974638_h0.jpg,warsaw,52.226949,20.974638,0,2024-08,streetview
data/images/warsaw/52.226949_20.974638_h90.jpg,warsaw,52.226949,20.974638,90,2024-08,streetview
data/images/warsaw/52.226949_20.974638_h180.jpg,warsaw,52.226949,20.974638,180,2024-08,streetview
data/images/warsaw/52.226949_20.974638_h270.jpg,warsaw,52.226949,20.974638,270,2024-08,streetview
data/images/warsaw/52.257133_20.992265_h0.jpg,warsaw,52.257133,20.992265,0,2020-10,streetview
data/images/warsaw/52.257133_20.992265_h90.jpg,warsaw,52.257133,20.992265,90,2020-10,streetview
data/images/warsaw/52.257133_20.992265_h180.jpg,warsaw,52.257133,20.992265,180,2020-10,streetview
data/images/warsaw/52.257133_20.992265_h270.jpg,warsaw,52.257133,20.992265,270,2020-10,streetview
data/images/warsaw/52.238807_20.988727_h0.jpg,warsaw,52.238807,20.988727,0,2024-08,streetview
data/images/warsaw/52.238807_20.988727_h90.jpg,warsaw,52.238807,20.988727,90,2024-08,streetview
data/images/warsaw/52.238807_20.988727_h180.jpg,warsaw,52.238807,20.988727,180,2024-08,streetview
data/images/warsaw/52.238807_20.988727_h270.jpg,warsaw,52.238807,20.988727,270,2024-08,streetview
data/images/warsaw/52.237729_21.078501_h0.jpg,warsaw,52.237729,21.078501,0,2022-06,streetview
data/images/warsaw/52.237729_21.078501_h90.jpg,warsaw,52.237729,21.078501,90,2022-06,streetview
data/images/warsaw/52.237729_21.078501_h180.jpg,warsaw,52.237729,21.078501,180,2022-06,streetview
data/images/warsaw/52.237729_21.078501_h270.jpg,warsaw,52.237729,21.078501,270,2022-06,streetview
data/images/warsaw/52.27977_20.965858_h0.jpg,warsaw,52.27977,20.965858,0,2022-11,streetview
data/images/warsaw/52.27977_20.965858_h90.jpg,warsaw,52.27977,20.965858,90,2022-11,streetview
data/images/warsaw/52.27977_20.965858_h180.jpg,warsaw,52.27977,20.965858,180,2022-11,streetview
data/images/warsaw/52.27977_20.965858_h270.jpg,warsaw,52.27977,20.965858,270,2022-11,streetview
data/images/warsaw/52.287316_21.069833_h0.jpg,warsaw,52.287316,21.069833,0,2022-05,streetview
data/images/warsaw/52.287316_21.069833_h90.jpg,warsaw,52.287316,21.069833,90,2022-05,streetview
data/images/warsaw/52.287316_21.069833_h180.jpg,warsaw,52.287316,21.069833,180,2022-05,streetview
data/images/warsaw/52.287316_21.069833_h270.jpg,warsaw,52.287316,21.069833,270,2022-05,streetview
data/images/warsaw/52.204312_20.997492_h0.jpg,warsaw,52.204312,20.997492,0,2025-10,streetview
data/images/warsaw/52.204312_20.997492_h90.jpg,warsaw,52.204312,20.997492,90,2025-10,streetview
data/images/warsaw/52.204312_20.997492_h180.jpg,warsaw,52.204312,20.997492,180,2025-10,streetview
data/images/warsaw/52.204312_20.997492_h270.jpg,warsaw,52.204312,20.997492,270,2025-10,streetview
data/images/warsaw/52.219404_20.972874_h0.jpg,warsaw,52.219404,20.972874,0,2024-07,streetview
data/images/warsaw/52.219404_20.972874_h90.jpg,warsaw,52.219404,20.972874,90,2024-07,streetview
data/images/warsaw/52.219404_20.972874_h180.jpg,warsaw,52.219404,20.972874,180,2024-07,streetview
data/images/warsaw/52.219404_20.972874_h270.jpg,warsaw,52.219404,20.972874,270,2024-07,streetview
data/images/warsaw/52.208624_20.965832_h0.jpg,warsaw,52.208624,20.965832,0,2022-07,streetview
data/images/warsaw/52.208624_20.965832_h90.jpg,warsaw,52.208624,20.965832,90,2022-07,streetview
data/images/warsaw/52.208624_20.965832_h180.jpg,warsaw,52.208624,20.965832,180,2022-07,streetview
data/images/warsaw/52.208624_20.965832_h270.jpg,warsaw,52.208624,20.965832,270,2022-07,streetview
data/images/warsaw/52.20539_20.997493_h0.jpg,warsaw,52.20539,20.997493,0,2018-02,streetview
data/images/warsaw/52.20539_20.997493_h90.jpg,warsaw,52.20539,20.997493,90,2018-02,streetview
data/images/warsaw/52.20539_20.997493_h180.jpg,warsaw,52.20539,20.997493,180,2018-02,streetview
data/images/warsaw/52.20539_20.997493_h270.jpg,warsaw,52.20539,20.997493,270,2018-02,streetview
data/images/warsaw/52.236651_21.043293_h0.jpg,warsaw,52.236651,21.043293,0,2024-09,streetview
data/images/warsaw/52.236651_21.043293_h90.jpg,warsaw,52.236651,21.043293,90,2024-09,streetview
data/images/warsaw/52.236651_21.043293_h180.jpg,warsaw,52.236651,21.043293,180,2024-09,streetview
data/images/warsaw/52.236651_21.043293_h270.jpg,warsaw,52.236651,21.043293,270,2024-09,streetview
data/images/warsaw/52.206468_21.008048_h0.jpg,warsaw,52.206468,21.008048,0,2024-09,streetview
data/images/warsaw/52.206468_21.008048_h90.jpg,warsaw,52.206468,21.008048,90,2024-09,streetview
data/images/warsaw/52.206468_21.008048_h180.jpg,warsaw,52.206468,21.008048,180,2024-09,streetview
data/images/warsaw/52.206468_21.008048_h270.jpg,warsaw,52.206468,21.008048,270,2024-09,streetview
data/images/warsaw/52.2_21.034422_h0.jpg,warsaw,52.2,21.034422,0,2022-07,streetview
data/images/warsaw/52.2_21.034422_h90.jpg,warsaw,52.2,21.034422,90,2022-07,streetview
data/images/warsaw/52.2_21.034422_h180.jpg,warsaw,52.2,21.034422,180,2022-07,streetview
data/images/warsaw/52.2_21.034422_h270.jpg,warsaw,52.2,21.034422,270,2022-07,streetview
data/images/warsaw/52.254977_20.95_h0.jpg,warsaw,52.254977,20.95,0,2023-04,streetview
data/images/warsaw/52.254977_20.95_h90.jpg,warsaw,52.254977,20.95,90,2023-04,streetview
data/images/warsaw/52.254977_20.95_h180.jpg,warsaw,52.254977,20.95,180,2023-04,streetview
data/images/warsaw/52.254977_20.95_h270.jpg,warsaw,52.254977,20.95,270,2023-04,streetview
data/images/warsaw/52.246353_20.964085_h0.jpg,warsaw,52.246353,20.964085,0,2022-06,streetview
data/images/warsaw/52.246353_20.964085_h90.jpg,warsaw,52.246353,20.964085,90,2022-06,streetview
data/images/warsaw/52.246353_20.964085_h180.jpg,warsaw,52.246353,20.964085,180,2022-06,streetview
data/images/warsaw/52.246353_20.964085_h270.jpg,warsaw,52.246353,20.964085,270,2022-06,streetview
data/images/warsaw/52.264678_21.038068_h0.jpg,warsaw,52.264678,21.038068,0,2024-08,streetview
data/images/warsaw/52.264678_21.038068_h90.jpg,warsaw,52.264678,21.038068,90,2024-08,streetview
data/images/warsaw/52.264678_21.038068_h180.jpg,warsaw,52.264678,21.038068,180,2024-08,streetview
data/images/warsaw/52.264678_21.038068_h270.jpg,warsaw,52.264678,21.038068,270,2024-08,streetview
data/images/warsaw/52.272224_21.060984_h0.jpg,warsaw,52.272224,21.060984,0,2022-05,streetview
data/images/warsaw/52.272224_21.060984_h90.jpg,warsaw,52.272224,21.060984,90,2022-05,streetview
data/images/warsaw/52.272224_21.060984_h180.jpg,warsaw,52.272224,21.060984,180,2022-05,streetview
data/images/warsaw/52.272224_21.060984_h270.jpg,warsaw,52.272224,21.060984,270,2022-05,streetview
data/images/warsaw/52.262522_21.06096_h0.jpg,warsaw,52.262522,21.06096,0,2024-08,streetview
data/images/warsaw/52.262522_21.06096_h90.jpg,warsaw,52.262522,21.06096,90,2024-08,streetview
data/images/warsaw/52.262522_21.06096_h180.jpg,warsaw,52.262522,21.06096,180,2024-08,streetview
data/images/warsaw/52.262522_21.06096_h270.jpg,warsaw,52.262522,21.06096,270,2024-08,streetview
data/images/warsaw/52.243119_21.016899_h0.jpg,warsaw,52.243119,21.016899,0,2024-10,streetview
data/images/warsaw/52.243119_21.016899_h90.jpg,warsaw,52.243119,21.016899,90,2024-10,streetview
data/images/warsaw/52.243119_21.016899_h180.jpg,warsaw,52.243119,21.016899,180,2024-10,streetview
data/images/warsaw/52.243119_21.016899_h270.jpg,warsaw,52.243119,21.016899,270,2024-10,streetview
data/images/warsaw/52.253899_21.00635_h0.jpg,warsaw,52.253899,21.00635,0,2020-04,streetview
data/images/warsaw/52.253899_21.00635_h90.jpg,warsaw,52.253899,21.00635,90,2020-04,streetview
data/images/warsaw/52.253899_21.00635_h180.jpg,warsaw,52.253899,21.00635,180,2020-04,streetview
data/images/warsaw/52.253899_21.00635_h270.jpg,warsaw,52.253899,21.00635,270,2020-04,streetview
data/images/warsaw/52.223715_21.071421_h0.jpg,warsaw,52.223715,21.071421,0,2024-08,streetview
data/images/warsaw/52.223715_21.071421_h90.jpg,warsaw,52.223715,21.071421,90,2024-08,streetview
data/images/warsaw/52.223715_21.071421_h180.jpg,warsaw,52.223715,21.071421,180,2024-08,streetview
data/images/warsaw/52.223715_21.071421_h270.jpg,warsaw,52.223715,21.071421,270,2024-08,streetview
data/images/warsaw/52.230183_21.020399_h0.jpg,warsaw,52.230183,21.020399,0,2021-04,streetview
data/images/warsaw/52.230183_21.020399_h90.jpg,warsaw,52.230183,21.020399,90,2021-04,streetview
data/images/warsaw/52.230183_21.020399_h180.jpg,warsaw,52.230183,21.020399,180,2021-04,streetview
data/images/warsaw/52.230183_21.020399_h270.jpg,warsaw,52.230183,21.020399,270,2021-04,streetview
data/images/warsaw/52.219404_21.006306_h0.jpg,warsaw,52.219404,21.006306,0,2024-09,streetview
data/images/warsaw/52.219404_21.006306_h90.jpg,warsaw,52.219404,21.006306,90,2024-09,streetview
data/images/warsaw/52.219404_21.006306_h180.jpg,warsaw,52.219404,21.006306,180,2024-09,streetview
data/images/warsaw/52.219404_21.006306_h270.jpg,warsaw,52.219404,21.006306,270,2024-09,streetview
data/images/warsaw/52.229105_21.023918_h0.jpg,warsaw,52.229105,21.023918,0,2018-11,streetview
data/images/warsaw/52.229105_21.023918_h90.jpg,warsaw,52.229105,21.023918,90,2018-11,streetview
data/images/warsaw/52.229105_21.023918_h180.jpg,warsaw,52.229105,21.023918,180,2018-11,streetview
data/images/warsaw/52.229105_21.023918_h270.jpg,warsaw,52.229105,21.023918,270,2018-11,streetview
data/images/warsaw/52.220481_20.976394_h0.jpg,warsaw,52.220481,20.976394,0,2024-07,streetview
data/images/warsaw/52.220481_20.976394_h90.jpg,warsaw,52.220481,20.976394,90,2024-07,streetview
data/images/warsaw/52.220481_20.976394_h180.jpg,warsaw,52.220481,20.976394,180,2024-07,streetview
data/images/warsaw/52.220481_20.976394_h270.jpg,warsaw,52.220481,20.976394,270,2024-07,streetview
data/images/warsaw/52.212936_20.960556_h0.jpg,warsaw,52.212936,20.960556,0,2024-07,streetview
data/images/warsaw/52.212936_20.960556_h90.jpg,warsaw,52.212936,20.960556,90,2024-07,streetview
data/images/warsaw/52.212936_20.960556_h180.jpg,warsaw,52.212936,20.960556,180,2024-07,streetview
data/images/warsaw/52.212936_20.960556_h270.jpg,warsaw,52.212936,20.960556,270,2024-07,streetview
data/images/warsaw/52.260367_21.045104_h0.jpg,warsaw,52.260367,21.045104,0,2020-10,streetview
data/images/warsaw/52.260367_21.045104_h90.jpg,warsaw,52.260367,21.045104,90,2020-10,streetview
data/images/warsaw/52.260367_21.045104_h180.jpg,warsaw,52.260367,21.045104,180,2020-10,streetview
data/images/warsaw/52.260367_21.045104_h270.jpg,warsaw,52.260367,21.045104,270,2020-10,streetview
data/images/warsaw/52.275458_21.068039_h0.jpg,warsaw,52.275458,21.068039,0,2022-05,streetview
data/images/warsaw/52.275458_21.068039_h90.jpg,warsaw,52.275458,21.068039,90,2022-05,streetview
data/images/warsaw/52.275458_21.068039_h180.jpg,warsaw,52.275458,21.068039,180,2022-05,streetview
data/images/warsaw/52.275458_21.068039_h270.jpg,warsaw,52.275458,21.068039,270,2022-05,streetview
data/images/warsaw/52.275458_21.039851_h0.jpg,warsaw,52.275458,21.039851,0,2020-10,streetview
data/images/warsaw/52.275458_21.039851_h90.jpg,warsaw,52.275458,21.039851,90,2020-10,streetview
data/images/warsaw/52.275458_21.039851_h180.jpg,warsaw,52.275458,21.039851,180,2020-10,streetview
data/images/warsaw/52.275458_21.039851_h270.jpg,warsaw,52.275458,21.039851,270,2020-10,streetview
data/images/warsaw/52.215092_20.981669_h0.jpg,warsaw,52.215092,20.981669,0,2024-07,streetview
data/images/warsaw/52.215092_20.981669_h90.jpg,warsaw,52.215092,20.981669,90,2024-07,streetview
data/images/warsaw/52.215092_20.981669_h180.jpg,warsaw,52.215092,20.981669,180,2024-07,streetview
data/images/warsaw/52.215092_20.981669_h270.jpg,warsaw,52.215092,20.981669,270,2024-07,streetview
data/images/warsaw/52.233417_21.015124_h0.jpg,warsaw,52.233417,21.015124,0,2018-07,streetview
data/images/warsaw/52.233417_21.015124_h90.jpg,warsaw,52.233417,21.015124,90,2018-07,streetview
data/images/warsaw/52.233417_21.015124_h180.jpg,warsaw,52.233417,21.015124,180,2018-07,streetview
data/images/warsaw/52.233417_21.015124_h270.jpg,warsaw,52.233417,21.015124,270,2018-07,streetview
data/images/warsaw/52.250665_20.981694_h0.jpg,warsaw,52.250665,20.981694,0,2021-04,streetview
data/images/warsaw/52.250665_20.981694_h90.jpg,warsaw,52.250665,20.981694,90,2021-04,streetview
data/images/warsaw/52.250665_20.981694_h180.jpg,warsaw,52.250665,20.981694,180,2021-04,streetview
data/images/warsaw/52.250665_20.981694_h270.jpg,warsaw,52.250665,20.981694,270,2021-04,streetview
data/images/warsaw/52.250665_20.979934_h0.jpg,warsaw,52.250665,20.979934,0,2024-08,streetview
data/images/warsaw/52.250665_20.979934_h90.jpg,warsaw,52.250665,20.979934,90,2024-08,streetview
data/images/warsaw/52.250665_20.979934_h180.jpg,warsaw,52.250665,20.979934,180,2024-08,streetview
data/images/warsaw/52.250665_20.979934_h270.jpg,warsaw,52.250665,20.979934,270,2024-08,streetview
data/images/warsaw/52.234495_21.015126_h0.jpg,warsaw,52.234495,21.015126,0,2023-01,streetview
data/images/warsaw/52.234495_21.015126_h90.jpg,warsaw,52.234495,21.015126,90,2023-01,streetview
data/images/warsaw/52.234495_21.015126_h180.jpg,warsaw,52.234495,21.015126,180,2023-01,streetview
data/images/warsaw/52.234495_21.015126_h270.jpg,warsaw,52.234495,21.015126,270,2023-01,streetview
data/images/warsaw/52.224793_20.986955_h0.jpg,warsaw,52.224793,20.986955,0,2022-06,streetview
data/images/warsaw/52.224793_20.986955_h90.jpg,warsaw,52.224793,20.986955,90,2022-06,streetview
data/images/warsaw/52.224793_20.986955_h180.jpg,warsaw,52.224793,20.986955,180,2022-06,streetview
data/images/warsaw/52.224793_20.986955_h270.jpg,warsaw,52.224793,20.986955,270,2022-06,streetview
data/images/warsaw/52.220481_21.013346_h0.jpg,warsaw,52.220481,21.013346,0,2023-03,streetview
data/images/warsaw/52.220481_21.013346_h90.jpg,warsaw,52.220481,21.013346,90,2023-03,streetview
data/images/warsaw/52.220481_21.013346_h180.jpg,warsaw,52.220481,21.013346,180,2023-03,streetview
data/images/warsaw/52.220481_21.013346_h270.jpg,warsaw,52.220481,21.013346,270,2023-03,streetview
data/images/warsaw/52.271146_21.052173_h0.jpg,warsaw,52.271146,21.052173,0,2023-02,streetview
data/images/warsaw/52.271146_21.052173_h90.jpg,warsaw,52.271146,21.052173,90,2023-02,streetview
data/images/warsaw/52.271146_21.052173_h180.jpg,warsaw,52.271146,21.052173,180,2023-02,streetview
data/images/warsaw/52.271146_21.052173_h270.jpg,warsaw,52.271146,21.052173,270,2023-02,streetview
data/images/warsaw/52.229105_20.983439_h0.jpg,warsaw,52.229105,20.983439,0,2023-07,streetview
data/images/warsaw/52.229105_20.983439_h90.jpg,warsaw,52.229105,20.983439,90,2023-07,streetview
data/images/warsaw/52.229105_20.983439_h180.jpg,warsaw,52.229105,20.983439,180,2023-07,streetview
data/images/warsaw/52.229105_20.983439_h270.jpg,warsaw,52.229105,20.983439,270,2023-07,streetview
data/images/warsaw/52.276536_21.069804_h0.jpg,warsaw,52.276536,21.069804,0,2022-05,streetview
data/images/warsaw/52.276536_21.069804_h90.jpg,warsaw,52.276536,21.069804,90,2022-05,streetview
data/images/warsaw/52.276536_21.069804_h180.jpg,warsaw,52.276536,21.069804,180,2022-05,streetview
data/images/warsaw/52.276536_21.069804_h270.jpg,warsaw,52.276536,21.069804,270,2022-05,streetview
data/images/warsaw/52.233417_21.023925_h0.jpg,warsaw,52.233417,21.023925,0,2018-05,streetview
data/images/warsaw/52.233417_21.023925_h90.jpg,warsaw,52.233417,21.023925,90,2018-05,streetview
data/images/warsaw/52.233417_21.023925_h180.jpg,warsaw,52.233417,21.023925,180,2018-05,streetview
data/images/warsaw/52.233417_21.023925_h270.jpg,warsaw,52.233417,21.023925,270,2018-05,streetview
data/images/warsaw/52.239885_20.962323_h0.jpg,warsaw,52.239885,20.962323,0,2022-06,streetview
data/images/warsaw/52.239885_20.962323_h90.jpg,warsaw,52.239885,20.962323,90,2022-06,streetview
data/images/warsaw/52.239885_20.962323_h180.jpg,warsaw,52.239885,20.962323,180,2022-06,streetview
data/images/warsaw/52.239885_20.962323_h270.jpg,warsaw,52.239885,20.962323,270,2022-06,streetview
data/images/warsaw/52.271146_21.046889_h0.jpg,warsaw,52.271146,21.046889,0,2022-05,streetview
data/images/warsaw/52.271146_21.046889_h90.jpg,warsaw,52.271146,21.046889,90,2022-05,streetview
data/images/warsaw/52.271146_21.046889_h180.jpg,warsaw,52.271146,21.046889,180,2022-05,streetview
data/images/warsaw/52.271146_21.046889_h270.jpg,warsaw,52.271146,21.046889,270,2022-05,streetview
data/images/warsaw/52.2636_21.029259_h0.jpg,warsaw,52.2636,21.029259,0,2024-08,streetview
data/images/warsaw/52.2636_21.029259_h90.jpg,warsaw,52.2636,21.029259,90,2024-08,streetview
data/images/warsaw/52.2636_21.029259_h180.jpg,warsaw,52.2636,21.029259,180,2024-08,streetview
data/images/warsaw/52.2636_21.029259_h270.jpg,warsaw,52.2636,21.029259,270,2024-08,streetview
data/images/warsaw/52.218326_20.960557_h0.jpg,warsaw,52.218326,20.960557,0,2025-10,streetview
data/images/warsaw/52.218326_20.960557_h90.jpg,warsaw,52.218326,20.960557,90,2025-10,streetview
data/images/warsaw/52.218326_20.960557_h180.jpg,warsaw,52.218326,20.960557,180,2025-10,streetview
data/images/warsaw/52.218326_20.960557_h270.jpg,warsaw,52.218326,20.960557,270,2025-10,streetview
data/images/warsaw/52.26899_21.048645_h0.jpg,warsaw,52.26899,21.048645,0,2022-05,streetview
data/images/warsaw/52.26899_21.048645_h90.jpg,warsaw,52.26899,21.048645,90,2022-05,streetview
data/images/warsaw/52.26899_21.048645_h180.jpg,warsaw,52.26899,21.048645,180,2022-05,streetview
data/images/warsaw/52.26899_21.048645_h270.jpg,warsaw,52.26899,21.048645,270,2022-05,streetview
data/images/warsaw/52.288394_21.068074_h0.jpg,warsaw,52.288394,21.068074,0,2022-05,streetview
data/images/warsaw/52.288394_21.068074_h90.jpg,warsaw,52.288394,21.068074,90,2022-05,streetview
data/images/warsaw/52.288394_21.068074_h180.jpg,warsaw,52.288394,21.068074,180,2022-05,streetview
data/images/warsaw/52.288394_21.068074_h270.jpg,warsaw,52.288394,21.068074,270,2022-05,streetview
data/images/warsaw/52.212936_21.059077_h0.jpg,warsaw,52.212936,21.059077,0,2024-01,streetview
data/images/warsaw/52.212936_21.059077_h90.jpg,warsaw,52.212936,21.059077,90,2024-01,streetview
data/images/warsaw/52.212936_21.059077_h180.jpg,warsaw,52.212936,21.059077,180,2024-01,streetview
data/images/warsaw/52.212936_21.059077_h270.jpg,warsaw,52.212936,21.059077,270,2024-01,streetview
data/images/warsaw/52.242041_21.004574_h0.jpg,warsaw,52.242041,21.004574,0,2024-08,streetview
data/images/warsaw/52.242041_21.004574_h90.jpg,warsaw,52.242041,21.004574,90,2024-08,streetview
data/images/warsaw/52.242041_21.004574_h180.jpg,warsaw,52.242041,21.004574,180,2024-08,streetview
data/images/warsaw/52.242041_21.004574_h270.jpg,warsaw,52.242041,21.004574,270,2024-08,streetview
data/images/warsaw/52.218326_21.037976_h0.jpg,warsaw,52.218326,21.037976,0,2018-03,streetview
data/images/warsaw/52.218326_21.037976_h90.jpg,warsaw,52.218326,21.037976,90,2018-03,streetview
data/images/warsaw/52.218326_21.037976_h180.jpg,warsaw,52.218326,21.037976,180,2018-03,streetview
data/images/warsaw/52.218326_21.037976_h270.jpg,warsaw,52.218326,21.037976,270,2018-03,streetview
data/images/warsaw/52.2_21.069598_h0.jpg,warsaw,52.2,21.069598,0,2019-06,streetview
data/images/warsaw/52.2_21.069598_h90.jpg,warsaw,52.2,21.069598,90,2019-06,streetview
data/images/warsaw/52.2_21.069598_h180.jpg,warsaw,52.2,21.069598,180,2019-06,streetview
data/images/warsaw/52.2_21.069598_h270.jpg,warsaw,52.2,21.069598,270,2019-06,streetview
data/images/warsaw/52.211858_21.062592_h0.jpg,warsaw,52.211858,21.062592,0,2023-01,streetview
data/images/warsaw/52.211858_21.062592_h90.jpg,warsaw,52.211858,21.062592,90,2023-01,streetview
data/images/warsaw/52.211858_21.062592_h180.jpg,warsaw,52.211858,21.062592,180,2023-01,streetview
data/images/warsaw/52.211858_21.062592_h270.jpg,warsaw,52.211858,21.062592,270,2023-01,streetview
data/images/warsaw/52.237729_21.057377_h0.jpg,warsaw,52.237729,21.057377,0,2024-08,streetview
data/images/warsaw/52.237729_21.057377_h90.jpg,warsaw,52.237729,21.057377,90,2024-08,streetview
data/images/warsaw/52.237729_21.057377_h180.jpg,warsaw,52.237729,21.057377,180,2024-08,streetview
data/images/warsaw/52.237729_21.057377_h270.jpg,warsaw,52.237729,21.057377,270,2024-08,streetview
data/images/warsaw/52.247431_20.962325_h0.jpg,warsaw,52.247431,20.962325,0,2024-08,streetview
data/images/warsaw/52.247431_20.962325_h90.jpg,warsaw,52.247431,20.962325,90,2024-08,streetview
data/images/warsaw/52.247431_20.962325_h180.jpg,warsaw,52.247431,20.962325,180,2024-08,streetview
data/images/warsaw/52.247431_20.962325_h270.jpg,warsaw,52.247431,20.962325,270,2024-08,streetview
data/images/warsaw/52.272224_21.016943_h0.jpg,warsaw,52.272224,21.016943,0,2024-03,streetview
data/images/warsaw/52.272224_21.016943_h90.jpg,warsaw,52.272224,21.016943,90,2024-03,streetview
data/images/warsaw/52.272224_21.016943_h180.jpg,warsaw,52.272224,21.016943,180,2024-03,streetview
data/images/warsaw/52.272224_21.016943_h270.jpg,warsaw,52.272224,21.016943,270,2024-03,streetview
data/images/warsaw/52.275458_21.041613_h0.jpg,warsaw,52.275458,21.041613,0,2020-10,streetview
data/images/warsaw/52.275458_21.041613_h90.jpg,warsaw,52.275458,21.041613,90,2020-10,streetview
data/images/warsaw/52.275458_21.041613_h180.jpg,warsaw,52.275458,21.041613,180,2020-10,streetview
data/images/warsaw/52.275458_21.041613_h270.jpg,warsaw,52.275458,21.041613,270,2020-10,streetview
data/images/warsaw/52.28516_20.958811_h0.jpg,warsaw,52.28516,20.958811,0,2023-09,streetview
data/images/warsaw/52.28516_20.958811_h90.jpg,warsaw,52.28516,20.958811,90,2023-09,streetview
data/images/warsaw/52.28516_20.958811_h180.jpg,warsaw,52.28516,20.958811,180,2023-09,streetview
data/images/warsaw/52.28516_20.958811_h270.jpg,warsaw,52.28516,20.958811,270,2023-09,streetview
data/images/warsaw/52.260367_21.016925_h0.jpg,warsaw,52.260367,21.016925,0,2024-09,streetview
data/images/warsaw/52.260367_21.016925_h90.jpg,warsaw,52.260367,21.016925,90,2024-09,streetview
data/images/warsaw/52.260367_21.016925_h180.jpg,warsaw,52.260367,21.016925,180,2024-09,streetview
data/images/warsaw/52.260367_21.016925_h270.jpg,warsaw,52.260367,21.016925,270,2024-09,streetview
data/images/warsaw/52.226949_20.972878_h0.jpg,warsaw,52.226949,20.972878,0,2024-08,streetview
data/images/warsaw/52.226949_20.972878_h90.jpg,warsaw,52.226949,20.972878,90,2024-08,streetview
data/images/warsaw/52.226949_20.972878_h180.jpg,warsaw,52.226949,20.972878,180,2024-08,streetview
data/images/warsaw/52.226949_20.972878_h270.jpg,warsaw,52.226949,20.972878,270,2024-08,streetview
data/images/warsaw/52.21078_21.027405_h0.jpg,warsaw,52.21078,21.027405,0,2024-09,streetview
data/images/warsaw/52.21078_21.027405_h90.jpg,warsaw,52.21078,21.027405,90,2024-09,streetview
data/images/warsaw/52.21078_21.027405_h180.jpg,warsaw,52.21078,21.027405,180,2024-09,streetview
data/images/warsaw/52.21078_21.027405_h270.jpg,warsaw,52.21078,21.027405,270,2024-09,streetview
data/images/warsaw/52.220481_20.955279_h0.jpg,warsaw,52.220481,20.955279,0,2022-06,streetview
data/images/warsaw/52.220481_20.955279_h90.jpg,warsaw,52.220481,20.955279,90,2022-06,streetview
data/images/warsaw/52.220481_20.955279_h180.jpg,warsaw,52.220481,20.955279,180,2022-06,streetview
data/images/warsaw/52.220481_20.955279_h270.jpg,warsaw,52.220481,20.955279,270,2022-06,streetview
data/images/warsaw/52.218326_21.025659_h0.jpg,warsaw,52.218326,21.025659,0,2024-08,streetview
data/images/warsaw/52.218326_21.025659_h90.jpg,warsaw,52.218326,21.025659,90,2024-08,streetview
data/images/warsaw/52.218326_21.025659_h180.jpg,warsaw,52.218326,21.025659,180,2024-08,streetview
data/images/warsaw/52.218326_21.025659_h270.jpg,warsaw,52.218326,21.025659,270,2024-08,streetview
data/images/warsaw/52.202156_20.957035_h0.jpg,warsaw,52.202156,20.957035,0,2019-11,streetview
data/images/warsaw/52.202156_20.957035_h90.jpg,warsaw,52.202156,20.957035,90,2019-11,streetview
data/images/warsaw/52.202156_20.957035_h180.jpg,warsaw,52.202156,20.957035,180,2019-11,streetview
data/images/warsaw/52.202156_20.957035_h270.jpg,warsaw,52.202156,20.957035,270,2019-11,streetview
data/images/warsaw/52.250665_21.008106_h0.jpg,warsaw,52.250665,21.008106,0,2022-06,streetview
data/images/warsaw/52.250665_21.008106_h90.jpg,warsaw,52.250665,21.008106,90,2022-06,streetview
data/images/warsaw/52.250665_21.008106_h180.jpg,warsaw,52.250665,21.008106,180,2022-06,streetview
data/images/warsaw/52.250665_21.008106_h270.jpg,warsaw,52.250665,21.008106,270,2022-06,streetview
data/images/warsaw/52.229105_21.071436_h0.jpg,warsaw,52.229105,21.071436,0,2022-06,streetview
data/images/warsaw/52.229105_21.071436_h90.jpg,warsaw,52.229105,21.071436,90,2022-06,streetview
data/images/warsaw/52.229105_21.071436_h180.jpg,warsaw,52.229105,21.071436,180,2022-06,streetview
data/images/warsaw/52.229105_21.071436_h270.jpg,warsaw,52.229105,21.071436,270,2022-06,streetview
data/images/warsaw/52.228027_21.069673_h0.jpg,warsaw,52.228027,21.069673,0,2022-06,streetview
data/images/warsaw/52.228027_21.069673_h90.jpg,warsaw,52.228027,21.069673,90,2022-06,streetview
data/images/warsaw/52.228027_21.069673_h180.jpg,warsaw,52.228027,21.069673,180,2022-06,streetview
data/images/warsaw/52.228027_21.069673_h270.jpg,warsaw,52.228027,21.069673,270,2022-06,streetview
data/images/warsaw/52.237729_20.958801_h0.jpg,warsaw,52.237729,20.958801,0,2024-08,streetview
data/images/warsaw/52.237729_20.958801_h90.jpg,warsaw,52.237729,20.958801,90,2024-08,streetview
data/images/warsaw/52.237729_20.958801_h180.jpg,warsaw,52.237729,20.958801,180,2024-08,streetview
data/images/warsaw/52.237729_20.958801_h270.jpg,warsaw,52.237729,20.958801,270,2024-08,streetview
data/images/warsaw/52.262522_20.965851_h0.jpg,warsaw,52.262522,20.965851,0,2024-08,streetview
data/images/warsaw/52.262522_20.965851_h90.jpg,warsaw,52.262522,20.965851,90,2024-08,streetview
data/images/warsaw/52.262522_20.965851_h180.jpg,warsaw,52.262522,20.965851,180,2024-08,streetview
data/images/warsaw/52.262522_20.965851_h270.jpg,warsaw,52.262522,20.965851,270,2024-08,streetview
data/images/warsaw/52.212936_21.052039_h0.jpg,warsaw,52.212936,21.052039,0,2023-01,streetview
data/images/warsaw/52.212936_21.052039_h90.jpg,warsaw,52.212936,21.052039,90,2023-01,streetview
data/images/warsaw/52.212936_21.052039_h180.jpg,warsaw,52.212936,21.052039,180,2023-01,streetview
data/images/warsaw/52.212936_21.052039_h270.jpg,warsaw,52.212936,21.052039,270,2023-01,streetview
data/images/warsaw/52.252821_20.985218_h0.jpg,warsaw,52.252821,20.985218,0,2024-08,streetview
data/images/warsaw/52.252821_20.985218_h90.jpg,warsaw,52.252821,20.985218,90,2024-08,streetview
data/images/warsaw/52.252821_20.985218_h180.jpg,warsaw,52.252821,20.985218,180,2024-08,streetview
data/images/warsaw/52.252821_20.985218_h270.jpg,warsaw,52.252821,20.985218,270,2024-08,streetview
data/images/warsaw/52.284082_21.059252_h0.jpg,warsaw,52.284082,21.059252,0,2022-05,streetview
data/images/warsaw/52.284082_21.059252_h90.jpg,warsaw,52.284082,21.059252,90,2022-05,streetview
data/images/warsaw/52.284082_21.059252_h180.jpg,warsaw,52.284082,21.059252,180,2022-05,streetview
data/images/warsaw/52.284082_21.059252_h270.jpg,warsaw,52.284082,21.059252,270,2022-05,streetview
data/images/warsaw/52.262522_20.990509_h0.jpg,warsaw,52.262522,20.990509,0,2018-08,streetview
data/images/warsaw/52.262522_20.990509_h90.jpg,warsaw,52.262522,20.990509,90,2018-08,streetview
data/images/warsaw/52.262522_20.990509_h180.jpg,warsaw,52.262522,20.990509,180,2018-08,streetview
data/images/warsaw/52.262522_20.990509_h270.jpg,warsaw,52.262522,20.990509,270,2018-08,streetview
data/images/warsaw/52.275458_20.955285_h0.jpg,warsaw,52.275458,20.955285,0,2022-11,streetview
data/images/warsaw/52.275458_20.955285_h90.jpg,warsaw,52.275458,20.955285,90,2022-11,streetview
data/images/warsaw/52.275458_20.955285_h180.jpg,warsaw,52.275458,20.955285,180,2022-11,streetview
data/images/warsaw/52.275458_20.955285_h270.jpg,warsaw,52.275458,20.955285,270,2022-11,streetview
data/images/warsaw/52.208624_20.957037_h0.jpg,warsaw,52.208624,20.957037,0,2024-07,streetview
data/images/warsaw/52.208624_20.957037_h90.jpg,warsaw,52.208624,20.957037,90,2024-07,streetview
data/images/warsaw/52.208624_20.957037_h180.jpg,warsaw,52.208624,20.957037,180,2024-07,streetview
data/images/warsaw/52.208624_20.957037_h270.jpg,warsaw,52.208624,20.957037,270,2024-07,streetview
data/images/warsaw/52.260367_20.951761_h0.jpg,warsaw,52.260367,20.951761,0,2026-04,streetview
data/images/warsaw/52.260367_20.951761_h90.jpg,warsaw,52.260367,20.951761,90,2026-04,streetview
data/images/warsaw/52.260367_20.951761_h180.jpg,warsaw,52.260367,20.951761,180,2026-04,streetview
data/images/warsaw/52.260367_20.951761_h270.jpg,warsaw,52.260367,20.951761,270,2026-04,streetview
data/images/warsaw/52.277614_20.955286_h0.jpg,warsaw,52.277614,20.955286,0,2022-11,streetview
data/images/warsaw/52.277614_20.955286_h90.jpg,warsaw,52.277614,20.955286,90,2022-11,streetview
data/images/warsaw/52.277614_20.955286_h180.jpg,warsaw,52.277614,20.955286,180,2022-11,streetview
data/images/warsaw/52.277614_20.955286_h270.jpg,warsaw,52.277614,20.955286,270,2022-11,streetview
data/images/warsaw/52.270068_21.075071_h0.jpg,warsaw,52.270068,21.075071,0,2024-08,streetview
data/images/warsaw/52.270068_21.075071_h90.jpg,warsaw,52.270068,21.075071,90,2024-08,streetview
data/images/warsaw/52.270068_21.075071_h180.jpg,warsaw,52.270068,21.075071,180,2024-08,streetview
data/images/warsaw/52.270068_21.075071_h270.jpg,warsaw,52.270068,21.075071,270,2024-08,streetview
data/images/warsaw/52.204312_21.01684_h0.jpg,warsaw,52.204312,21.01684,0,2024-09,streetview
data/images/warsaw/52.204312_21.01684_h90.jpg,warsaw,52.204312,21.01684,90,2024-09,streetview
data/images/warsaw/52.204312_21.01684_h180.jpg,warsaw,52.204312,21.01684,180,2024-09,streetview
data/images/warsaw/52.204312_21.01684_h270.jpg,warsaw,52.204312,21.01684,270,2024-09,streetview
data/images/warsaw/52.287316_21.018728_h0.jpg,warsaw,52.287316,21.018728,0,2024-08,streetview
data/images/warsaw/52.287316_21.018728_h90.jpg,warsaw,52.287316,21.018728,90,2024-08,streetview
data/images/warsaw/52.287316_21.018728_h180.jpg,warsaw,52.287316,21.018728,180,2024-08,streetview
data/images/warsaw/52.287316_21.018728_h270.jpg,warsaw,52.287316,21.018728,270,2024-08,streetview
data/images/warsaw/52.273302_21.060987_h0.jpg,warsaw,52.273302,21.060987,0,2022-05,streetview
data/images/warsaw/52.273302_21.060987_h90.jpg,warsaw,52.273302,21.060987,90,2022-05,streetview
data/images/warsaw/52.273302_21.060987_h180.jpg,warsaw,52.273302,21.060987,180,2022-05,streetview
data/images/warsaw/52.273302_21.060987_h270.jpg,warsaw,52.273302,21.060987,270,2022-05,streetview
data/images/warsaw/52.262522_20.979942_h0.jpg,warsaw,52.262522,20.979942,0,2024-08,streetview
data/images/warsaw/52.262522_20.979942_h90.jpg,warsaw,52.262522,20.979942,90,2024-08,streetview
data/images/warsaw/52.262522_20.979942_h180.jpg,warsaw,52.262522,20.979942,180,2024-08,streetview
data/images/warsaw/52.262522_20.979942_h270.jpg,warsaw,52.262522,20.979942,270,2024-08,streetview
data/images/warsaw/52.202156_20.967589_h0.jpg,warsaw,52.202156,20.967589,0,2024-07,streetview
data/images/warsaw/52.202156_20.967589_h90.jpg,warsaw,52.202156,20.967589,90,2024-07,streetview
data/images/warsaw/52.202156_20.967589_h180.jpg,warsaw,52.202156,20.967589,180,2024-07,streetview
data/images/warsaw/52.202156_20.967589_h270.jpg,warsaw,52.202156,20.967589,270,2024-07,streetview
data/images/warsaw/52.284082_20.967621_h0.jpg,warsaw,52.284082,20.967621,0,2024-08,streetview
data/images/warsaw/52.284082_20.967621_h90.jpg,warsaw,52.284082,20.967621,90,2024-08,streetview
data/images/warsaw/52.284082_20.967621_h180.jpg,warsaw,52.284082,20.967621,180,2024-08,streetview
data/images/warsaw/52.284082_20.967621_h270.jpg,warsaw,52.284082,20.967621,270,2024-08,streetview
data/images/warsaw/52.235573_20.957041_h0.jpg,warsaw,52.235573,20.957041,0,2022-06,streetview
data/images/warsaw/52.235573_20.957041_h90.jpg,warsaw,52.235573,20.957041,90,2022-06,streetview
data/images/warsaw/52.235573_20.957041_h180.jpg,warsaw,52.235573,20.957041,180,2022-06,streetview
data/images/warsaw/52.235573_20.957041_h270.jpg,warsaw,52.235573,20.957041,270,2022-06,streetview
data/images/warsaw/52.232339_20.972881_h0.jpg,warsaw,52.232339,20.972881,0,2020-09,streetview
data/images/warsaw/52.232339_20.972881_h90.jpg,warsaw,52.232339,20.972881,90,2020-09,streetview
data/images/warsaw/52.232339_20.972881_h180.jpg,warsaw,52.232339,20.972881,180,2020-09,streetview
data/images/warsaw/52.232339_20.972881_h270.jpg,warsaw,52.232339,20.972881,270,2020-09,streetview
data/images/warsaw/52.226949_21.060871_h0.jpg,warsaw,52.226949,21.060871,0,2018-07,streetview
data/images/warsaw/52.226949_21.060871_h90.jpg,warsaw,52.226949,21.060871,90,2018-07,streetview
data/images/warsaw/52.226949_21.060871_h180.jpg,warsaw,52.226949,21.060871,180,2018-07,streetview
data/images/warsaw/52.226949_21.060871_h270.jpg,warsaw,52.226949,21.060871,270,2018-07,streetview
data/images/warsaw/52.211858_20.969352_h0.jpg,warsaw,52.211858,20.969352,0,2022-07,streetview
data/images/warsaw/52.211858_20.969352_h90.jpg,warsaw,52.211858,20.969352,90,2022-07,streetview
data/images/warsaw/52.211858_20.969352_h180.jpg,warsaw,52.211858,20.969352,180,2022-07,streetview
data/images/warsaw/52.211858_20.969352_h270.jpg,warsaw,52.211858,20.969352,270,2022-07,streetview
data/images/warsaw/52.287316_20.974672_h0.jpg,warsaw,52.287316,20.974672,0,2022-11,streetview
data/images/warsaw/52.287316_20.974672_h90.jpg,warsaw,52.287316,20.974672,90,2022-11,streetview
data/images/warsaw/52.287316_20.974672_h180.jpg,warsaw,52.287316,20.974672,180,2022-11,streetview
data/images/warsaw/52.287316_20.974672_h270.jpg,warsaw,52.287316,20.974672,270,2022-11,streetview
data/images/warsaw/52.27438_21.057466_h0.jpg,warsaw,52.27438,21.057466,0,2022-05,streetview
data/images/warsaw/52.27438_21.057466_h90.jpg,warsaw,52.27438,21.057466,90,2022-05,streetview
data/images/warsaw/52.27438_21.057466_h180.jpg,warsaw,52.27438,21.057466,180,2022-05,streetview
data/images/warsaw/52.27438_21.057466_h270.jpg,warsaw,52.27438,21.057466,270,2022-05,streetview
data/images/warsaw/52.221559_20.964077_h0.jpg,warsaw,52.221559,20.964077,0,2019-08,streetview
data/images/warsaw/52.221559_20.964077_h90.jpg,warsaw,52.221559,20.964077,90,2019-08,streetview
data/images/warsaw/52.221559_20.964077_h180.jpg,warsaw,52.221559,20.964077,180,2019-08,streetview
data/images/warsaw/52.221559_20.964077_h270.jpg,warsaw,52.221559,20.964077,270,2019-08,streetview
data/images/warsaw/52.2_20.976382_h0.jpg,warsaw,52.2,20.976382,0,2024-07,streetview
data/images/warsaw/52.2_20.976382_h90.jpg,warsaw,52.2,20.976382,90,2024-07,streetview
data/images/warsaw/52.2_20.976382_h180.jpg,warsaw,52.2,20.976382,180,2024-07,streetview
data/images/warsaw/52.2_20.976382_h270.jpg,warsaw,52.2,20.976382,270,2024-07,streetview
data/images/warsaw/52.264678_21.025738_h0.jpg,warsaw,52.264678,21.025738,0,2022-05,streetview
data/images/warsaw/52.264678_21.025738_h90.jpg,warsaw,52.264678,21.025738,90,2022-05,streetview
data/images/warsaw/52.264678_21.025738_h180.jpg,warsaw,52.264678,21.025738,180,2022-05,streetview
data/images/warsaw/52.264678_21.025738_h270.jpg,warsaw,52.264678,21.025738,270,2022-05,streetview
data/images/warsaw/52.212936_21.008057_h0.jpg,warsaw,52.212936,21.008057,0,2022-07,streetview
data/images/warsaw/52.212936_21.008057_h90.jpg,warsaw,52.212936,21.008057,90,2022-07,streetview
data/images/warsaw/52.212936_21.008057_h180.jpg,warsaw,52.212936,21.008057,180,2022-07,streetview
data/images/warsaw/52.212936_21.008057_h270.jpg,warsaw,52.212936,21.008057,270,2022-07,streetview
data/images/warsaw/52.225871_20.95_h0.jpg,warsaw,52.225871,20.95,0,2022-06,streetview
data/images/warsaw/52.225871_20.95_h90.jpg,warsaw,52.225871,20.95,90,2022-06,streetview
data/images/warsaw/52.225871_20.95_h180.jpg,warsaw,52.225871,20.95,180,2022-06,streetview
data/images/warsaw/52.225871_20.95_h270.jpg,warsaw,52.225871,20.95,270,2022-06,streetview
data/images/warsaw/52.261444_20.983463_h0.jpg,warsaw,52.261444,20.983463,0,2024-08,streetview
data/images/warsaw/52.261444_20.983463_h90.jpg,warsaw,52.261444,20.983463,90,2024-08,streetview
data/images/warsaw/52.261444_20.983463_h180.jpg,warsaw,52.261444,20.983463,180,2024-08,streetview
data/images/warsaw/52.261444_20.983463_h270.jpg,warsaw,52.261444,20.983463,270,2024-08,streetview
data/images/warsaw/52.278692_21.062762_h0.jpg,warsaw,52.278692,21.062762,0,2022-05,streetview
data/images/warsaw/52.278692_21.062762_h90.jpg,warsaw,52.278692,21.062762,90,2022-05,streetview
data/images/warsaw/52.278692_21.062762_h180.jpg,warsaw,52.278692,21.062762,180,2022-05,streetview
data/images/warsaw/52.278692_21.062762_h270.jpg,warsaw,52.278692,21.062762,270,2022-05,streetview
data/images/warsaw/52.272224_20.97114_h0.jpg,warsaw,52.272224,20.97114,0,2024-09,streetview
data/images/warsaw/52.272224_20.97114_h90.jpg,warsaw,52.272224,20.97114,90,2024-09,streetview
data/images/warsaw/52.272224_20.97114_h180.jpg,warsaw,52.272224,20.97114,180,2024-09,streetview
data/images/warsaw/52.272224_20.97114_h270.jpg,warsaw,52.272224,20.97114,270,2024-09,streetview
data/images/warsaw/52.240963_20.969365_h0.jpg,warsaw,52.240963,20.969365,0,2022-06,streetview
data/images/warsaw/52.240963_20.969365_h90.jpg,warsaw,52.240963,20.969365,90,2022-06,streetview
data/images/warsaw/52.240963_20.969365_h180.jpg,warsaw,52.240963,20.969365,180,2022-06,streetview
data/images/warsaw/52.240963_20.969365_h270.jpg,warsaw,52.240963,20.969365,270,2022-06,streetview
data/images/warsaw/52.232339_21.052084_h0.jpg,warsaw,52.232339,21.052084,0,2024-08,streetview
data/images/warsaw/52.232339_21.052084_h90.jpg,warsaw,52.232339,21.052084,90,2024-08,streetview
data/images/warsaw/52.232339_21.052084_h180.jpg,warsaw,52.232339,21.052084,180,2024-08,streetview
data/images/warsaw/52.232339_21.052084_h270.jpg,warsaw,52.232339,21.052084,270,2024-08,streetview
data/images/warsaw/52.270068_21.045125_h0.jpg,warsaw,52.270068,21.045125,0,2024-08,streetview
data/images/warsaw/52.270068_21.045125_h90.jpg,warsaw,52.270068,21.045125,90,2024-08,streetview
data/images/warsaw/52.270068_21.045125_h180.jpg,warsaw,52.270068,21.045125,180,2024-08,streetview
data/images/warsaw/52.270068_21.045125_h270.jpg,warsaw,52.270068,21.045125,270,2024-08,streetview
data/images/warsaw/52.28516_21.075114_h0.jpg,warsaw,52.28516,21.075114,0,2022-05,streetview
data/images/warsaw/52.28516_21.075114_h90.jpg,warsaw,52.28516,21.075114,90,2022-05,streetview
data/images/warsaw/52.28516_21.075114_h180.jpg,warsaw,52.28516,21.075114,180,2022-05,streetview
data/images/warsaw/52.28516_21.075114_h270.jpg,warsaw,52.28516,21.075114,270,2022-05,streetview
data/images/warsaw/52.237729_21.022172_h0.jpg,warsaw,52.237729,21.022172,0,2020-09,streetview
data/images/warsaw/52.237729_21.022172_h90.jpg,warsaw,52.237729,21.022172,90,2020-09,streetview
data/images/warsaw/52.237729_21.022172_h180.jpg,warsaw,52.237729,21.022172,180,2020-09,streetview
data/images/warsaw/52.237729_21.022172_h270.jpg,warsaw,52.237729,21.022172,270,2020-09,streetview
data/images/warsaw/52.251743_20.974652_h0.jpg,warsaw,52.251743,20.974652,0,2021-04,streetview
data/images/warsaw/52.251743_20.974652_h90.jpg,warsaw,52.251743,20.974652,90,2021-04,streetview
data/images/warsaw/52.251743_20.974652_h180.jpg,warsaw,52.251743,20.974652,180,2021-04,streetview
data/images/warsaw/52.251743_20.974652_h270.jpg,warsaw,52.251743,20.974652,270,2021-04,streetview
data/images/warsaw/52.27438_20.974664_h0.jpg,warsaw,52.27438,20.974664,0,2019-11,streetview
data/images/warsaw/52.27438_20.974664_h90.jpg,warsaw,52.27438,20.974664,90,2019-11,streetview
data/images/warsaw/52.27438_20.974664_h180.jpg,warsaw,52.27438,20.974664,180,2019-11,streetview
data/images/warsaw/52.27438_20.974664_h270.jpg,warsaw,52.27438,20.974664,270,2019-11,streetview
data/images/warsaw/52.2_20.967588_h0.jpg,warsaw,52.2,20.967588,0,2022-07,streetview
data/images/warsaw/52.2_20.967588_h90.jpg,warsaw,52.2,20.967588,90,2022-07,streetview
data/images/warsaw/52.2_20.967588_h180.jpg,warsaw,52.2,20.967588,180,2022-07,streetview
data/images/warsaw/52.2_20.967588_h270.jpg,warsaw,52.2,20.967588,270,2022-07,streetview
data/images/warsaw/52.203234_21.006285_h0.jpg,warsaw,52.203234,21.006285,0,2021-04,streetview
data/images/warsaw/52.203234_21.006285_h90.jpg,warsaw,52.203234,21.006285,90,2021-04,streetview
data/images/warsaw/52.203234_21.006285_h180.jpg,warsaw,52.203234,21.006285,180,2021-04,streetview
data/images/warsaw/52.203234_21.006285_h270.jpg,warsaw,52.203234,21.006285,270,2021-04,streetview
data/images/warsaw/52.201078_21.015077_h0.jpg,warsaw,52.201078,21.015077,0,2024-09,streetview
data/images/warsaw/52.201078_21.015077_h90.jpg,warsaw,52.201078,21.015077,90,2024-09,streetview
data/images/warsaw/52.201078_21.015077_h180.jpg,warsaw,52.201078,21.015077,180,2024-09,streetview
data/images/warsaw/52.201078_21.015077_h270.jpg,warsaw,52.201078,21.015077,270,2024-09,streetview
data/images/warsaw/52.20539_21.008047_h0.jpg,warsaw,52.20539,21.008047,0,2025-10,streetview
data/images/warsaw/52.20539_21.008047_h90.jpg,warsaw,52.20539,21.008047,90,2025-10,streetview
data/images/warsaw/52.20539_21.008047_h180.jpg,warsaw,52.20539,21.008047,180,2025-10,streetview
data/images/warsaw/52.20539_21.008047_h270.jpg,warsaw,52.20539,21.008047,270,2025-10,streetview
data/images/warsaw/52.215092_21.002782_h0.jpg,warsaw,52.215092,21.002782,0,2024-05,streetview
data/images/warsaw/52.215092_21.002782_h90.jpg,warsaw,52.215092,21.002782,90,2024-05,streetview
data/images/warsaw/52.215092_21.002782_h180.jpg,warsaw,52.215092,21.002782,180,2024-05,streetview
data/images/warsaw/52.215092_21.002782_h270.jpg,warsaw,52.215092,21.002782,270,2024-05,streetview
data/images/warsaw/52.203234_20.951759_h0.jpg,warsaw,52.203234,20.951759,0,2022-07,streetview
data/images/warsaw/52.203234_20.951759_h90.jpg,warsaw,52.203234,20.951759,90,2022-07,streetview
data/images/warsaw/52.203234_20.951759_h180.jpg,warsaw,52.203234,20.951759,180,2022-07,streetview
data/images/warsaw/52.203234_20.951759_h270.jpg,warsaw,52.203234,20.951759,270,2022-07,streetview
data/images/warsaw/52.242041_21.009855_h0.jpg,warsaw,52.242041,21.009855,0,2019-09,streetview
data/images/warsaw/52.242041_21.009855_h90.jpg,warsaw,52.242041,21.009855,90,2019-09,streetview
data/images/warsaw/52.242041_21.009855_h180.jpg,warsaw,52.242041,21.009855,180,2019-09,streetview
data/images/warsaw/52.242041_21.009855_h270.jpg,warsaw,52.242041,21.009855,270,2019-09,streetview
data/images/warsaw/52.231261_21.018641_h0.jpg,warsaw,52.231261,21.018641,0,2024-08,streetview
data/images/warsaw/52.231261_21.018641_h90.jpg,warsaw,52.231261,21.018641,90,2024-08,streetview
data/images/warsaw/52.231261_21.018641_h180.jpg,warsaw,52.231261,21.018641,180,2024-08,streetview
data/images/warsaw/52.231261_21.018641_h270.jpg,warsaw,52.231261,21.018641,270,2024-08,streetview
data/images/warsaw/52.228027_20.992238_h0.jpg,warsaw,52.228027,20.992238,0,2024-09,streetview
data/images/warsaw/52.228027_20.992238_h90.jpg,warsaw,52.228027,20.992238,90,2024-09,streetview
data/images/warsaw/52.228027_20.992238_h180.jpg,warsaw,52.228027,20.992238,180,2024-09,streetview
data/images/warsaw/52.228027_20.992238_h270.jpg,warsaw,52.228027,20.992238,270,2024-09,streetview
data/images/warsaw/52.272224_21.075077_h0.jpg,warsaw,52.272224,21.075077,0,2022-07,streetview
data/images/warsaw/52.272224_21.075077_h90.jpg,warsaw,52.272224,21.075077,90,2022-07,streetview
data/images/warsaw/52.272224_21.075077_h180.jpg,warsaw,52.272224,21.075077,180,2022-07,streetview
data/images/warsaw/52.272224_21.075077_h270.jpg,warsaw,52.272224,21.075077,270,2022-07,streetview
data/images/warsaw/52.281926_21.029292_h0.jpg,warsaw,52.281926,21.029292,0,2024-08,streetview
data/images/warsaw/52.281926_21.029292_h90.jpg,warsaw,52.281926,21.029292,90,2024-08,streetview
data/images/warsaw/52.281926_21.029292_h180.jpg,warsaw,52.281926,21.029292,180,2024-08,streetview
data/images/warsaw/52.281926_21.029292_h270.jpg,warsaw,52.281926,21.029292,270,2024-08,streetview
data/images/warsaw/52.261444_21.031016_h0.jpg,warsaw,52.261444,21.031016,0,2020-10,streetview
data/images/warsaw/52.261444_21.031016_h90.jpg,warsaw,52.261444,21.031016,90,2020-10,streetview
data/images/warsaw/52.261444_21.031016_h180.jpg,warsaw,52.261444,21.031016,180,2020-10,streetview
data/images/warsaw/52.261444_21.031016_h270.jpg,warsaw,52.261444,21.031016,270,2020-10,streetview
data/images/warsaw/52.280848_21.027528_h0.jpg,warsaw,52.280848,21.027528,0,2022-05,streetview
data/images/warsaw/52.280848_21.027528_h90.jpg,warsaw,52.280848,21.027528,90,2022-05,streetview
data/images/warsaw/52.280848_21.027528_h180.jpg,warsaw,52.280848,21.027528,180,2022-05,streetview
data/images/warsaw/52.280848_21.027528_h270.jpg,warsaw,52.280848,21.027528,270,2022-05,streetview
data/images/warsaw/52.229105_20.95528_h0.jpg,warsaw,52.229105,20.95528,0,2022-06,streetview
data/images/warsaw/52.229105_20.95528_h90.jpg,warsaw,52.229105,20.95528,90,2022-06,streetview
data/images/warsaw/52.229105_20.95528_h180.jpg,warsaw,52.229105,20.95528,180,2022-06,streetview
data/images/warsaw/52.229105_20.95528_h270.jpg,warsaw,52.229105,20.95528,270,2022-06,streetview
data/images/warsaw/52.277614_21.071569_h0.jpg,warsaw,52.277614,21.071569,0,2019-08,streetview
data/images/warsaw/52.277614_21.071569_h90.jpg,warsaw,52.277614,21.071569,90,2019-08,streetview
data/images/warsaw/52.277614_21.071569_h180.jpg,warsaw,52.277614,21.071569,180,2019-08,streetview
data/images/warsaw/52.277614_21.071569_h270.jpg,warsaw,52.277614,21.071569,270,2019-08,streetview
data/images/warsaw/52.218326_21.004545_h0.jpg,warsaw,52.218326,21.004545,0,2018-02,streetview
data/images/warsaw/52.218326_21.004545_h90.jpg,warsaw,52.218326,21.004545,90,2018-02,streetview
data/images/warsaw/52.218326_21.004545_h180.jpg,warsaw,52.218326,21.004545,180,2018-02,streetview
data/images/warsaw/52.218326_21.004545_h270.jpg,warsaw,52.218326,21.004545,270,2018-02,streetview
data/images/warsaw/52.262522_21.043347_h0.jpg,warsaw,52.262522,21.043347,0,2022-05,streetview
data/images/warsaw/52.262522_21.043347_h90.jpg,warsaw,52.262522,21.043347,90,2022-05,streetview
data/images/warsaw/52.262522_21.043347_h180.jpg,warsaw,52.262522,21.043347,180,2022-05,streetview
data/images/warsaw/52.262522_21.043347_h270.jpg,warsaw,52.262522,21.043347,270,2022-05,streetview
data/images/warsaw/52.232339_20.994002_h0.jpg,warsaw,52.232339,20.994002,0,2024-08,streetview
data/images/warsaw/52.232339_20.994002_h90.jpg,warsaw,52.232339,20.994002,90,2024-08,streetview
data/images/warsaw/52.232339_20.994002_h180.jpg,warsaw,52.232339,20.994002,180,2024-08,streetview
data/images/warsaw/52.232339_20.994002_h270.jpg,warsaw,52.232339,20.994002,270,2024-08,streetview
data/images/warsaw/52.236651_20.986965_h0.jpg,warsaw,52.236651,20.986965,0,2024-08,streetview
data/images/warsaw/52.236651_20.986965_h90.jpg,warsaw,52.236651,20.986965,90,2024-08,streetview
data/images/warsaw/52.236651_20.986965_h180.jpg,warsaw,52.236651,20.986965,180,2024-08,streetview
data/images/warsaw/52.236651_20.986965_h270.jpg,warsaw,52.236651,20.986965,270,2024-08,streetview
data/images/warsaw/52.246353_20.983452_h0.jpg,warsaw,52.246353,20.983452,0,2019-06,streetview
data/images/warsaw/52.246353_20.983452_h90.jpg,warsaw,52.246353,20.983452,90,2019-06,streetview
data/images/warsaw/52.246353_20.983452_h180.jpg,warsaw,52.246353,20.983452,180,2019-06,streetview
data/images/warsaw/52.246353_20.983452_h270.jpg,warsaw,52.246353,20.983452,270,2019-06,streetview
data/images/warsaw/52.233417_21.067927_h0.jpg,warsaw,52.233417,21.067927,0,2020-10,streetview
data/images/warsaw/52.233417_21.067927_h90.jpg,warsaw,52.233417,21.067927,90,2020-10,streetview
data/images/warsaw/52.233417_21.067927_h180.jpg,warsaw,52.233417,21.067927,180,2020-10,streetview
data/images/warsaw/52.233417_21.067927_h270.jpg,warsaw,52.233417,21.067927,270,2020-10,streetview
data/images/warsaw/52.271146_20.953523_h0.jpg,warsaw,52.271146,20.953523,0,2020-09,streetview
data/images/warsaw/52.271146_20.953523_h90.jpg,warsaw,52.271146,20.953523,90,2020-09,streetview
data/images/warsaw/52.271146_20.953523_h180.jpg,warsaw,52.271146,20.953523,180,2020-09,streetview
data/images/warsaw/52.271146_20.953523_h270.jpg,warsaw,52.271146,20.953523,270,2020-09,streetview
data/images/warsaw/52.21078_21.071386_h0.jpg,warsaw,52.21078,21.071386,0,2024-01,streetview
data/images/warsaw/52.21078_21.071386_h90.jpg,warsaw,52.21078,21.071386,90,2024-01,streetview
data/images/warsaw/52.21078_21.071386_h180.jpg,warsaw,52.21078,21.071386,180,2024-01,streetview
data/images/warsaw/52.21078_21.071386_h270.jpg,warsaw,52.21078,21.071386,270,2024-01,streetview
data/images/warsaw/52.228027_21.020396_h0.jpg,warsaw,52.228027,21.020396,0,2024-08,streetview
data/images/warsaw/52.228027_21.020396_h90.jpg,warsaw,52.228027,21.020396,90,2024-08,streetview
data/images/warsaw/52.228027_21.020396_h180.jpg,warsaw,52.228027,21.020396,180,2024-08,streetview
data/images/warsaw/52.228027_21.020396_h270.jpg,warsaw,52.228027,21.020396,270,2024-08,streetview
data/images/warsaw/52.252821_21.032761_h0.jpg,warsaw,52.252821,21.032761,0,2021-05,streetview
data/images/warsaw/52.252821_21.032761_h90.jpg,warsaw,52.252821,21.032761,90,2021-05,streetview
data/images/warsaw/52.252821_21.032761_h180.jpg,warsaw,52.252821,21.032761,180,2021-05,streetview
data/images/warsaw/52.252821_21.032761_h270.jpg,warsaw,52.252821,21.032761,270,2021-05,streetview
data/images/warsaw/52.246353_21.067962_h0.jpg,warsaw,52.246353,21.067962,0,2024-08,streetview
data/images/warsaw/52.246353_21.067962_h90.jpg,warsaw,52.246353,21.067962,90,2024-08,streetview
data/images/warsaw/52.246353_21.067962_h180.jpg,warsaw,52.246353,21.067962,180,2024-08,streetview
data/images/warsaw/52.246353_21.067962_h270.jpg,warsaw,52.246353,21.067962,270,2024-08,streetview
data/images/warsaw/52.237729_21.018651_h0.jpg,warsaw,52.237729,21.018651,0,2022-02,streetview
data/images/warsaw/52.237729_21.018651_h90.jpg,warsaw,52.237729,21.018651,90,2022-02,streetview
data/images/warsaw/52.237729_21.018651_h180.jpg,warsaw,52.237729,21.018651,180,2022-02,streetview
data/images/warsaw/52.237729_21.018651_h270.jpg,warsaw,52.237729,21.018651,270,2022-02,streetview
data/images/warsaw/52.284082_21.061014_h0.jpg,warsaw,52.284082,21.061014,0,2022-05,streetview
data/images/warsaw/52.284082_21.061014_h90.jpg,warsaw,52.284082,21.061014,90,2022-05,streetview
data/images/warsaw/52.284082_21.061014_h180.jpg,warsaw,52.284082,21.061014,180,2022-05,streetview
data/images/warsaw/52.284082_21.061014_h270.jpg,warsaw,52.284082,21.061014,270,2022-05,streetview
data/images/warsaw/52.232339_21.004562_h0.jpg,warsaw,52.232339,21.004562,0,2019-08,streetview
data/images/warsaw/52.232339_21.004562_h90.jpg,warsaw,52.232339,21.004562,90,2019-08,streetview
data/images/warsaw/52.232339_21.004562_h180.jpg,warsaw,52.232339,21.004562,180,2019-08,streetview
data/images/warsaw/52.232339_21.004562_h270.jpg,warsaw,52.232339,21.004562,270,2019-08,streetview
data/images/warsaw/52.27977_21.024002_h0.jpg,warsaw,52.27977,21.024002,0,2022-05,streetview
data/images/warsaw/52.27977_21.024002_h90.jpg,warsaw,52.27977,21.024002,90,2022-05,streetview
data/images/warsaw/52.27977_21.024002_h180.jpg,warsaw,52.27977,21.024002,180,2022-05,streetview
data/images/warsaw/52.27977_21.024002_h270.jpg,warsaw,52.27977,21.024002,270,2022-05,streetview
data/images/warsaw/52.245275_20.967606_h0.jpg,warsaw,52.245275,20.967606,0,2024-08,streetview
data/images/warsaw/52.245275_20.967606_h90.jpg,warsaw,52.245275,20.967606,90,2024-08,streetview
data/images/warsaw/52.245275_20.967606_h180.jpg,warsaw,52.245275,20.967606,180,2024-08,streetview
data/images/warsaw/52.245275_20.967606_h270.jpg,warsaw,52.245275,20.967606,270,2024-08,streetview
data/images/warsaw/52.264678_20.98875_h0.jpg,warsaw,52.264678,20.98875,0,2024-08,streetview
data/images/warsaw/52.264678_20.98875_h90.jpg,warsaw,52.264678,20.98875,90,2024-08,streetview
data/images/warsaw/52.264678_20.98875_h180.jpg,warsaw,52.264678,20.98875,180,2024-08,streetview
data/images/warsaw/52.264678_20.98875_h270.jpg,warsaw,52.264678,20.98875,270,2024-08,streetview
data/images/warsaw/52.247431_20.981692_h0.jpg,warsaw,52.247431,20.981692,0,2021-08,streetview
data/images/warsaw/52.247431_20.981692_h90.jpg,warsaw,52.247431,20.981692,90,2021-08,streetview
data/images/warsaw/52.247431_20.981692_h180.jpg,warsaw,52.247431,20.981692,180,2021-08,streetview
data/images/warsaw/52.247431_20.981692_h270.jpg,warsaw,52.247431,20.981692,270,2021-08,streetview
data/images/warsaw/52.27977_20.964096_h0.jpg,warsaw,52.27977,20.964096,0,2024-08,streetview
data/images/warsaw/52.27977_20.964096_h90.jpg,warsaw,52.27977,20.964096,90,2024-08,streetview
data/images/warsaw/52.27977_20.964096_h180.jpg,warsaw,52.27977,20.964096,180,2024-08,streetview
data/images/warsaw/52.27977_20.964096_h270.jpg,warsaw,52.27977,20.964096,270,2024-08,streetview
data/images/warsaw/52.275458_21.043374_h0.jpg,warsaw,52.275458,21.043374,0,2024-08,streetview
data/images/warsaw/52.275458_21.043374_h90.jpg,warsaw,52.275458,21.043374,90,2024-08,streetview
data/images/warsaw/52.275458_21.043374_h180.jpg,warsaw,52.275458,21.043374,180,2024-08,streetview
data/images/warsaw/52.275458_21.043374_h270.jpg,warsaw,52.275458,21.043374,270,2024-08,streetview
data/images/warsaw/52.230183_20.98168_h0.jpg,warsaw,52.230183,20.98168,0,2019-06,streetview
data/images/warsaw/52.230183_20.98168_h90.jpg,warsaw,52.230183,20.98168,90,2019-06,streetview
data/images/warsaw/52.230183_20.98168_h180.jpg,warsaw,52.230183,20.98168,180,2019-06,streetview
data/images/warsaw/52.230183_20.98168_h270.jpg,warsaw,52.230183,20.98168,270,2019-06,streetview
data/images/warsaw/52.259289_20.992267_h0.jpg,warsaw,52.259289,20.992267,0,2018-11,streetview
data/images/warsaw/52.259289_20.992267_h90.jpg,warsaw,52.259289,20.992267,90,2018-11,streetview
data/images/warsaw/52.259289_20.992267_h180.jpg,warsaw,52.259289,20.992267,180,2018-11,streetview
data/images/warsaw/52.259289_20.992267_h270.jpg,warsaw,52.259289,20.992267,270,2018-11,streetview
data/images/warsaw/52.260367_21.046865_h0.jpg,warsaw,52.260367,21.046865,0,2024-08,streetview
data/images/warsaw/52.260367_21.046865_h90.jpg,warsaw,52.260367,21.046865,90,2024-08,streetview
data/images/warsaw/52.260367_21.046865_h180.jpg,warsaw,52.260367,21.046865,180,2024-08,streetview
data/images/warsaw/52.260367_21.046865_h270.jpg,warsaw,52.260367,21.046865,270,2024-08,streetview
data/images/warsaw/52.214014_20.972871_h0.jpg,warsaw,52.214014,20.972871,0,2020-09,streetview
data/images/warsaw/52.214014_20.972871_h90.jpg,warsaw,52.214014,20.972871,90,2020-09,streetview
data/images/warsaw/52.214014_20.972871_h180.jpg,warsaw,52.214014,20.972871,180,2020-09,streetview
data/images/warsaw/52.214014_20.972871_h270.jpg,warsaw,52.214014,20.972871,270,2020-09,streetview
data/images/warsaw/52.223715_21.018629_h0.jpg,warsaw,52.223715,21.018629,0,2024-08,streetview
data/images/warsaw/52.223715_21.018629_h90.jpg,warsaw,52.223715,21.018629,90,2024-08,streetview
data/images/warsaw/52.223715_21.018629_h180.jpg,warsaw,52.223715,21.018629,180,2024-08,streetview
data/images/warsaw/52.223715_21.018629_h270.jpg,warsaw,52.223715,21.018629,270,2024-08,streetview
data/images/warsaw/52.270068_20.997562_h0.jpg,warsaw,52.270068,20.997562,0,2024-08,streetview
data/images/warsaw/52.270068_20.997562_h90.jpg,warsaw,52.270068,20.997562,90,2024-08,streetview
data/images/warsaw/52.270068_20.997562_h180.jpg,warsaw,52.270068,20.997562,180,2024-08,streetview
data/images/warsaw/52.270068_20.997562_h270.jpg,warsaw,52.270068,20.997562,270,2024-08,streetview
data/images/warsaw/52.220481_20.986952_h0.jpg,warsaw,52.220481,20.986952,0,2024-08,streetview
data/images/warsaw/52.220481_20.986952_h90.jpg,warsaw,52.220481,20.986952,90,2024-08,streetview
data/images/warsaw/52.220481_20.986952_h180.jpg,warsaw,52.220481,20.986952,180,2024-08,streetview
data/images/warsaw/52.220481_20.986952_h270.jpg,warsaw,52.220481,20.986952,270,2024-08,streetview
data/images/warsaw/52.275458_21.066278_h0.jpg,warsaw,52.275458,21.066278,0,2023-04,streetview
data/images/warsaw/52.275458_21.066278_h90.jpg,warsaw,52.275458,21.066278,90,2023-04,streetview
data/images/warsaw/52.275458_21.066278_h180.jpg,warsaw,52.275458,21.066278,180,2023-04,streetview
data/images/warsaw/52.275458_21.066278_h270.jpg,warsaw,52.275458,21.066278,270,2023-04,streetview
data/images/warsaw/52.260367_20.960567_h0.jpg,warsaw,52.260367,20.960567,0,2018-08,streetview
data/images/warsaw/52.260367_20.960567_h90.jpg,warsaw,52.260367,20.960567,90,2018-08,streetview
data/images/warsaw/52.260367_20.960567_h180.jpg,warsaw,52.260367,20.960567,180,2018-08,streetview
data/images/warsaw/52.260367_20.960567_h270.jpg,warsaw,52.260367,20.960567,270,2018-08,streetview
data/images/warsaw/52.239885_20.988728_h0.jpg,warsaw,52.239885,20.988728,0,2020-09,streetview
data/images/warsaw/52.239885_20.988728_h90.jpg,warsaw,52.239885,20.988728,90,2020-09,streetview
data/images/warsaw/52.239885_20.988728_h180.jpg,warsaw,52.239885,20.988728,180,2020-09,streetview
data/images/warsaw/52.239885_20.988728_h270.jpg,warsaw,52.239885,20.988728,270,2020-09,streetview
data/images/warsaw/52.256055_21.011635_h0.jpg,warsaw,52.256055,21.011635,0,2022-07,streetview
data/images/warsaw/52.256055_21.011635_h90.jpg,warsaw,52.256055,21.011635,90,2022-07,streetview
data/images/warsaw/52.256055_21.011635_h180.jpg,warsaw,52.256055,21.011635,180,2022-07,streetview
data/images/warsaw/52.256055_21.011635_h270.jpg,warsaw,52.256055,21.011635,270,2022-07,streetview
data/images/warsaw/52.207546_20.999254_h0.jpg,warsaw,52.207546,20.999254,0,2025-10,streetview
data/images/warsaw/52.207546_20.999254_h90.jpg,warsaw,52.207546,20.999254,90,2025-10,streetview
data/images/warsaw/52.207546_20.999254_h180.jpg,warsaw,52.207546,20.999254,180,2025-10,streetview
data/images/warsaw/52.207546_20.999254_h270.jpg,warsaw,52.207546,20.999254,270,2025-10,streetview
data/images/warsaw/52.252821_21.039805_h0.jpg,warsaw,52.252821,21.039805,0,2018-03,streetview
data/images/warsaw/52.252821_21.039805_h90.jpg,warsaw,52.252821,21.039805,90,2018-03,streetview
data/images/warsaw/52.252821_21.039805_h180.jpg,warsaw,52.252821,21.039805,180,2018-03,streetview
data/images/warsaw/52.252821_21.039805_h270.jpg,warsaw,52.252821,21.039805,270,2018-03,streetview
data/images/warsaw/52.234495_21.046808_h0.jpg,warsaw,52.234495,21.046808,0,2025-10,streetview
data/images/warsaw/52.234495_21.046808_h90.jpg,warsaw,52.234495,21.046808,90,2025-10,streetview
data/images/warsaw/52.234495_21.046808_h180.jpg,warsaw,52.234495,21.046808,180,2025-10,streetview
data/images/warsaw/52.234495_21.046808_h270.jpg,warsaw,52.234495,21.046808,270,2025-10,streetview
data/images/warsaw/52.27977_20.951762_h0.jpg,warsaw,52.27977,20.951762,0,2022-11,streetview
data/images/warsaw/52.27977_20.951762_h90.jpg,warsaw,52.27977,20.951762,90,2022-11,streetview
data/images/warsaw/52.27977_20.951762_h180.jpg,warsaw,52.27977,20.951762,180,2022-11,streetview
data/images/warsaw/52.27977_20.951762_h270.jpg,warsaw,52.27977,20.951762,270,2022-11,streetview
data/images/warsaw/52.231261_20.98168_h0.jpg,warsaw,52.231261,20.98168,0,2018-11,streetview
data/images/warsaw/52.231261_20.98168_h90.jpg,warsaw,52.231261,20.98168,90,2018-11,streetview
data/images/warsaw/52.231261_20.98168_h180.jpg,warsaw,52.231261,20.98168,180,2018-11,streetview
data/images/warsaw/52.231261_20.98168_h270.jpg,warsaw,52.231261,20.98168,270,2018-11,streetview
data/images/warsaw/52.21078_21.008054_h0.jpg,warsaw,52.21078,21.008054,0,2024-08,streetview
data/images/warsaw/52.21078_21.008054_h90.jpg,warsaw,52.21078,21.008054,90,2024-08,streetview
data/images/warsaw/52.21078_21.008054_h180.jpg,warsaw,52.21078,21.008054,180,2024-08,streetview
data/images/warsaw/52.21078_21.008054_h270.jpg,warsaw,52.21078,21.008054,270,2024-08,streetview
data/images/warsaw/52.265756_21.016933_h0.jpg,warsaw,52.265756,21.016933,0,2022-05,streetview
data/images/warsaw/52.265756_21.016933_h90.jpg,warsaw,52.265756,21.016933,90,2022-05,streetview
data/images/warsaw/52.265756_21.016933_h180.jpg,warsaw,52.265756,21.016933,180,2022-05,streetview
data/images/warsaw/52.265756_21.016933_h270.jpg,warsaw,52.265756,21.016933,270,2022-05,streetview
data/images/warsaw/52.28516_21.025773_h0.jpg,warsaw,52.28516,21.025773,0,2022-05,streetview
data/images/warsaw/52.28516_21.025773_h90.jpg,warsaw,52.28516,21.025773,90,2022-05,streetview
data/images/warsaw/52.28516_21.025773_h180.jpg,warsaw,52.28516,21.025773,180,2022-05,streetview
data/images/warsaw/52.28516_21.025773_h270.jpg,warsaw,52.28516,21.025773,270,2022-05,streetview
data/images/warsaw/52.235573_21.062653_h0.jpg,warsaw,52.235573,21.062653,0,2024-08,streetview
data/images/warsaw/52.235573_21.062653_h90.jpg,warsaw,52.235573,21.062653,90,2024-08,streetview
data/images/warsaw/52.235573_21.062653_h180.jpg,warsaw,52.235573,21.062653,180,2024-08,streetview
data/images/warsaw/52.235573_21.062653_h270.jpg,warsaw,52.235573,21.062653,270,2024-08,streetview
data/images/warsaw/52.2636_20.981704_h0.jpg,warsaw,52.2636,20.981704,0,2023-04,streetview
data/images/warsaw/52.2636_20.981704_h90.jpg,warsaw,52.2636,20.981704,90,2023-04,streetview
data/images/warsaw/52.2636_20.981704_h180.jpg,warsaw,52.2636,20.981704,180,2023-04,streetview
data/images/warsaw/52.2636_20.981704_h270.jpg,warsaw,52.2636,20.981704,270,2023-04,streetview
data/images/warsaw/52.240963_21.074989_h0.jpg,warsaw,52.240963,21.074989,0,2018-07,streetview
data/images/warsaw/52.240963_21.074989_h90.jpg,warsaw,52.240963,21.074989,90,2018-07,streetview
data/images/warsaw/52.240963_21.074989_h180.jpg,warsaw,52.240963,21.074989,180,2018-07,streetview
data/images/warsaw/52.240963_21.074989_h270.jpg,warsaw,52.240963,21.074989,270,2018-07,streetview
data/images/warsaw/52.208624_20.972869_h0.jpg,warsaw,52.208624,20.972869,0,2022-07,streetview
data/images/warsaw/52.208624_20.972869_h90.jpg,warsaw,52.208624,20.972869,90,2022-07,streetview
data/images/warsaw/52.208624_20.972869_h180.jpg,warsaw,52.208624,20.972869,180,2022-07,streetview
data/images/warsaw/52.208624_20.972869_h270.jpg,warsaw,52.208624,20.972869,270,2022-07,streetview
data/images/warsaw/52.242041_21.018658_h0.jpg,warsaw,52.242041,21.018658,0,2022-06,streetview
data/images/warsaw/52.242041_21.018658_h90.jpg,warsaw,52.242041,21.018658,90,2022-06,streetview
data/images/warsaw/52.242041_21.018658_h180.jpg,warsaw,52.242041,21.018658,180,2022-06,streetview
data/images/warsaw/52.242041_21.018658_h270.jpg,warsaw,52.242041,21.018658,270,2022-06,streetview
data/images/warsaw/52.233417_21.036245_h0.jpg,warsaw,52.233417,21.036245,0,2024-08,streetview
data/images/warsaw/52.233417_21.036245_h90.jpg,warsaw,52.233417,21.036245,90,2024-08,streetview
data/images/warsaw/52.233417_21.036245_h180.jpg,warsaw,52.233417,21.036245,180,2024-08,streetview
data/images/warsaw/52.233417_21.036245_h270.jpg,warsaw,52.233417,21.036245,270,2024-08,streetview
data/images/warsaw/52.208624_20.97111_h0.jpg,warsaw,52.208624,20.97111,0,2021-04,streetview
data/images/warsaw/52.208624_20.97111_h90.jpg,warsaw,52.208624,20.97111,90,2021-04,streetview
data/images/warsaw/52.208624_20.97111_h180.jpg,warsaw,52.208624,20.97111,180,2021-04,streetview
data/images/warsaw/52.208624_20.97111_h270.jpg,warsaw,52.208624,20.97111,270,2021-04,streetview
data/images/warsaw/52.21617_20.960557_h0.jpg,warsaw,52.21617,20.960557,0,2024-09,streetview
data/images/warsaw/52.21617_20.960557_h90.jpg,warsaw,52.21617,20.960557,90,2024-09,streetview
data/images/warsaw/52.21617_20.960557_h180.jpg,warsaw,52.21617,20.960557,180,2024-09,streetview
data/images/warsaw/52.21617_20.960557_h270.jpg,warsaw,52.21617,20.960557,270,2024-09,streetview
data/images/warsaw/52.226949_21.002796_h0.jpg,warsaw,52.226949,21.002796,0,2024-08,streetview
data/images/warsaw/52.226949_21.002796_h90.jpg,warsaw,52.226949,21.002796,90,2024-08,streetview
data/images/warsaw/52.226949_21.002796_h180.jpg,warsaw,52.226949,21.002796,180,2024-08,streetview
data/images/warsaw/52.226949_21.002796_h270.jpg,warsaw,52.226949,21.002796,270,2024-08,streetview
data/images/warsaw/52.256055_21.07151_h0.jpg,warsaw,52.256055,21.07151,0,2022-05,streetview
data/images/warsaw/52.256055_21.07151_h90.jpg,warsaw,52.256055,21.07151,90,2022-05,streetview
data/images/warsaw/52.256055_21.07151_h180.jpg,warsaw,52.256055,21.07151,180,2022-05,streetview
data/images/warsaw/52.256055_21.07151_h270.jpg,warsaw,52.256055,21.07151,270,2022-05,streetview
data/images/warsaw/52.286238_21.068068_h0.jpg,warsaw,52.286238,21.068068,0,2022-05,streetview
data/images/warsaw/52.286238_21.068068_h90.jpg,warsaw,52.286238,21.068068,90,2022-05,streetview
data/images/warsaw/52.286238_21.068068_h180.jpg,warsaw,52.286238,21.068068,180,2022-05,streetview
data/images/warsaw/52.286238_21.068068_h270.jpg,warsaw,52.286238,21.068068,270,2022-05,streetview
data/images/warsaw/52.270068_20.985231_h0.jpg,warsaw,52.270068,20.985231,0,2024-08,streetview
data/images/warsaw/52.270068_20.985231_h90.jpg,warsaw,52.270068,20.985231,90,2024-08,streetview
data/images/warsaw/52.270068_20.985231_h180.jpg,warsaw,52.270068,20.985231,180,2024-08,streetview
data/images/warsaw/52.270068_20.985231_h270.jpg,warsaw,52.270068,20.985231,270,2024-08,streetview
data/images/warsaw/52.238807_21.052099_h0.jpg,warsaw,52.238807,21.052099,0,2022-06,streetview
data/images/warsaw/52.238807_21.052099_h90.jpg,warsaw,52.238807,21.052099,90,2022-06,streetview
data/images/warsaw/52.238807_21.052099_h180.jpg,warsaw,52.238807,21.052099,180,2022-06,streetview
data/images/warsaw/52.238807_21.052099_h270.jpg,warsaw,52.238807,21.052099,270,2022-06,streetview
data/images/warsaw/52.286238_21.06983_h0.jpg,warsaw,52.286238,21.06983,0,2019-08,streetview
data/images/warsaw/52.286238_21.06983_h90.jpg,warsaw,52.286238,21.06983,90,2019-08,streetview
data/images/warsaw/52.286238_21.06983_h180.jpg,warsaw,52.286238,21.06983,180,2019-08,streetview
data/images/warsaw/52.286238_21.06983_h270.jpg,warsaw,52.286238,21.06983,270,2019-08,streetview
data/images/warsaw/52.252821_21.036283_h0.jpg,warsaw,52.252821,21.036283,0,2024-08,streetview
data/images/warsaw/52.252821_21.036283_h90.jpg,warsaw,52.252821,21.036283,90,2024-08,streetview
data/images/warsaw/52.252821_21.036283_h180.jpg,warsaw,52.252821,21.036283,180,2024-08,streetview
data/images/warsaw/52.252821_21.036283_h270.jpg,warsaw,52.252821,21.036283,270,2024-08,streetview
data/images/warsaw/52.253899_20.992262_h0.jpg,warsaw,52.253899,20.992262,0,2021-08,streetview
data/images/warsaw/52.253899_20.992262_h90.jpg,warsaw,52.253899,20.992262,90,2021-08,streetview
data/images/warsaw/52.253899_20.992262_h180.jpg,warsaw,52.253899,20.992262,180,2021-08,streetview
data/images/warsaw/52.253899_20.992262_h270.jpg,warsaw,52.253899,20.992262,270,2021-08,streetview
data/images/warsaw/52.204312_21.050261_h0.jpg,warsaw,52.204312,21.050261,0,2021-10,streetview
data/images/warsaw/52.204312_21.050261_h90.jpg,warsaw,52.204312,21.050261,90,2021-10,streetview
data/images/warsaw/52.204312_21.050261_h180.jpg,warsaw,52.204312,21.050261,180,2021-10,streetview
data/images/warsaw/52.204312_21.050261_h270.jpg,warsaw,52.204312,21.050261,270,2021-10,streetview
data/images/warsaw/52.257133_21.001071_h0.jpg,warsaw,52.257133,21.001071,0,2024-08,streetview
data/images/warsaw/52.257133_21.001071_h90.jpg,warsaw,52.257133,21.001071,90,2024-08,streetview
data/images/warsaw/52.257133_21.001071_h180.jpg,warsaw,52.257133,21.001071,180,2024-08,streetview
data/images/warsaw/52.257133_21.001071_h270.jpg,warsaw,52.257133,21.001071,270,2024-08,streetview
data/images/warsaw/52.239885_20.994009_h0.jpg,warsaw,52.239885,20.994009,0,2024-03,streetview
data/images/warsaw/52.239885_20.994009_h90.jpg,warsaw,52.239885,20.994009,90,2024-03,streetview
data/images/warsaw/52.239885_20.994009_h180.jpg,warsaw,52.239885,20.994009,180,2024-03,streetview
data/images/warsaw/52.239885_20.994009_h270.jpg,warsaw,52.239885,20.994009,270,2024-03,streetview
data/images/warsaw/52.278692_21.053953_h0.jpg,warsaw,52.278692,21.053953,0,2022-05,streetview
data/images/warsaw/52.278692_21.053953_h90.jpg,warsaw,52.278692,21.053953,90,2022-05,streetview
data/images/warsaw/52.278692_21.053953_h180.jpg,warsaw,52.278692,21.053953,180,2022-05,streetview
data/images/warsaw/52.278692_21.053953_h270.jpg,warsaw,52.278692,21.053953,270,2022-05,streetview
data/images/warsaw/52.287316_21.02049_h0.jpg,warsaw,52.287316,21.02049,0,2022-05,streetview
data/images/warsaw/52.287316_21.02049_h90.jpg,warsaw,52.287316,21.02049,90,2022-05,streetview
data/images/warsaw/52.287316_21.02049_h180.jpg,warsaw,52.287316,21.02049,180,2022-05,streetview
data/images/warsaw/52.287316_21.02049_h270.jpg,warsaw,52.287316,21.02049,270,2022-05,streetview
data/images/warsaw/52.221559_21.034463_h0.jpg,warsaw,52.221559,21.034463,0,2025-10,streetview
data/images/warsaw/52.221559_21.034463_h90.jpg,warsaw,52.221559,21.034463,90,2025-10,streetview
data/images/warsaw/52.221559_21.034463_h180.jpg,warsaw,52.221559,21.034463,180,2025-10,streetview
data/images/warsaw/52.221559_21.034463_h270.jpg,warsaw,52.221559,21.034463,270,2025-10,streetview
data/images/warsaw/52.231261_21.001041_h0.jpg,warsaw,52.231261,21.001041,0,2021-09,streetview
data/images/warsaw/52.231261_21.001041_h90.jpg,warsaw,52.231261,21.001041,90,2021-09,streetview
data/images/warsaw/52.231261_21.001041_h180.jpg,warsaw,52.231261,21.001041,180,2021-09,streetview
data/images/warsaw/52.231261_21.001041_h270.jpg,warsaw,52.231261,21.001041,270,2021-09,streetview
data/images/warsaw/52.236651_20.990486_h0.jpg,warsaw,52.236651,20.990486,0,2022-06,streetview
data/images/warsaw/52.236651_20.990486_h90.jpg,warsaw,52.236651,20.990486,90,2022-06,streetview
data/images/warsaw/52.236651_20.990486_h180.jpg,warsaw,52.236651,20.990486,180,2022-06,streetview
data/images/warsaw/52.236651_20.990486_h270.jpg,warsaw,52.236651,20.990486,270,2022-06,streetview
data/images/warsaw/52.204312_21.011564_h0.jpg,warsaw,52.204312,21.011564,0,2022-07,streetview
data/images/warsaw/52.204312_21.011564_h90.jpg,warsaw,52.204312,21.011564,90,2022-07,streetview
data/images/warsaw/52.204312_21.011564_h180.jpg,warsaw,52.204312,21.011564,180,2022-07,streetview
data/images/warsaw/52.204312_21.011564_h270.jpg,warsaw,52.204312,21.011564,270,2022-07,streetview
data/images/warsaw/52.204312_21.076645_h0.jpg,warsaw,52.204312,21.076645,0,2023-01,streetview
data/images/warsaw/52.204312_21.076645_h90.jpg,warsaw,52.204312,21.076645,90,2023-01,streetview
data/images/warsaw/52.204312_21.076645_h180.jpg,warsaw,52.204312,21.076645,180,2023-01,streetview
data/images/warsaw/52.204312_21.076645_h270.jpg,warsaw,52.204312,21.076645,270,2023-01,streetview
data/images/warsaw/52.2_20.983417_h0.jpg,warsaw,52.2,20.983417,0,2022-07,streetview
data/images/warsaw/52.2_20.983417_h90.jpg,warsaw,52.2,20.983417,90,2022-07,streetview
data/images/warsaw/52.2_20.983417_h180.jpg,warsaw,52.2,20.983417,180,2022-07,streetview
data/images/warsaw/52.2_20.983417_h270.jpg,warsaw,52.2,20.983417,270,2022-07,streetview
data/images/warsaw/52.230183_20.96056_h0.jpg,warsaw,52.230183,20.96056,0,2024-08,streetview
data/images/warsaw/52.230183_20.96056_h90.jpg,warsaw,52.230183,20.96056,90,2024-08,streetview
data/images/warsaw/52.230183_20.96056_h180.jpg,warsaw,52.230183,20.96056,180,2024-08,streetview
data/images/warsaw/52.230183_20.96056_h270.jpg,warsaw,52.230183,20.96056,270,2024-08,streetview
data/images/warsaw/52.207546_21.037954_h0.jpg,warsaw,52.207546,21.037954,0,2022-07,streetview
data/images/warsaw/52.207546_21.037954_h90.jpg,warsaw,52.207546,21.037954,90,2022-07,streetview
data/images/warsaw/52.207546_21.037954_h180.jpg,warsaw,52.207546,21.037954,180,2022-07,streetview
data/images/warsaw/52.207546_21.037954_h270.jpg,warsaw,52.207546,21.037954,270,2022-07,streetview
data/images/warsaw/52.271146_21.060981_h0.jpg,warsaw,52.271146,21.060981,0,2022-05,streetview
data/images/warsaw/52.271146_21.060981_h90.jpg,warsaw,52.271146,21.060981,90,2022-05,streetview
data/images/warsaw/52.271146_21.060981_h180.jpg,warsaw,52.271146,21.060981,180,2022-05,streetview
data/images/warsaw/52.271146_21.060981_h270.jpg,warsaw,52.271146,21.060981,270,2022-05,streetview
data/images/warsaw/52.260367_21.075044_h0.jpg,warsaw,52.260367,21.075044,0,2022-05,streetview
data/images/warsaw/52.260367_21.075044_h90.jpg,warsaw,52.260367,21.075044,90,2022-05,streetview
data/images/warsaw/52.260367_21.075044_h180.jpg,warsaw,52.260367,21.075044,180,2022-05,streetview
data/images/warsaw/52.260367_21.075044_h270.jpg,warsaw,52.260367,21.075044,270,2022-05,streetview
data/images/warsaw/52.26899_21.050407_h0.jpg,warsaw,52.26899,21.050407,0,2022-05,streetview
data/images/warsaw/52.26899_21.050407_h90.jpg,warsaw,52.26899,21.050407,90,2022-05,streetview
data/images/warsaw/52.26899_21.050407_h180.jpg,warsaw,52.26899,21.050407,180,2022-05,streetview
data/images/warsaw/52.26899_21.050407_h270.jpg,warsaw,52.26899,21.050407,270,2022-05,streetview
data/images/warsaw/52.231261_21.015121_h0.jpg,warsaw,52.231261,21.015121,0,2025-10,streetview
data/images/warsaw/52.231261_21.015121_h90.jpg,warsaw,52.231261,21.015121,90,2025-10,streetview
data/images/warsaw/52.231261_21.015121_h180.jpg,warsaw,52.231261,21.015121,180,2025-10,streetview
data/images/warsaw/52.231261_21.015121_h270.jpg,warsaw,52.231261,21.015121,270,2025-10,streetview
data/images/warsaw/52.278692_21.036334_h0.jpg,warsaw,52.278692,21.036334,0,2018-03,streetview
data/images/warsaw/52.278692_21.036334_h90.jpg,warsaw,52.278692,21.036334,90,2018-03,streetview
data/images/warsaw/52.278692_21.036334_h180.jpg,warsaw,52.278692,21.036334,180,2018-03,streetview
data/images/warsaw/52.278692_21.036334_h270.jpg,warsaw,52.278692,21.036334,270,2018-03,streetview
data/images/warsaw/52.27977_20.95881_h0.jpg,warsaw,52.27977,20.95881,0,2025-10,streetview
data/images/warsaw/52.27977_20.95881_h90.jpg,warsaw,52.27977,20.95881,90,2025-10,streetview
data/images/warsaw/52.27977_20.95881_h180.jpg,warsaw,52.27977,20.95881,180,2025-10,streetview
data/images/warsaw/52.27977_20.95881_h270.jpg,warsaw,52.27977,20.95881,270,2025-10,streetview
data/images/warsaw/52.237729_20.990486_h0.jpg,warsaw,52.237729,20.990486,0,2018-09,streetview
data/images/warsaw/52.237729_20.990486_h90.jpg,warsaw,52.237729,20.990486,90,2018-09,streetview
data/images/warsaw/52.237729_20.990486_h180.jpg,warsaw,52.237729,20.990486,180,2018-09,streetview
data/images/warsaw/52.237729_20.990486_h270.jpg,warsaw,52.237729,20.990486,270,2018-09,streetview
data/images/warsaw/52.280848_21.068054_h0.jpg,warsaw,52.280848,21.068054,0,2022-05,streetview
data/images/warsaw/52.280848_21.068054_h90.jpg,warsaw,52.280848,21.068054,90,2022-05,streetview
data/images/warsaw/52.280848_21.068054_h180.jpg,warsaw,52.280848,21.068054,180,2022-05,streetview
data/images/warsaw/52.280848_21.068054_h270.jpg,warsaw,52.280848,21.068054,270,2022-05,streetview
data/images/warsaw/52.28516_21.03987_h0.jpg,warsaw,52.28516,21.03987,0,2022-05,streetview
data/images/warsaw/52.28516_21.03987_h90.jpg,warsaw,52.28516,21.03987,90,2022-05,streetview
data/images/warsaw/52.28516_21.03987_h180.jpg,warsaw,52.28516,21.03987,180,2022-05,streetview
data/images/warsaw/52.28516_21.03987_h270.jpg,warsaw,52.28516,21.03987,270,2022-05,streetview
data/images/warsaw/52.225871_20.981677_h0.jpg,warsaw,52.225871,20.981677,0,2024-08,streetview
data/images/warsaw/52.225871_20.981677_h90.jpg,warsaw,52.225871,20.981677,90,2024-08,streetview
data/images/warsaw/52.225871_20.981677_h180.jpg,warsaw,52.225871,20.981677,180,2024-08,streetview
data/images/warsaw/52.225871_20.981677_h270.jpg,warsaw,52.225871,20.981677,270,2024-08,streetview
data/images/warsaw/52.2_21.055527_h0.jpg,warsaw,52.2,21.055527,0,2024-08,streetview
data/images/warsaw/52.2_21.055527_h90.jpg,warsaw,52.2,21.055527,90,2024-08,streetview
data/images/warsaw/52.2_21.055527_h180.jpg,warsaw,52.2,21.055527,180,2024-08,streetview
data/images/warsaw/52.2_21.055527_h270.jpg,warsaw,52.2,21.055527,270,2024-08,streetview
data/images/warsaw/52.271146_21.069789_h0.jpg,warsaw,52.271146,21.069789,0,2024-08,streetview
data/images/warsaw/52.271146_21.069789_h90.jpg,warsaw,52.271146,21.069789,90,2024-08,streetview
data/images/warsaw/52.271146_21.069789_h180.jpg,warsaw,52.271146,21.069789,180,2024-08,streetview
data/images/warsaw/52.271146_21.069789_h270.jpg,warsaw,52.271146,21.069789,270,2024-08,streetview
data/images/warsaw/52.214014_21.036208_h0.jpg,warsaw,52.214014,21.036208,0,2019-08,streetview
data/images/warsaw/52.214014_21.036208_h90.jpg,warsaw,52.214014,21.036208,90,2019-08,streetview
data/images/warsaw/52.214014_21.036208_h180.jpg,warsaw,52.214014,21.036208,180,2019-08,streetview
data/images/warsaw/52.214014_21.036208_h270.jpg,warsaw,52.214014,21.036208,270,2019-08,streetview
data/images/warsaw/52.224793_21.02567_h0.jpg,warsaw,52.224793,21.02567,0,2022-07,streetview
data/images/warsaw/52.224793_21.02567_h90.jpg,warsaw,52.224793,21.02567,90,2022-07,streetview
data/images/warsaw/52.224793_21.02567_h180.jpg,warsaw,52.224793,21.02567,180,2022-07,streetview
data/images/warsaw/52.224793_21.02567_h270.jpg,warsaw,52.224793,21.02567,270,2022-07,streetview
data/images/warsaw/52.2636_20.972897_h0.jpg,warsaw,52.2636,20.972897,0,2024-08,streetview
data/images/warsaw/52.2636_20.972897_h90.jpg,warsaw,52.2636,20.972897,90,2024-08,streetview
data/images/warsaw/52.2636_20.972897_h180.jpg,warsaw,52.2636,20.972897,180,2024-08,streetview
data/images/warsaw/52.2636_20.972897_h270.jpg,warsaw,52.2636,20.972897,270,2024-08,streetview
data/images/warsaw/52.201078_20.967588_h0.jpg,warsaw,52.201078,20.967588,0,2024-07,streetview
data/images/warsaw/52.201078_20.967588_h90.jpg,warsaw,52.201078,20.967588,90,2024-07,streetview
data/images/warsaw/52.201078_20.967588_h180.jpg,warsaw,52.201078,20.967588,180,2024-07,streetview
data/images/warsaw/52.201078_20.967588_h270.jpg,warsaw,52.201078,20.967588,270,2024-07,streetview
data/images/warsaw/52.230183_21.052079_h0.jpg,warsaw,52.230183,21.052079,0,2019-09,streetview
data/images/warsaw/52.230183_21.052079_h90.jpg,warsaw,52.230183,21.052079,90,2019-09,streetview
data/images/warsaw/52.230183_21.052079_h180.jpg,warsaw,52.230183,21.052079,180,2019-09,streetview
data/images/warsaw/52.230183_21.052079_h270.jpg,warsaw,52.230183,21.052079,270,2019-09,streetview
data/images/warsaw/52.236651_21.004567_h0.jpg,warsaw,52.236651,21.004567,0,2022-06,streetview
data/images/warsaw/52.236651_21.004567_h90.jpg,warsaw,52.236651,21.004567,90,2022-06,streetview
data/images/warsaw/52.236651_21.004567_h180.jpg,warsaw,52.236651,21.004567,180,2022-06,streetview
data/images/warsaw/52.236651_21.004567_h270.jpg,warsaw,52.236651,21.004567,270,2022-06,streetview
data/images/warsaw/52.202156_20.955277_h0.jpg,warsaw,52.202156,20.955277,0,2024-07,streetview
data/images/warsaw/52.202156_20.955277_h90.jpg,warsaw,52.202156,20.955277,90,2024-07,streetview
data/images/warsaw/52.202156_20.955277_h180.jpg,warsaw,52.202156,20.955277,180,2024-07,streetview
data/images/warsaw/52.202156_20.955277_h270.jpg,warsaw,52.202156,20.955277,270,2024-07,streetview
data/images/warsaw/52.288394_21.053975_h0.jpg,warsaw,52.288394,21.053975,0,2022-05,streetview
data/images/warsaw/52.288394_21.053975_h90.jpg,warsaw,52.288394,21.053975,90,2022-05,streetview
data/images/warsaw/52.288394_21.053975_h180.jpg,warsaw,52.288394,21.053975,180,2022-05,streetview
data/images/warsaw/52.288394_21.053975_h270.jpg,warsaw,52.288394,21.053975,270,2022-05,streetview
data/images/warsaw/52.2636_21.064485_h0.jpg,warsaw,52.2636,21.064485,0,2019-08,streetview
data/images/warsaw/52.2636_21.064485_h90.jpg,warsaw,52.2636,21.064485,90,2019-08,streetview
data/images/warsaw/52.2636_21.064485_h180.jpg,warsaw,52.2636,21.064485,180,2019-08,streetview
data/images/warsaw/52.2636_21.064485_h270.jpg,warsaw,52.2636,21.064485,270,2019-08,streetview
data/images/warsaw/52.247431_20.995777_h0.jpg,warsaw,52.247431,20.995777,0,2026-05,streetview
data/images/warsaw/52.247431_20.995777_h90.jpg,warsaw,52.247431,20.995777,90,2026-05,streetview
data/images/warsaw/52.247431_20.995777_h180.jpg,warsaw,52.247431,20.995777,180,2026-05,streetview
data/images/warsaw/52.247431_20.995777_h270.jpg,warsaw,52.247431,20.995777,270,2026-05,streetview
data/images/warsaw/52.261444_21.034539_h0.jpg,warsaw,52.261444,21.034539,0,2022-05,streetview
data/images/warsaw/52.261444_21.034539_h90.jpg,warsaw,52.261444,21.034539,90,2022-05,streetview
data/images/warsaw/52.261444_21.034539_h180.jpg,warsaw,52.261444,21.034539,180,2022-05,streetview
data/images/warsaw/52.261444_21.034539_h270.jpg,warsaw,52.261444,21.034539,270,2022-05,streetview
data/images/warsaw/52.235573_20.972883_h0.jpg,warsaw,52.235573,20.972883,0,2018-10,streetview
data/images/warsaw/52.235573_20.972883_h90.jpg,warsaw,52.235573,20.972883,90,2018-10,streetview
data/images/warsaw/52.235573_20.972883_h180.jpg,warsaw,52.235573,20.972883,180,2018-10,streetview
data/images/warsaw/52.235573_20.972883_h270.jpg,warsaw,52.235573,20.972883,270,2018-10,streetview
data/images/warsaw/52.244197_20.95_h0.jpg,warsaw,52.244197,20.95,0,2022-06,streetview
data/images/warsaw/52.244197_20.95_h90.jpg,warsaw,52.244197,20.95,90,2022-06,streetview
data/images/warsaw/52.244197_20.95_h180.jpg,warsaw,52.244197,20.95,180,2022-06,streetview
data/images/warsaw/52.244197_20.95_h270.jpg,warsaw,52.244197,20.95,270,2022-06,streetview
data/images/warsaw/52.236651_21.013369_h0.jpg,warsaw,52.236651,21.013369,0,2024-08,streetview
data/images/warsaw/52.236651_21.013369_h90.jpg,warsaw,52.236651,21.013369,90,2024-08,streetview
data/images/warsaw/52.236651_21.013369_h180.jpg,warsaw,52.236651,21.013369,180,2024-08,streetview
data/images/warsaw/52.236651_21.013369_h270.jpg,warsaw,52.236651,21.013369,270,2024-08,streetview
data/images/warsaw/52.222637_20.988713_h0.jpg,warsaw,52.222637,20.988713,0,2022-07,streetview
data/images/warsaw/52.222637_20.988713_h90.jpg,warsaw,52.222637,20.988713,90,2022-07,streetview
data/images/warsaw/52.222637_20.988713_h180.jpg,warsaw,52.222637,20.988713,180,2022-07,streetview
data/images/warsaw/52.222637_20.988713_h270.jpg,warsaw,52.222637,20.988713,270,2022-07,streetview
data/images/warsaw/52.245275_21.066198_h0.jpg,warsaw,52.245275,21.066198,0,2022-05,streetview
data/images/warsaw/52.245275_21.066198_h90.jpg,warsaw,52.245275,21.066198,90,2022-05,streetview
data/images/warsaw/52.245275_21.066198_h180.jpg,warsaw,52.245275,21.066198,180,2022-05,streetview
data/images/warsaw/52.245275_21.066198_h270.jpg,warsaw,52.245275,21.066198,270,2022-05,streetview
data/images/warsaw/52.209702_20.972869_h0.jpg,warsaw,52.209702,20.972869,0,2022-07,streetview
data/images/warsaw/52.209702_20.972869_h90.jpg,warsaw,52.209702,20.972869,90,2022-07,streetview
data/images/warsaw/52.209702_20.972869_h180.jpg,warsaw,52.209702,20.972869,180,2022-07,streetview
data/images/warsaw/52.209702_20.972869_h270.jpg,warsaw,52.209702,20.972869,270,2022-07,streetview
data/images/warsaw/52.212936_21.046761_h0.jpg,warsaw,52.212936,21.046761,0,2024-08,streetview
data/images/warsaw/52.212936_21.046761_h90.jpg,warsaw,52.212936,21.046761,90,2024-08,streetview
data/images/warsaw/52.212936_21.046761_h180.jpg,warsaw,52.212936,21.046761,180,2024-08,streetview
data/images/warsaw/52.212936_21.046761_h270.jpg,warsaw,52.212936,21.046761,270,2024-08,streetview
data/images/warsaw/52.201078_20.983418_h0.jpg,warsaw,52.201078,20.983418,0,2023-03,streetview
data/images/warsaw/52.201078_20.983418_h90.jpg,warsaw,52.201078,20.983418,90,2023-03,streetview
data/images/warsaw/52.201078_20.983418_h180.jpg,warsaw,52.201078,20.983418,180,2023-03,streetview
data/images/warsaw/52.201078_20.983418_h270.jpg,warsaw,52.201078,20.983418,270,2023-03,streetview
data/images/warsaw/52.258211_20.983461_h0.jpg,warsaw,52.258211,20.983461,0,2018-08,streetview
data/images/warsaw/52.258211_20.983461_h90.jpg,warsaw,52.258211,20.983461,90,2018-08,streetview
data/images/warsaw/52.258211_20.983461_h180.jpg,warsaw,52.258211,20.983461,180,2018-08,streetview
data/images/warsaw/52.258211_20.983461_h270.jpg,warsaw,52.258211,20.983461,270,2018-08,streetview
data/images/warsaw/52.261444_20.988747_h0.jpg,warsaw,52.261444,20.988747,0,2025-08,streetview
data/images/warsaw/52.261444_20.988747_h90.jpg,warsaw,52.261444,20.988747,90,2025-08,streetview
data/images/warsaw/52.261444_20.988747_h180.jpg,warsaw,52.261444,20.988747,180,2025-08,streetview
data/images/warsaw/52.261444_20.988747_h270.jpg,warsaw,52.261444,20.988747,270,2025-08,streetview
data/images/warsaw/52.286238_21.036348_h0.jpg,warsaw,52.286238,21.036348,0,2022-05,streetview
data/images/warsaw/52.286238_21.036348_h90.jpg,warsaw,52.286238,21.036348,90,2022-05,streetview
data/images/warsaw/52.286238_21.036348_h180.jpg,warsaw,52.286238,21.036348,180,2022-05,streetview
data/images/warsaw/52.286238_21.036348_h270.jpg,warsaw,52.286238,21.036348,270,2022-05,streetview
data/images/warsaw/52.226949_21.078469_h0.jpg,warsaw,52.226949,21.078469,0,2022-03,streetview
data/images/warsaw/52.226949_21.078469_h90.jpg,warsaw,52.226949,21.078469,90,2022-03,streetview
data/images/warsaw/52.226949_21.078469_h180.jpg,warsaw,52.226949,21.078469,180,2022-03,streetview
data/images/warsaw/52.226949_21.078469_h270.jpg,warsaw,52.226949,21.078469,270,2022-03,streetview
data/images/warsaw/52.287316_21.068071_h0.jpg,warsaw,52.287316,21.068071,0,2022-05,streetview
data/images/warsaw/52.287316_21.068071_h90.jpg,warsaw,52.287316,21.068071,90,2022-05,streetview
data/images/warsaw/52.287316_21.068071_h180.jpg,warsaw,52.287316,21.068071,180,2022-05,streetview
data/images/warsaw/52.287316_21.068071_h270.jpg,warsaw,52.287316,21.068071,270,2022-05,streetview
data/images/warsaw/52.230183_21.032719_h0.jpg,warsaw,52.230183,21.032719,0,2024-08,streetview
data/images/warsaw/52.230183_21.032719_h90.jpg,warsaw,52.230183,21.032719,90,2024-08,streetview
data/images/warsaw/52.230183_21.032719_h180.jpg,warsaw,52.230183,21.032719,180,2024-08,streetview
data/images/warsaw/52.230183_21.032719_h270.jpg,warsaw,52.230183,21.032719,270,2024-08,streetview
data/images/warsaw/52.235573_21.048571_h0.jpg,warsaw,52.235573,21.048571,0,2019-09,streetview
data/images/warsaw/52.235573_21.048571_h90.jpg,warsaw,52.235573,21.048571,90,2019-09,streetview
data/images/warsaw/52.235573_21.048571_h180.jpg,warsaw,52.235573,21.048571,180,2019-09,streetview
data/images/warsaw/52.235573_21.048571_h270.jpg,warsaw,52.235573,21.048571,270,2019-09,streetview
data/images/warsaw/52.259289_21.034535_h0.jpg,warsaw,52.259289,21.034535,0,2024-08,streetview
data/images/warsaw/52.259289_21.034535_h90.jpg,warsaw,52.259289,21.034535,90,2024-08,streetview
data/images/warsaw/52.259289_21.034535_h180.jpg,warsaw,52.259289,21.034535,180,2024-08,streetview
data/images/warsaw/52.259289_21.034535_h270.jpg,warsaw,52.259289,21.034535,270,2024-08,streetview
data/images/warsaw/52.248509_21.078532_h0.jpg,warsaw,52.248509,21.078532,0,2022-05,streetview
data/images/warsaw/52.248509_21.078532_h90.jpg,warsaw,52.248509,21.078532,90,2022-05,streetview
data/images/warsaw/52.248509_21.078532_h180.jpg,warsaw,52.248509,21.078532,180,2022-05,streetview
data/images/warsaw/52.248509_21.078532_h270.jpg,warsaw,52.248509,21.078532,270,2022-05,streetview
data/images/warsaw/52.283004_21.066297_h0.jpg,warsaw,52.283004,21.066297,0,2023-04,streetview
data/images/warsaw/52.283004_21.066297_h90.jpg,warsaw,52.283004,21.066297,90,2023-04,streetview
data/images/warsaw/52.283004_21.066297_h180.jpg,warsaw,52.283004,21.066297,180,2023-04,streetview
data/images/warsaw/52.283004_21.066297_h270.jpg,warsaw,52.283004,21.066297,270,2023-04,streetview
data/images/warsaw/52.209702_21.002775_h0.jpg,warsaw,52.209702,21.002775,0,2025-10,streetview
data/images/warsaw/52.209702_21.002775_h90.jpg,warsaw,52.209702,21.002775,90,2025-10,streetview
data/images/warsaw/52.209702_21.002775_h180.jpg,warsaw,52.209702,21.002775,180,2025-10,streetview
data/images/warsaw/52.209702_21.002775_h270.jpg,warsaw,52.209702,21.002775,270,2025-10,streetview
data/images/warsaw/52.261444_20.97818_h0.jpg,warsaw,52.261444,20.97818,0,2019-09,streetview
data/images/warsaw/52.261444_20.97818_h90.jpg,warsaw,52.261444,20.97818,90,2019-09,streetview
data/images/warsaw/52.261444_20.97818_h180.jpg,warsaw,52.261444,20.97818,180,2019-09,streetview
data/images/warsaw/52.261444_20.97818_h270.jpg,warsaw,52.261444,20.97818,270,2019-09,streetview
data/images/warsaw/52.211858_21.052037_h0.jpg,warsaw,52.211858,21.052037,0,2019-08,streetview
data/images/warsaw/52.211858_21.052037_h90.jpg,warsaw,52.211858,21.052037,90,2019-08,streetview
data/images/warsaw/52.211858_21.052037_h180.jpg,warsaw,52.211858,21.052037,180,2019-08,streetview
data/images/warsaw/52.211858_21.052037_h270.jpg,warsaw,52.211858,21.052037,270,2019-08,streetview
data/images/warsaw/52.283004_20.965859_h0.jpg,warsaw,52.283004,20.965859,0,2024-08,streetview
data/images/warsaw/52.283004_20.965859_h90.jpg,warsaw,52.283004,20.965859,90,2024-08,streetview
data/images/warsaw/52.283004_20.965859_h180.jpg,warsaw,52.283004,20.965859,180,2024-08,streetview
data/images/warsaw/52.283004_20.965859_h270.jpg,warsaw,52.283004,20.965859,270,2024-08,streetview
data/images/warsaw/52.259289_21.038057_h0.jpg,warsaw,52.259289,21.038057,0,2024-08,streetview
data/images/warsaw/52.259289_21.038057_h90.jpg,warsaw,52.259289,21.038057,90,2024-08,streetview
data/images/warsaw/52.259289_21.038057_h180.jpg,warsaw,52.259289,21.038057,180,2024-08,streetview
data/images/warsaw/52.259289_21.038057_h270.jpg,warsaw,52.259289,21.038057,270,2024-08,streetview
data/images/warsaw/52.26899_21.046884_h0.jpg,warsaw,52.26899,21.046884,0,2024-08,streetview
data/images/warsaw/52.26899_21.046884_h90.jpg,warsaw,52.26899,21.046884,90,2024-08,streetview
data/images/warsaw/52.26899_21.046884_h180.jpg,warsaw,52.26899,21.046884,180,2024-08,streetview
data/images/warsaw/52.26899_21.046884_h270.jpg,warsaw,52.26899,21.046884,270,2024-08,streetview
data/images/warsaw/52.247431_21.05564_h0.jpg,warsaw,52.247431,21.05564,0,2019-04,streetview
data/images/warsaw/52.247431_21.05564_h90.jpg,warsaw,52.247431,21.05564,90,2019-04,streetview
data/images/warsaw/52.247431_21.05564_h180.jpg,warsaw,52.247431,21.05564,180,2019-04,streetview
data/images/warsaw/52.247431_21.05564_h270.jpg,warsaw,52.247431,21.05564,270,2019-04,streetview
data/images/warsaw/52.228027_20.997517_h0.jpg,warsaw,52.228027,20.997517,0,2022-11,streetview
data/images/warsaw/52.228027_20.997517_h90.jpg,warsaw,52.228027,20.997517,90,2022-11,streetview
data/images/warsaw/52.228027_20.997517_h180.jpg,warsaw,52.228027,20.997517,180,2022-11,streetview
data/images/warsaw/52.228027_20.997517_h270.jpg,warsaw,52.228027,20.997517,270,2022-11,streetview
data/images/warsaw/52.201078_20.960553_h0.jpg,warsaw,52.201078,20.960553,0,2022-07,streetview
data/images/warsaw/52.201078_20.960553_h90.jpg,warsaw,52.201078,20.960553,90,2022-07,streetview
data/images/warsaw/52.201078_20.960553_h180.jpg,warsaw,52.201078,20.960553,180,2022-07,streetview
data/images/warsaw/52.201078_20.960553_h270.jpg,warsaw,52.201078,20.960553,270,2022-07,streetview
data/images/warsaw/52.246353_20.992255_h0.jpg,warsaw,52.246353,20.992255,0,2024-08,streetview
data/images/warsaw/52.246353_20.992255_h90.jpg,warsaw,52.246353,20.992255,90,2024-08,streetview
data/images/warsaw/52.246353_20.992255_h180.jpg,warsaw,52.246353,20.992255,180,2024-08,streetview
data/images/warsaw/52.246353_20.992255_h270.jpg,warsaw,52.246353,20.992255,270,2024-08,streetview
data/images/warsaw/52.209702_21.030922_h0.jpg,warsaw,52.209702,21.030922,0,2022-07,streetview
data/images/warsaw/52.209702_21.030922_h90.jpg,warsaw,52.209702,21.030922,90,2022-07,streetview
data/images/warsaw/52.209702_21.030922_h180.jpg,warsaw,52.209702,21.030922,180,2022-07,streetview
data/images/warsaw/52.209702_21.030922_h270.jpg,warsaw,52.209702,21.030922,270,2022-07,streetview
data/images/warsaw/52.264678_20.951761_h0.jpg,warsaw,52.264678,20.951761,0,2021-03,streetview
data/images/warsaw/52.264678_20.951761_h90.jpg,warsaw,52.264678,20.951761,90,2021-03,streetview
data/images/warsaw/52.264678_20.951761_h180.jpg,warsaw,52.264678,20.951761,180,2021-03,streetview
data/images/warsaw/52.264678_20.951761_h270.jpg,warsaw,52.264678,20.951761,270,2021-03,streetview
data/images/warsaw/52.278692_20.974667_h0.jpg,warsaw,52.278692,20.974667,0,2023-04,streetview
data/images/warsaw/52.278692_20.974667_h90.jpg,warsaw,52.278692,20.974667,90,2023-04,streetview
data/images/warsaw/52.278692_20.974667_h180.jpg,warsaw,52.278692,20.974667,180,2023-04,streetview
data/images/warsaw/52.278692_20.974667_h270.jpg,warsaw,52.278692,20.974667,270,2023-04,streetview
data/images/warsaw/52.237729_20.976404_h0.jpg,warsaw,52.237729,20.976404,0,2024-08,streetview
data/images/warsaw/52.237729_20.976404_h90.jpg,warsaw,52.237729,20.976404,90,2024-08,streetview
data/images/warsaw/52.237729_20.976404_h180.jpg,warsaw,52.237729,20.976404,180,2024-08,streetview
data/images/warsaw/52.237729_20.976404_h270.jpg,warsaw,52.237729,20.976404,270,2024-08,streetview
data/images/warsaw/52.249587_20.990497_h0.jpg,warsaw,52.249587,20.990497,0,2024-08,streetview
data/images/warsaw/52.249587_20.990497_h90.jpg,warsaw,52.249587,20.990497,90,2024-08,streetview
data/images/warsaw/52.249587_20.990497_h180.jpg,warsaw,52.249587,20.990497,180,2024-08,streetview
data/images/warsaw/52.249587_20.990497_h270.jpg,warsaw,52.249587,20.990497,270,2024-08,streetview
data/images/warsaw/52.228027_21.052074_h0.jpg,warsaw,52.228027,21.052074,0,2022-06,streetview
data/images/warsaw/52.228027_21.052074_h90.jpg,warsaw,52.228027,21.052074,90,2022-06,streetview
data/images/warsaw/52.228027_21.052074_h180.jpg,warsaw,52.228027,21.052074,180,2022-06,streetview
data/images/warsaw/52.228027_21.052074_h270.jpg,warsaw,52.228027,21.052074,270,2022-06,streetview
data/images/warsaw/52.257133_20.962327_h0.jpg,warsaw,52.257133,20.962327,0,2020-10,streetview
data/images/warsaw/52.257133_20.962327_h90.jpg,warsaw,52.257133,20.962327,90,2020-10,streetview
data/images/warsaw/52.257133_20.962327_h180.jpg,warsaw,52.257133,20.962327,180,2020-10,streetview
data/images/warsaw/52.257133_20.962327_h270.jpg,warsaw,52.257133,20.962327,270,2020-10,streetview
data/images/warsaw/52.209702_20.974628_h0.jpg,warsaw,52.209702,20.974628,0,2024-07,streetview
data/images/warsaw/52.209702_20.974628_h90.jpg,warsaw,52.209702,20.974628,90,2024-07,streetview
data/images/warsaw/52.209702_20.974628_h180.jpg,warsaw,52.209702,20.974628,180,2024-07,streetview
data/images/warsaw/52.209702_20.974628_h270.jpg,warsaw,52.209702,20.974628,270,2024-07,streetview
data/images/warsaw/52.20539_20.974626_h0.jpg,warsaw,52.20539,20.974626,0,2024-07,streetview
data/images/warsaw/52.20539_20.974626_h90.jpg,warsaw,52.20539,20.974626,90,2024-07,streetview
data/images/warsaw/52.20539_20.974626_h180.jpg,warsaw,52.20539,20.974626,180,2024-07,streetview
data/images/warsaw/52.20539_20.974626_h270.jpg,warsaw,52.20539,20.974626,270,2024-07,streetview
data/images/warsaw/52.223715_21.032707_h0.jpg,warsaw,52.223715,21.032707,0,2024-08,streetview
data/images/warsaw/52.223715_21.032707_h90.jpg,warsaw,52.223715,21.032707,90,2024-08,streetview
data/images/warsaw/52.223715_21.032707_h180.jpg,warsaw,52.223715,21.032707,180,2024-08,streetview
data/images/warsaw/52.223715_21.032707_h270.jpg,warsaw,52.223715,21.032707,270,2024-08,streetview
data/images/warsaw/52.203234_20.969348_h0.jpg,warsaw,52.203234,20.969348,0,2024-07,streetview
data/images/warsaw/52.203234_20.969348_h90.jpg,warsaw,52.203234,20.969348,90,2024-07,streetview
data/images/warsaw/52.203234_20.969348_h180.jpg,warsaw,52.203234,20.969348,180,2024-07,streetview
data/images/warsaw/52.203234_20.969348_h270.jpg,warsaw,52.203234,20.969348,270,2024-07,streetview
data/images/warsaw/52.248509_21.07325_h0.jpg,warsaw,52.248509,21.07325,0,2022-05,streetview
data/images/warsaw/52.248509_21.07325_h90.jpg,warsaw,52.248509,21.07325,90,2022-05,streetview
data/images/warsaw/52.248509_21.07325_h180.jpg,warsaw,52.248509,21.07325,180,2022-05,streetview
data/images/warsaw/52.248509_21.07325_h270.jpg,warsaw,52.248509,21.07325,270,2022-05,streetview
data/images/warsaw/52.226949_20.988717_h0.jpg,warsaw,52.226949,20.988717,0,2021-09,streetview
data/images/warsaw/52.226949_20.988717_h90.jpg,warsaw,52.226949,20.988717,90,2021-09,streetview
data/images/warsaw/52.226949_20.988717_h180.jpg,warsaw,52.226949,20.988717,180,2021-09,streetview
data/images/warsaw/52.226949_20.988717_h270.jpg,warsaw,52.226949,20.988717,270,2021-09,streetview
data/images/warsaw/52.242041_21.076753_h0.jpg,warsaw,52.242041,21.076753,0,2024-08,streetview
data/images/warsaw/52.242041_21.076753_h90.jpg,warsaw,52.242041,21.076753,90,2024-08,streetview
data/images/warsaw/52.242041_21.076753_h180.jpg,warsaw,52.242041,21.076753,180,2024-08,streetview
data/images/warsaw/52.242041_21.076753_h270.jpg,warsaw,52.242041,21.076753,270,2024-08,streetview
data/images/warsaw/52.28516_21.008151_h0.jpg,warsaw,52.28516,21.008151,0,2022-10,streetview
data/images/warsaw/52.28516_21.008151_h90.jpg,warsaw,52.28516,21.008151,90,2022-10,streetview
data/images/warsaw/52.28516_21.008151_h180.jpg,warsaw,52.28516,21.008151,180,2022-10,streetview
data/images/warsaw/52.28516_21.008151_h270.jpg,warsaw,52.28516,21.008151,270,2022-10,streetview
data/images/warsaw/52.235573_21.029209_h0.jpg,warsaw,52.235573,21.029209,0,2024-08,streetview
data/images/warsaw/52.235573_21.029209_h90.jpg,warsaw,52.235573,21.029209,90,2024-08,streetview
data/images/warsaw/52.235573_21.029209_h180.jpg,warsaw,52.235573,21.029209,180,2024-08,streetview
data/images/warsaw/52.235573_21.029209_h270.jpg,warsaw,52.235573,21.029209,270,2024-08,streetview
data/images/warsaw/52.233417_21.074968_h0.jpg,warsaw,52.233417,21.074968,0,2024-09,streetview
data/images/warsaw/52.233417_21.074968_h90.jpg,warsaw,52.233417,21.074968,90,2024-09,streetview
data/images/warsaw/52.233417_21.074968_h180.jpg,warsaw,52.233417,21.074968,180,2024-09,streetview
data/images/warsaw/52.233417_21.074968_h270.jpg,warsaw,52.233417,21.074968,270,2024-09,streetview
data/images/warsaw/52.28516_21.004627_h0.jpg,warsaw,52.28516,21.004627,0,2022-10,streetview
data/images/warsaw/52.28516_21.004627_h90.jpg,warsaw,52.28516,21.004627,90,2022-10,streetview
data/images/warsaw/52.28516_21.004627_h180.jpg,warsaw,52.28516,21.004627,180,2022-10,streetview
data/images/warsaw/52.28516_21.004627_h270.jpg,warsaw,52.28516,21.004627,270,2022-10,streetview
data/images/warsaw/52.229105_21.011598_h0.jpg,warsaw,52.229105,21.011598,0,2023-11,streetview
data/images/warsaw/52.229105_21.011598_h90.jpg,warsaw,52.229105,21.011598,90,2023-11,streetview
data/images/warsaw/52.229105_21.011598_h180.jpg,warsaw,52.229105,21.011598,180,2023-11,streetview
data/images/warsaw/52.229105_21.011598_h270.jpg,warsaw,52.229105,21.011598,270,2023-11,streetview
data/images/warsaw/52.237729_21.055617_h0.jpg,warsaw,52.237729,21.055617,0,2022-06,streetview
data/images/warsaw/52.237729_21.055617_h90.jpg,warsaw,52.237729,21.055617,90,2022-06,streetview
data/images/warsaw/52.237729_21.055617_h180.jpg,warsaw,52.237729,21.055617,180,2022-06,streetview
data/images/warsaw/52.237729_21.055617_h270.jpg,warsaw,52.237729,21.055617,270,2022-06,streetview
data/images/warsaw/52.278692_21.059238_h0.jpg,warsaw,52.278692,21.059238,0,2022-05,streetview
data/images/warsaw/52.278692_21.059238_h90.jpg,warsaw,52.278692,21.059238,90,2022-05,streetview
data/images/warsaw/52.278692_21.059238_h180.jpg,warsaw,52.278692,21.059238,180,2022-05,streetview
data/images/warsaw/52.278692_21.059238_h270.jpg,warsaw,52.278692,21.059238,270,2022-05,streetview
data/images/warsaw/52.231261_21.055602_h0.jpg,warsaw,52.231261,21.055602,0,2021-08,streetview
data/images/warsaw/52.231261_21.055602_h90.jpg,warsaw,52.231261,21.055602,90,2021-08,streetview
data/images/warsaw/52.231261_21.055602_h180.jpg,warsaw,52.231261,21.055602,180,2021-08,streetview
data/images/warsaw/52.231261_21.055602_h270.jpg,warsaw,52.231261,21.055602,270,2021-08,streetview
data/images/warsaw/52.221559_20.965837_h0.jpg,warsaw,52.221559,20.965837,0,2020-09,streetview
data/images/warsaw/52.221559_20.965837_h90.jpg,warsaw,52.221559,20.965837,90,2020-09,streetview
data/images/warsaw/52.221559_20.965837_h180.jpg,warsaw,52.221559,20.965837,180,2020-09,streetview
data/images/warsaw/52.221559_20.965837_h270.jpg,warsaw,52.221559,20.965837,270,2020-09,streetview
data/images/warsaw/52.223715_20.957039_h0.jpg,warsaw,52.223715,20.957039,0,2023-10,streetview
data/images/warsaw/52.223715_20.957039_h90.jpg,warsaw,52.223715,20.957039,90,2023-10,streetview
data/images/warsaw/52.223715_20.957039_h180.jpg,warsaw,52.223715,20.957039,180,2023-10,streetview
data/images/warsaw/52.223715_20.957039_h270.jpg,warsaw,52.223715,20.957039,270,2023-10,streetview
data/images/warsaw/52.206468_21.046747_h0.jpg,warsaw,52.206468,21.046747,0,2022-07,streetview
data/images/warsaw/52.206468_21.046747_h90.jpg,warsaw,52.206468,21.046747,90,2022-07,streetview
data/images/warsaw/52.206468_21.046747_h180.jpg,warsaw,52.206468,21.046747,180,2022-07,streetview
data/images/warsaw/52.206468_21.046747_h270.jpg,warsaw,52.206468,21.046747,270,2022-07,streetview
data/images/warsaw/52.286238_21.066306_h0.jpg,warsaw,52.286238,21.066306,0,2023-04,streetview
data/images/warsaw/52.286238_21.066306_h90.jpg,warsaw,52.286238,21.066306,90,2023-04,streetview
data/images/warsaw/52.286238_21.066306_h180.jpg,warsaw,52.286238,21.066306,180,2023-04,streetview
data/images/warsaw/52.286238_21.066306_h270.jpg,warsaw,52.286238,21.066306,270,2023-04,streetview
data/images/warsaw/52.252821_21.043327_h0.jpg,warsaw,52.252821,21.043327,0,2022-03,streetview
data/images/warsaw/52.252821_21.043327_h90.jpg,warsaw,52.252821,21.043327,90,2022-03,streetview
data/images/warsaw/52.252821_21.043327_h180.jpg,warsaw,52.252821,21.043327,180,2022-03,streetview
data/images/warsaw/52.252821_21.043327_h270.jpg,warsaw,52.252821,21.043327,270,2022-03,streetview
data/images/warsaw/52.249587_21.034516_h0.jpg,warsaw,52.249587,21.034516,0,2020-10,streetview
data/images/warsaw/52.249587_21.034516_h90.jpg,warsaw,52.249587,21.034516,90,2020-10,streetview
data/images/warsaw/52.249587_21.034516_h180.jpg,warsaw,52.249587,21.034516,180,2020-10,streetview
data/images/warsaw/52.249587_21.034516_h270.jpg,warsaw,52.249587,21.034516,270,2020-10,streetview
data/images/warsaw/52.267912_20.951761_h0.jpg,warsaw,52.267912,20.951761,0,2020-09,streetview
data/images/warsaw/52.267912_20.951761_h90.jpg,warsaw,52.267912,20.951761,90,2020-09,streetview
data/images/warsaw/52.267912_20.951761_h180.jpg,warsaw,52.267912,20.951761,180,2020-09,streetview
data/images/warsaw/52.267912_20.951761_h270.jpg,warsaw,52.267912,20.951761,270,2020-09,streetview
data/images/warsaw/52.260367_21.041581_h0.jpg,warsaw,52.260367,21.041581,0,2024-08,streetview
data/images/warsaw/52.260367_21.041581_h90.jpg,warsaw,52.260367,21.041581,90,2024-08,streetview
data/images/warsaw/52.260367_21.041581_h180.jpg,warsaw,52.260367,21.041581,180,2024-08,streetview
data/images/warsaw/52.260367_21.041581_h270.jpg,warsaw,52.260367,21.041581,270,2024-08,streetview
data/images/warsaw/52.26899_20.990515_h0.jpg,warsaw,52.26899,20.990515,0,2023-09,streetview
data/images/warsaw/52.26899_20.990515_h90.jpg,warsaw,52.26899,20.990515,90,2023-09,streetview
data/images/warsaw/52.26899_20.990515_h180.jpg,warsaw,52.26899,20.990515,180,2023-09,streetview
data/images/warsaw/52.26899_20.990515_h270.jpg,warsaw,52.26899,20.990515,270,2023-09,streetview
data/images/warsaw/52.276536_21.062757_h0.jpg,warsaw,52.276536,21.062757,0,2021-04,streetview
data/images/warsaw/52.276536_21.062757_h90.jpg,warsaw,52.276536,21.062757,90,2021-04,streetview
data/images/warsaw/52.276536_21.062757_h180.jpg,warsaw,52.276536,21.062757,180,2021-04,streetview
data/images/warsaw/52.276536_21.062757_h270.jpg,warsaw,52.276536,21.062757,270,2021-04,streetview
data/images/warsaw/52.27977_21.069813_h0.jpg,warsaw,52.27977,21.069813,0,2024-08,streetview
data/images/warsaw/52.27977_21.069813_h90.jpg,warsaw,52.27977,21.069813,90,2024-08,streetview
data/images/warsaw/52.27977_21.069813_h180.jpg,warsaw,52.27977,21.069813,180,2024-08,streetview
data/images/warsaw/52.27977_21.069813_h270.jpg,warsaw,52.27977,21.069813,270,2024-08,streetview
data/images/warsaw/52.28516_21.032822_h0.jpg,warsaw,52.28516,21.032822,0,2022-05,streetview
data/images/warsaw/52.28516_21.032822_h90.jpg,warsaw,52.28516,21.032822,90,2022-05,streetview
data/images/warsaw/52.28516_21.032822_h180.jpg,warsaw,52.28516,21.032822,180,2022-05,streetview
data/images/warsaw/52.28516_21.032822_h270.jpg,warsaw,52.28516,21.032822,270,2022-05,streetview
data/images/warsaw/52.273302_20.979949_h0.jpg,warsaw,52.273302,20.979949,0,2022-10,streetview
data/images/warsaw/52.273302_20.979949_h90.jpg,warsaw,52.273302,20.979949,90,2022-10,streetview
data/images/warsaw/52.273302_20.979949_h180.jpg,warsaw,52.273302,20.979949,180,2022-10,streetview
data/images/warsaw/52.273302_20.979949_h270.jpg,warsaw,52.273302,20.979949,270,2022-10,streetview
data/images/warsaw/52.201078_20.953518_h0.jpg,warsaw,52.201078,20.953518,0,2023-06,streetview
data/images/warsaw/52.201078_20.953518_h90.jpg,warsaw,52.201078,20.953518,90,2023-06,streetview
data/images/warsaw/52.201078_20.953518_h180.jpg,warsaw,52.201078,20.953518,180,2023-06,streetview
data/images/warsaw/52.201078_20.953518_h270.jpg,warsaw,52.201078,20.953518,270,2023-06,streetview
data/images/warsaw/52.272224_21.066269_h0.jpg,warsaw,52.272224,21.066269,0,2022-05,streetview
data/images/warsaw/52.272224_21.066269_h90.jpg,warsaw,52.272224,21.066269,90,2022-05,streetview
data/images/warsaw/52.272224_21.066269_h180.jpg,warsaw,52.272224,21.066269,180,2022-05,streetview
data/images/warsaw/52.272224_21.066269_h270.jpg,warsaw,52.272224,21.066269,270,2022-05,streetview
data/images/warsaw/52.201078_20.962312_h0.jpg,warsaw,52.201078,20.962312,0,2024-07,streetview
data/images/warsaw/52.201078_20.962312_h90.jpg,warsaw,52.201078,20.962312,90,2024-07,streetview
data/images/warsaw/52.201078_20.962312_h180.jpg,warsaw,52.201078,20.962312,180,2024-07,streetview
data/images/warsaw/52.201078_20.962312_h270.jpg,warsaw,52.201078,20.962312,270,2024-07,streetview
data/images/warsaw/52.222637_21.013349_h0.jpg,warsaw,52.222637,21.013349,0,2024-08,streetview
data/images/warsaw/52.222637_21.013349_h90.jpg,warsaw,52.222637,21.013349,90,2024-08,streetview
data/images/warsaw/52.222637_21.013349_h180.jpg,warsaw,52.222637,21.013349,180,2024-08,streetview
data/images/warsaw/52.222637_21.013349_h270.jpg,warsaw,52.222637,21.013349,270,2024-08,streetview
data/images/warsaw/52.2636_20.967613_h0.jpg,warsaw,52.2636,20.967613,0,2019-11,streetview
data/images/warsaw/52.2636_20.967613_h90.jpg,warsaw,52.2636,20.967613,90,2019-11,streetview
data/images/warsaw/52.2636_20.967613_h180.jpg,warsaw,52.2636,20.967613,180,2019-11,streetview
data/images/warsaw/52.2636_20.967613_h270.jpg,warsaw,52.2636,20.967613,270,2019-11,streetview
data/images/warsaw/52.230183_21.062639_h0.jpg,warsaw,52.230183,21.062639,0,2022-03,streetview
data/images/warsaw/52.230183_21.062639_h90.jpg,warsaw,52.230183,21.062639,90,2022-03,streetview
data/images/warsaw/52.230183_21.062639_h180.jpg,warsaw,52.230183,21.062639,180,2022-03,streetview
data/images/warsaw/52.230183_21.062639_h270.jpg,warsaw,52.230183,21.062639,270,2022-03,streetview
data/images/warsaw/52.209702_21.07666_h0.jpg,warsaw,52.209702,21.07666,0,2022-03,streetview
data/images/warsaw/52.209702_21.07666_h90.jpg,warsaw,52.209702,21.07666,90,2022-03,streetview
data/images/warsaw/52.209702_21.07666_h180.jpg,warsaw,52.209702,21.07666,180,2022-03,streetview
data/images/warsaw/52.209702_21.07666_h270.jpg,warsaw,52.209702,21.07666,270,2022-03,streetview
data/images/warsaw/52.261444_20.990508_h0.jpg,warsaw,52.261444,20.990508,0,2024-08,streetview
data/images/warsaw/52.261444_20.990508_h90.jpg,warsaw,52.261444,20.990508,90,2024-08,streetview
data/images/warsaw/52.261444_20.990508_h180.jpg,warsaw,52.261444,20.990508,180,2024-08,streetview
data/images/warsaw/52.261444_20.990508_h270.jpg,warsaw,52.261444,20.990508,270,2024-08,streetview
data/images/warsaw/52.272224_21.032798_h0.jpg,warsaw,52.272224,21.032798,0,2024-08,streetview
data/images/warsaw/52.272224_21.032798_h90.jpg,warsaw,52.272224,21.032798,90,2024-08,streetview
data/images/warsaw/52.272224_21.032798_h180.jpg,warsaw,52.272224,21.032798,180,2024-08,streetview
data/images/warsaw/52.272224_21.032798_h270.jpg,warsaw,52.272224,21.032798,270,2024-08,streetview
data/images/warsaw/52.249587_20.983454_h0.jpg,warsaw,52.249587,20.983454,0,2020-10,streetview
data/images/warsaw/52.249587_20.983454_h90.jpg,warsaw,52.249587,20.983454,90,2020-10,streetview
data/images/warsaw/52.249587_20.983454_h180.jpg,warsaw,52.249587,20.983454,180,2020-10,streetview
data/images/warsaw/52.249587_20.983454_h270.jpg,warsaw,52.249587,20.983454,270,2020-10,streetview
data/images/warsaw/52.201078_21.013318_h0.jpg,warsaw,52.201078,21.013318,0,2024-09,streetview
data/images/warsaw/52.201078_21.013318_h90.jpg,warsaw,52.201078,21.013318,90,2024-09,streetview
data/images/warsaw/52.201078_21.013318_h180.jpg,warsaw,52.201078,21.013318,180,2024-09,streetview
data/images/warsaw/52.201078_21.013318_h270.jpg,warsaw,52.201078,21.013318,270,2024-09,streetview
data/images/warsaw/52.260367_21.071521_h0.jpg,warsaw,52.260367,21.071521,0,2024-08,streetview
data/images/warsaw/52.260367_21.071521_h90.jpg,warsaw,52.260367,21.071521,90,2024-08,streetview
data/images/warsaw/52.260367_21.071521_h180.jpg,warsaw,52.260367,21.071521,180,2024-08,streetview
data/images/warsaw/52.260367_21.071521_h270.jpg,warsaw,52.260367,21.071521,270,2024-08,streetview
data/images/warsaw/52.281926_20.95881_h0.jpg,warsaw,52.281926,20.95881,0,2021-08,streetview
data/images/warsaw/52.281926_20.95881_h90.jpg,warsaw,52.281926,20.95881,90,2021-08,streetview
data/images/warsaw/52.281926_20.95881_h180.jpg,warsaw,52.281926,20.95881,180,2021-08,streetview
data/images/warsaw/52.281926_20.95881_h270.jpg,warsaw,52.281926,20.95881,270,2021-08,streetview
data/images/warsaw/52.222637_21.073178_h0.jpg,warsaw,52.222637,21.073178,0,2022-03,streetview
data/images/warsaw/52.222637_21.073178_h90.jpg,warsaw,52.222637,21.073178,90,2022-03,streetview
data/images/warsaw/52.222637_21.073178_h180.jpg,warsaw,52.222637,21.073178,180,2022-03,streetview
data/images/warsaw/52.222637_21.073178_h270.jpg,warsaw,52.222637,21.073178,270,2022-03,streetview
data/images/warsaw/52.239885_20.986968_h0.jpg,warsaw,52.239885,20.986968,0,2024-08,streetview
data/images/warsaw/52.239885_20.986968_h90.jpg,warsaw,52.239885,20.986968,90,2024-08,streetview
data/images/warsaw/52.239885_20.986968_h180.jpg,warsaw,52.239885,20.986968,180,2024-08,streetview
data/images/warsaw/52.239885_20.986968_h270.jpg,warsaw,52.239885,20.986968,270,2024-08,streetview
data/images/warsaw/52.261444_20.985224_h0.jpg,warsaw,52.261444,20.985224,0,2018-08,streetview
data/images/warsaw/52.261444_20.985224_h90.jpg,warsaw,52.261444,20.985224,90,2018-08,streetview
data/images/warsaw/52.261444_20.985224_h180.jpg,warsaw,52.261444,20.985224,180,2018-08,streetview
data/images/warsaw/52.261444_20.985224_h270.jpg,warsaw,52.261444,20.985224,270,2018-08,streetview
data/images/warsaw/52.215092_20.960556_h0.jpg,warsaw,52.215092,20.960556,0,2024-08,streetview
data/images/warsaw/52.215092_20.960556_h90.jpg,warsaw,52.215092,20.960556,90,2024-08,streetview
data/images/warsaw/52.215092_20.960556_h180.jpg,warsaw,52.215092,20.960556,180,2024-08,streetview
data/images/warsaw/52.215092_20.960556_h270.jpg,warsaw,52.215092,20.960556,270,2024-08,streetview
data/images/warsaw/52.209702_21.01333_h0.jpg,warsaw,52.209702,21.01333,0,2023-05,streetview
data/images/warsaw/52.209702_21.01333_h90.jpg,warsaw,52.209702,21.01333,90,2023-05,streetview
data/images/warsaw/52.209702_21.01333_h180.jpg,warsaw,52.209702,21.01333,180,2023-05,streetview
data/images/warsaw/52.209702_21.01333_h270.jpg,warsaw,52.209702,21.01333,270,2023-05,streetview
data/images/warsaw/52.228027_21.057354_h0.jpg,warsaw,52.228027,21.057354,0,2022-06,streetview
data/images/warsaw/52.228027_21.057354_h90.jpg,warsaw,52.228027,21.057354,90,2022-06,streetview
data/images/warsaw/52.228027_21.057354_h180.jpg,warsaw,52.228027,21.057354,180,2022-06,streetview
data/images/warsaw/52.228027_21.057354_h270.jpg,warsaw,52.228027,21.057354,270,2022-06,streetview
data/images/warsaw/52.220481_21.045018_h0.jpg,warsaw,52.220481,21.045018,0,2024-08,streetview
data/images/warsaw/52.220481_21.045018_h90.jpg,warsaw,52.220481,21.045018,90,2024-08,streetview
data/images/warsaw/52.220481_21.045018_h180.jpg,warsaw,52.220481,21.045018,180,2024-08,streetview
data/images/warsaw/52.220481_21.045018_h270.jpg,warsaw,52.220481,21.045018,270,2024-08,streetview
data/images/warsaw/52.250665_21.078538_h0.jpg,warsaw,52.250665,21.078538,0,2024-08,streetview
data/images/warsaw/52.250665_21.078538_h90.jpg,warsaw,52.250665,21.078538,90,2024-08,streetview
data/images/warsaw/52.250665_21.078538_h180.jpg,warsaw,52.250665,21.078538,180,2024-08,streetview
data/images/warsaw/52.250665_21.078538_h270.jpg,warsaw,52.250665,21.078538,270,2024-08,streetview
data/images/warsaw/52.219404_21.013344_h0.jpg,warsaw,52.219404,21.013344,0,2024-08,streetview
data/images/warsaw/52.219404_21.013344_h90.jpg,warsaw,52.219404,21.013344,90,2024-08,streetview
data/images/warsaw/52.219404_21.013344_h180.jpg,warsaw,52.219404,21.013344,180,2024-08,streetview
data/images/warsaw/52.219404_21.013344_h270.jpg,warsaw,52.219404,21.013344,270,2024-08,streetview
data/images/warsaw/52.231261_21.036241_h0.jpg,warsaw,52.231261,21.036241,0,2024-07,streetview
data/images/warsaw/52.231261_21.036241_h90.jpg,warsaw,52.231261,21.036241,90,2024-07,streetview
data/images/warsaw/52.231261_21.036241_h180.jpg,warsaw,52.231261,21.036241,180,2024-07,streetview
data/images/warsaw/52.231261_21.036241_h270.jpg,warsaw,52.231261,21.036241,270,2024-07,streetview
data/images/warsaw/52.246353_21.057398_h0.jpg,warsaw,52.246353,21.057398,0,2020-02,streetview
data/images/warsaw/52.246353_21.057398_h90.jpg,warsaw,52.246353,21.057398,90,2020-02,streetview
data/images/warsaw/52.246353_21.057398_h180.jpg,warsaw,52.246353,21.057398,180,2020-02,streetview
data/images/warsaw/52.246353_21.057398_h270.jpg,warsaw,52.246353,21.057398,270,2020-02,streetview
data/images/warsaw/52.229105_21.078476_h0.jpg,warsaw,52.229105,21.078476,0,2022-11,streetview
data/images/warsaw/52.229105_21.078476_h90.jpg,warsaw,52.229105,21.078476,90,2022-11,streetview
data/images/warsaw/52.229105_21.078476_h180.jpg,warsaw,52.229105,21.078476,180,2022-11,streetview
data/images/warsaw/52.229105_21.078476_h270.jpg,warsaw,52.229105,21.078476,270,2022-11,streetview
data/images/warsaw/52.288394_21.025779_h0.jpg,warsaw,52.288394,21.025779,0,2019-08,streetview
data/images/warsaw/52.288394_21.025779_h90.jpg,warsaw,52.288394,21.025779,90,2019-08,streetview
data/images/warsaw/52.288394_21.025779_h180.jpg,warsaw,52.288394,21.025779,180,2019-08,streetview
data/images/warsaw/52.288394_21.025779_h270.jpg,warsaw,52.288394,21.025779,270,2019-08,streetview
data/images/warsaw/52.266834_21.025742_h0.jpg,warsaw,52.266834,21.025742,0,2018-08,streetview
data/images/warsaw/52.266834_21.025742_h90.jpg,warsaw,52.266834,21.025742,90,2018-08,streetview
data/images/warsaw/52.266834_21.025742_h180.jpg,warsaw,52.266834,21.025742,180,2018-08,streetview
data/images/warsaw/52.266834_21.025742_h270.jpg,warsaw,52.266834,21.025742,270,2018-08,streetview
data/images/warsaw/52.261444_20.995792_h0.jpg,warsaw,52.261444,20.995792,0,2024-08,streetview
data/images/warsaw/52.261444_20.995792_h90.jpg,warsaw,52.261444,20.995792,90,2024-08,streetview
data/images/warsaw/52.261444_20.995792_h180.jpg,warsaw,52.261444,20.995792,180,2024-08,streetview
data/images/warsaw/52.261444_20.995792_h270.jpg,warsaw,52.261444,20.995792,270,2024-08,streetview
data/images/warsaw/52.20539_21.050263_h0.jpg,warsaw,52.20539,21.050263,0,2022-07,streetview
data/images/warsaw/52.20539_21.050263_h90.jpg,warsaw,52.20539,21.050263,90,2022-07,streetview
data/images/warsaw/52.20539_21.050263_h180.jpg,warsaw,52.20539,21.050263,180,2022-07,streetview
data/images/warsaw/52.20539_21.050263_h270.jpg,warsaw,52.20539,21.050263,270,2022-07,streetview
data/images/warsaw/52.20539_21.006288_h0.jpg,warsaw,52.20539,21.006288,0,2025-10,streetview
data/images/warsaw/52.20539_21.006288_h90.jpg,warsaw,52.20539,21.006288,90,2025-10,streetview
data/images/warsaw/52.20539_21.006288_h180.jpg,warsaw,52.20539,21.006288,180,2025-10,streetview
data/images/warsaw/52.20539_21.006288_h270.jpg,warsaw,52.20539,21.006288,270,2025-10,streetview
data/images/warsaw/52.270068_21.055694_h0.jpg,warsaw,52.270068,21.055694,0,2022-05,streetview
data/images/warsaw/52.270068_21.055694_h90.jpg,warsaw,52.270068,21.055694,90,2022-05,streetview
data/images/warsaw/52.270068_21.055694_h180.jpg,warsaw,52.270068,21.055694,180,2022-05,streetview
data/images/warsaw/52.270068_21.055694_h270.jpg,warsaw,52.270068,21.055694,270,2022-05,streetview
data/images/warsaw/52.211858_21.074907_h0.jpg,warsaw,52.211858,21.074907,0,2022-03,streetview
data/images/warsaw/52.211858_21.074907_h90.jpg,warsaw,52.211858,21.074907,90,2022-03,streetview
data/images/warsaw/52.211858_21.074907_h180.jpg,warsaw,52.211858,21.074907,180,2022-03,streetview
data/images/warsaw/52.211858_21.074907_h270.jpg,warsaw,52.211858,21.074907,270,2022-03,streetview
data/images/warsaw/52.212936_20.97463_h0.jpg,warsaw,52.212936,20.97463,0,2022-07,streetview
data/images/warsaw/52.212936_20.97463_h90.jpg,warsaw,52.212936,20.97463,90,2022-07,streetview
data/images/warsaw/52.212936_20.97463_h180.jpg,warsaw,52.212936,20.97463,180,2022-07,streetview
data/images/warsaw/52.212936_20.97463_h270.jpg,warsaw,52.212936,20.97463,270,2022-07,streetview
data/images/warsaw/52.245275_20.976409_h0.jpg,warsaw,52.245275,20.976409,0,2022-06,streetview
data/images/warsaw/52.245275_20.976409_h90.jpg,warsaw,52.245275,20.976409,90,2022-06,streetview
data/images/warsaw/52.245275_20.976409_h180.jpg,warsaw,52.245275,20.976409,180,2022-06,streetview
data/images/warsaw/52.245275_20.976409_h270.jpg,warsaw,52.245275,20.976409,270,2022-06,streetview
data/images/warsaw/52.262522_20.967613_h0.jpg,warsaw,52.262522,20.967613,0,2024-08,streetview
data/images/warsaw/52.262522_20.967613_h90.jpg,warsaw,52.262522,20.967613,90,2024-08,streetview
data/images/warsaw/52.262522_20.967613_h180.jpg,warsaw,52.262522,20.967613,180,2024-08,streetview
data/images/warsaw/52.262522_20.967613_h270.jpg,warsaw,52.262522,20.967613,270,2024-08,streetview
data/images/warsaw/52.288394_21.069836_h0.jpg,warsaw,52.288394,21.069836,0,2022-05,streetview
data/images/warsaw/52.288394_21.069836_h90.jpg,warsaw,52.288394,21.069836,90,2022-05,streetview
data/images/warsaw/52.288394_21.069836_h180.jpg,warsaw,52.288394,21.069836,180,2022-05,streetview
data/images/warsaw/52.288394_21.069836_h270.jpg,warsaw,52.288394,21.069836,270,2022-05,streetview
data/images/warsaw/52.219404_20.992229_h0.jpg,warsaw,52.219404,20.992229,0,2024-08,streetview
data/images/warsaw/52.219404_20.992229_h90.jpg,warsaw,52.219404,20.992229,90,2024-08,streetview
data/images/warsaw/52.219404_20.992229_h180.jpg,warsaw,52.219404,20.992229,180,2024-08,streetview
data/images/warsaw/52.219404_20.992229_h270.jpg,warsaw,52.219404,20.992229,270,2024-08,streetview
data/images/warsaw/52.288394_21.031066_h0.jpg,warsaw,52.288394,21.031066,0,2024-08,streetview
data/images/warsaw/52.288394_21.031066_h90.jpg,warsaw,52.288394,21.031066,90,2024-08,streetview
data/images/warsaw/52.288394_21.031066_h180.jpg,warsaw,52.288394,21.031066,180,2024-08,streetview
data/images/warsaw/52.288394_21.031066_h270.jpg,warsaw,52.288394,21.031066,270,2024-08,streetview
data/images/warsaw/52.221559_21.009828_h0.jpg,warsaw,52.221559,21.009828,0,2024-08,streetview
data/images/warsaw/52.221559_21.009828_h90.jpg,warsaw,52.221559,21.009828,90,2024-08,streetview
data/images/warsaw/52.221559_21.009828_h180.jpg,warsaw,52.221559,21.009828,180,2024-08,streetview
data/images/warsaw/52.221559_21.009828_h270.jpg,warsaw,52.221559,21.009828,270,2024-08,streetview
data/images/warsaw/52.20539_20.979903_h0.jpg,warsaw,52.20539,20.979903,0,2024-07,streetview
data/images/warsaw/52.20539_20.979903_h90.jpg,warsaw,52.20539,20.979903,90,2024-07,streetview
data/images/warsaw/52.20539_20.979903_h180.jpg,warsaw,52.20539,20.979903,180,2024-07,streetview
data/images/warsaw/52.20539_20.979903_h270.jpg,warsaw,52.20539,20.979903,270,2024-07,streetview
data/images/warsaw/52.265756_20.965853_h0.jpg,warsaw,52.265756,20.965853,0,2020-09,streetview
data/images/warsaw/52.265756_20.965853_h90.jpg,warsaw,52.265756,20.965853,90,2020-09,streetview
data/images/warsaw/52.265756_20.965853_h180.jpg,warsaw,52.265756,20.965853,180,2020-09,streetview
data/images/warsaw/52.265756_20.965853_h270.jpg,warsaw,52.265756,20.965853,270,2020-09,streetview
data/images/warsaw/52.289472_21.046929_h0.jpg,warsaw,52.289472,21.046929,0,2022-05,streetview
data/images/warsaw/52.289472_21.046929_h90.jpg,warsaw,52.289472,21.046929,90,2022-05,streetview
data/images/warsaw/52.289472_21.046929_h180.jpg,warsaw,52.289472,21.046929,180,2022-05,streetview
data/images/warsaw/52.289472_21.046929_h270.jpg,warsaw,52.289472,21.046929,270,2022-05,streetview
data/images/warsaw/52.229105_21.036237_h0.jpg,warsaw,52.229105,21.036237,0,2022-06,streetview
data/images/warsaw/52.229105_21.036237_h90.jpg,warsaw,52.229105,21.036237,90,2022-06,streetview
data/images/warsaw/52.229105_21.036237_h180.jpg,warsaw,52.229105,21.036237,180,2022-06,streetview
data/images/warsaw/52.229105_21.036237_h270.jpg,warsaw,52.229105,21.036237,270,2022-06,streetview
data/images/warsaw/52.278692_20.962333_h0.jpg,warsaw,52.278692,20.962333,0,2024-08,streetview
data/images/warsaw/52.278692_20.962333_h90.jpg,warsaw,52.278692,20.962333,90,2024-08,streetview
data/images/warsaw/52.278692_20.962333_h180.jpg,warsaw,52.278692,20.962333,180,2024-08,streetview
data/images/warsaw/52.278692_20.962333_h270.jpg,warsaw,52.278692,20.962333,270,2024-08,streetview
data/images/warsaw/52.204312_20.96759_h0.jpg,warsaw,52.204312,20.96759,0,2022-07,streetview
data/images/warsaw/52.204312_20.96759_h90.jpg,warsaw,52.204312,20.96759,90,2022-07,streetview
data/images/warsaw/52.204312_20.96759_h180.jpg,warsaw,52.204312,20.96759,180,2022-07,streetview
data/images/warsaw/52.204312_20.96759_h270.jpg,warsaw,52.204312,20.96759,270,2022-07,streetview
data/images/warsaw/52.272224_20.96057_h0.jpg,warsaw,52.272224,20.96057,0,2021-06,streetview
data/images/warsaw/52.272224_20.96057_h90.jpg,warsaw,52.272224,20.96057,90,2021-06,streetview
data/images/warsaw/52.272224_20.96057_h180.jpg,warsaw,52.272224,20.96057,180,2021-06,streetview
data/images/warsaw/52.272224_20.96057_h270.jpg,warsaw,52.272224,20.96057,270,2021-06,streetview
data/images/warsaw/52.245275_20.992254_h0.jpg,warsaw,52.245275,20.992254,0,2021-08,streetview
data/images/warsaw/52.245275_20.992254_h90.jpg,warsaw,52.245275,20.992254,90,2021-08,streetview
data/images/warsaw/52.245275_20.992254_h180.jpg,warsaw,52.245275,20.992254,180,2021-08,streetview
data/images/warsaw/52.245275_20.992254_h270.jpg,warsaw,52.245275,20.992254,270,2021-08,streetview
data/images/warsaw/52.286238_21.076879_h0.jpg,warsaw,52.286238,21.076879,0,2023-04,streetview
data/images/warsaw/52.286238_21.076879_h90.jpg,warsaw,52.286238,21.076879,90,2023-04,streetview
data/images/warsaw/52.286238_21.076879_h180.jpg,warsaw,52.286238,21.076879,180,2023-04,streetview
data/images/warsaw/52.286238_21.076879_h270.jpg,warsaw,52.286238,21.076879,270,2023-04,streetview
data/images/warsaw/52.257133_21.062707_h0.jpg,warsaw,52.257133,21.062707,0,2024-08,streetview
data/images/warsaw/52.257133_21.062707_h90.jpg,warsaw,52.257133,21.062707,90,2024-08,streetview
data/images/warsaw/52.257133_21.062707_h180.jpg,warsaw,52.257133,21.062707,180,2024-08,streetview
data/images/warsaw/52.257133_21.062707_h270.jpg,warsaw,52.257133,21.062707,270,2024-08,streetview
data/images/warsaw/52.212936_20.958796_h0.jpg,warsaw,52.212936,20.958796,0,2020-10,streetview
data/images/warsaw/52.212936_20.958796_h90.jpg,warsaw,52.212936,20.958796,90,2020-10,streetview
data/images/warsaw/52.212936_20.958796_h180.jpg,warsaw,52.212936,20.958796,180,2020-10,streetview
data/images/warsaw/52.212936_20.958796_h270.jpg,warsaw,52.212936,20.958796,270,2020-10,streetview
data/images/warsaw/52.277614_21.046903_h0.jpg,warsaw,52.277614,21.046903,0,2018-07,streetview
data/images/warsaw/52.277614_21.046903_h90.jpg,warsaw,52.277614,21.046903,90,2018-07,streetview
data/images/warsaw/52.277614_21.046903_h180.jpg,warsaw,52.277614,21.046903,180,2018-07,streetview
data/images/warsaw/52.277614_21.046903_h270.jpg,warsaw,52.277614,21.046903,270,2018-07,streetview
data/images/warsaw/52.267912_21.046881_h0.jpg,warsaw,52.267912,21.046881,0,2022-05,streetview
data/images/warsaw/52.267912_21.046881_h90.jpg,warsaw,52.267912,21.046881,90,2022-05,streetview
data/images/warsaw/52.267912_21.046881_h180.jpg,warsaw,52.267912,21.046881,180,2022-05,streetview
data/images/warsaw/52.267912_21.046881_h270.jpg,warsaw,52.267912,21.046881,270,2022-05,streetview
data/images/warsaw/52.270068_21.060979_h0.jpg,warsaw,52.270068,21.060979,0,2022-05,streetview
data/images/warsaw/52.270068_21.060979_h90.jpg,warsaw,52.270068,21.060979,90,2022-05,streetview
data/images/warsaw/52.270068_21.060979_h180.jpg,warsaw,52.270068,21.060979,180,2022-05,streetview
data/images/warsaw/52.270068_21.060979_h270.jpg,warsaw,52.270068,21.060979,270,2022-05,streetview
data/images/warsaw/52.244197_21.022182_h0.jpg,warsaw,52.244197,21.022182,0,2026-04,streetview
data/images/warsaw/52.244197_21.022182_h90.jpg,warsaw,52.244197,21.022182,90,2026-04,streetview
data/images/warsaw/52.244197_21.022182_h180.jpg,warsaw,52.244197,21.022182,180,2026-04,streetview
data/images/warsaw/52.244197_21.022182_h270.jpg,warsaw,52.244197,21.022182,270,2026-04,streetview
data/images/warsaw/52.208624_21.022124_h0.jpg,warsaw,52.208624,21.022124,0,2024-09,streetview
data/images/warsaw/52.208624_21.022124_h90.jpg,warsaw,52.208624,21.022124,90,2024-09,streetview
data/images/warsaw/52.208624_21.022124_h180.jpg,warsaw,52.208624,21.022124,180,2024-09,streetview
data/images/warsaw/52.208624_21.022124_h270.jpg,warsaw,52.208624,21.022124,270,2024-09,streetview
data/images/warsaw/52.228027_20.962319_h0.jpg,warsaw,52.228027,20.962319,0,2024-08,streetview
data/images/warsaw/52.228027_20.962319_h90.jpg,warsaw,52.228027,20.962319,90,2024-08,streetview
data/images/warsaw/52.228027_20.962319_h180.jpg,warsaw,52.228027,20.962319,180,2024-08,streetview
data/images/warsaw/52.228027_20.962319_h270.jpg,warsaw,52.228027,20.962319,270,2024-08,streetview
data/images/warsaw/52.256055_21.00283_h0.jpg,warsaw,52.256055,21.00283,0,2020-04,streetview
data/images/warsaw/52.256055_21.00283_h90.jpg,warsaw,52.256055,21.00283,90,2020-04,streetview
data/images/warsaw/52.256055_21.00283_h180.jpg,warsaw,52.256055,21.00283,180,2020-04,streetview
data/images/warsaw/52.256055_21.00283_h270.jpg,warsaw,52.256055,21.00283,270,2020-04,streetview
data/images/warsaw/52.289472_21.022256_h0.jpg,warsaw,52.289472,21.022256,0,2022-05,streetview
data/images/warsaw/52.289472_21.022256_h90.jpg,warsaw,52.289472,21.022256,90,2022-05,streetview
data/images/warsaw/52.289472_21.022256_h180.jpg,warsaw,52.289472,21.022256,180,2022-05,streetview
data/images/warsaw/52.289472_21.022256_h270.jpg,warsaw,52.289472,21.022256,270,2022-05,streetview
data/images/warsaw/52.27438_21.066275_h0.jpg,warsaw,52.27438,21.066275,0,2023-04,streetview
data/images/warsaw/52.27438_21.066275_h90.jpg,warsaw,52.27438,21.066275,90,2023-04,streetview
data/images/warsaw/52.27438_21.066275_h180.jpg,warsaw,52.27438,21.066275,180,2023-04,streetview
data/images/warsaw/52.27438_21.066275_h270.jpg,warsaw,52.27438,21.066275,270,2023-04,streetview
data/images/warsaw/52.26899_20.960569_h0.jpg,warsaw,52.26899,20.960569,0,2026-04,streetview
data/images/warsaw/52.26899_20.960569_h90.jpg,warsaw,52.26899,20.960569,90,2026-04,streetview
data/images/warsaw/52.26899_20.960569_h180.jpg,warsaw,52.26899,20.960569,180,2026-04,streetview
data/images/warsaw/52.26899_20.960569_h270.jpg,warsaw,52.26899,20.960569,270,2026-04,streetview
data/images/warsaw/52.239885_21.025696_h0.jpg,warsaw,52.239885,21.025696,0,2024-08,streetview
data/images/warsaw/52.239885_21.025696_h90.jpg,warsaw,52.239885,21.025696,90,2024-08,streetview
data/images/warsaw/52.239885_21.025696_h180.jpg,warsaw,52.239885,21.025696,180,2024-08,streetview
data/images/warsaw/52.239885_21.025696_h270.jpg,warsaw,52.239885,21.025696,270,2024-08,streetview
data/images/warsaw/52.259289_20.964089_h0.jpg,warsaw,52.259289,20.964089,0,2023-04,streetview
data/images/warsaw/52.259289_20.964089_h90.jpg,warsaw,52.259289,20.964089,90,2023-04,streetview
data/images/warsaw/52.259289_20.964089_h180.jpg,warsaw,52.259289,20.964089,180,2023-04,streetview
data/images/warsaw/52.259289_20.964089_h270.jpg,warsaw,52.259289,20.964089,270,2023-04,streetview
data/images/warsaw/52.259289_20.962328_h0.jpg,warsaw,52.259289,20.962328,0,2024-08,streetview
data/images/warsaw/52.259289_20.962328_h90.jpg,warsaw,52.259289,20.962328,90,2024-08,streetview
data/images/warsaw/52.259289_20.962328_h180.jpg,warsaw,52.259289,20.962328,180,2024-08,streetview
data/images/warsaw/52.259289_20.962328_h270.jpg,warsaw,52.259289,20.962328,270,2024-08,streetview
data/images/warsaw/52.215092_21.043247_h0.jpg,warsaw,52.215092,21.043247,0,2024-08,streetview
data/images/warsaw/52.215092_21.043247_h90.jpg,warsaw,52.215092,21.043247,90,2024-08,streetview
data/images/warsaw/52.215092_21.043247_h180.jpg,warsaw,52.215092,21.043247,180,2024-08,streetview
data/images/warsaw/52.215092_21.043247_h270.jpg,warsaw,52.215092,21.043247,270,2024-08,streetview
data/images/warsaw/52.238807_21.076743_h0.jpg,warsaw,52.238807,21.076743,0,2022-06,streetview
data/images/warsaw/52.238807_21.076743_h90.jpg,warsaw,52.238807,21.076743,90,2022-06,streetview
data/images/warsaw/52.238807_21.076743_h180.jpg,warsaw,52.238807,21.076743,180,2022-06,streetview
data/images/warsaw/52.238807_21.076743_h270.jpg,warsaw,52.238807,21.076743,270,2022-06,streetview
data/images/warsaw/52.248509_20.981693_h0.jpg,warsaw,52.248509,20.981693,0,2021-08,streetview
data/images/warsaw/52.248509_20.981693_h90.jpg,warsaw,52.248509,20.981693,90,2021-08,streetview
data/images/warsaw/52.248509_20.981693_h180.jpg,warsaw,52.248509,20.981693,180,2021-08,streetview
data/images/warsaw/52.248509_20.981693_h270.jpg,warsaw,52.248509,20.981693,270,2021-08,streetview
data/images/warsaw/52.251743_20.976413_h0.jpg,warsaw,52.251743,20.976413,0,2021-04,streetview
data/images/warsaw/52.251743_20.976413_h90.jpg,warsaw,52.251743,20.976413,90,2021-04,streetview
data/images/warsaw/52.251743_20.976413_h180.jpg,warsaw,52.251743,20.976413,180,2021-04,streetview
data/images/warsaw/52.251743_20.976413_h270.jpg,warsaw,52.251743,20.976413,270,2021-04,streetview
data/images/warsaw/52.288394_21.055738_h0.jpg,warsaw,52.288394,21.055738,0,2022-05,streetview
data/images/warsaw/52.288394_21.055738_h90.jpg,warsaw,52.288394,21.055738,90,2022-05,streetview
data/images/warsaw/52.288394_21.055738_h180.jpg,warsaw,52.288394,21.055738,180,2022-05,streetview
data/images/warsaw/52.288394_21.055738_h270.jpg,warsaw,52.288394,21.055738,270,2022-05,streetview
data/images/warsaw/52.206468_21.04147_h0.jpg,warsaw,52.206468,21.04147,0,2024-08,streetview
data/images/warsaw/52.206468_21.04147_h90.jpg,warsaw,52.206468,21.04147,90,2024-08,streetview
data/images/warsaw/52.206468_21.04147_h180.jpg,warsaw,52.206468,21.04147,180,2024-08,streetview
data/images/warsaw/52.206468_21.04147_h270.jpg,warsaw,52.206468,21.04147,270,2024-08,streetview
data/images/warsaw/52.278692_20.976429_h0.jpg,warsaw,52.278692,20.976429,0,2026-04,streetview
data/images/warsaw/52.278692_20.976429_h90.jpg,warsaw,52.278692,20.976429,90,2026-04,streetview
data/images/warsaw/52.278692_20.976429_h180.jpg,warsaw,52.278692,20.976429,180,2026-04,streetview
data/images/warsaw/52.278692_20.976429_h270.jpg,warsaw,52.278692,20.976429,270,2026-04,streetview
data/images/warsaw/52.232339_20.990482_h0.jpg,warsaw,52.232339,20.990482,0,2025-07,streetview
data/images/warsaw/52.232339_20.990482_h90.jpg,warsaw,52.232339,20.990482,90,2025-07,streetview
data/images/warsaw/52.232339_20.990482_h180.jpg,warsaw,52.232339,20.990482,180,2025-07,streetview
data/images/warsaw/52.232339_20.990482_h270.jpg,warsaw,52.232339,20.990482,270,2025-07,streetview
data/images/warsaw/52.26899_21.016938_h0.jpg,warsaw,52.26899,21.016938,0,2024-08,streetview
data/images/warsaw/52.26899_21.016938_h90.jpg,warsaw,52.26899,21.016938,90,2024-08,streetview
data/images/warsaw/52.26899_21.016938_h180.jpg,warsaw,52.26899,21.016938,180,2024-08,streetview
data/images/warsaw/52.26899_21.016938_h270.jpg,warsaw,52.26899,21.016938,270,2024-08,streetview
data/images/warsaw/52.238807_21.05562_h0.jpg,warsaw,52.238807,21.05562,0,2024-08,streetview
data/images/warsaw/52.238807_21.05562_h90.jpg,warsaw,52.238807,21.05562,90,2024-08,streetview
data/images/warsaw/52.238807_21.05562_h180.jpg,warsaw,52.238807,21.05562,180,2024-08,streetview
data/images/warsaw/52.238807_21.05562_h270.jpg,warsaw,52.238807,21.05562,270,2024-08,streetview
data/images/warsaw/52.234495_21.06617_h0.jpg,warsaw,52.234495,21.06617,0,2024-08,streetview
data/images/warsaw/52.234495_21.06617_h90.jpg,warsaw,52.234495,21.06617,90,2024-08,streetview
data/images/warsaw/52.234495_21.06617_h180.jpg,warsaw,52.234495,21.06617,180,2024-08,streetview
data/images/warsaw/52.234495_21.06617_h270.jpg,warsaw,52.234495,21.06617,270,2024-08,streetview
data/images/warsaw/52.201078_21.001006_h0.jpg,warsaw,52.201078,21.001006,0,2024-09,streetview
data/images/warsaw/52.201078_21.001006_h90.jpg,warsaw,52.201078,21.001006,90,2024-09,streetview
data/images/warsaw/52.201078_21.001006_h180.jpg,warsaw,52.201078,21.001006,180,2024-09,streetview
data/images/warsaw/52.201078_21.001006_h270.jpg,warsaw,52.201078,21.001006,270,2024-09,streetview
data/images/warsaw/52.212936_20.965834_h0.jpg,warsaw,52.212936,20.965834,0,2024-07,streetview
data/images/warsaw/52.212936_20.965834_h90.jpg,warsaw,52.212936,20.965834,90,2024-07,streetview
data/images/warsaw/52.212936_20.965834_h180.jpg,warsaw,52.212936,20.965834,180,2024-07,streetview
data/images/warsaw/52.212936_20.965834_h270.jpg,warsaw,52.212936,20.965834,270,2024-07,streetview
data/images/warsaw/52.201078_21.008041_h0.jpg,warsaw,52.201078,21.008041,0,2020-09,streetview
data/images/warsaw/52.201078_21.008041_h90.jpg,warsaw,52.201078,21.008041,90,2020-09,streetview
data/images/warsaw/52.201078_21.008041_h180.jpg,warsaw,52.201078,21.008041,180,2020-09,streetview
data/images/warsaw/52.201078_21.008041_h270.jpg,warsaw,52.201078,21.008041,270,2020-09,streetview
data/images/warsaw/52.207546_21.060822_h0.jpg,warsaw,52.207546,21.060822,0,2024-08,streetview
data/images/warsaw/52.207546_21.060822_h90.jpg,warsaw,52.207546,21.060822,90,2024-08,streetview
data/images/warsaw/52.207546_21.060822_h180.jpg,warsaw,52.207546,21.060822,180,2024-08,streetview
data/images/warsaw/52.207546_21.060822_h270.jpg,warsaw,52.207546,21.060822,270,2024-08,streetview
data/images/warsaw/52.246353_20.979931_h0.jpg,warsaw,52.246353,20.979931,0,2019-10,streetview
data/images/warsaw/52.246353_20.979931_h90.jpg,warsaw,52.246353,20.979931,90,2019-10,streetview
data/images/warsaw/52.246353_20.979931_h180.jpg,warsaw,52.246353,20.979931,180,2019-10,streetview
data/images/warsaw/52.246353_20.979931_h270.jpg,warsaw,52.246353,20.979931,270,2019-10,streetview
data/images/warsaw/52.240963_21.013375_h0.jpg,warsaw,52.240963,21.013375,0,2019-08,streetview
data/images/warsaw/52.240963_21.013375_h90.jpg,warsaw,52.240963,21.013375,90,2019-08,streetview
data/images/warsaw/52.240963_21.013375_h180.jpg,warsaw,52.240963,21.013375,180,2019-08,streetview
data/images/warsaw/52.240963_21.013375_h270.jpg,warsaw,52.240963,21.013375,270,2019-08,streetview
data/images/warsaw/52.265756_21.041593_h0.jpg,warsaw,52.265756,21.041593,0,2024-08,streetview
data/images/warsaw/52.265756_21.041593_h90.jpg,warsaw,52.265756,21.041593,90,2024-08,streetview
data/images/warsaw/52.265756_21.041593_h180.jpg,warsaw,52.265756,21.041593,180,2024-08,streetview
data/images/warsaw/52.265756_21.041593_h270.jpg,warsaw,52.265756,21.041593,270,2024-08,streetview
data/images/warsaw/52.247431_20.965846_h0.jpg,warsaw,52.247431,20.965846,0,2024-08,streetview
data/images/warsaw/52.247431_20.965846_h90.jpg,warsaw,52.247431,20.965846,90,2024-08,streetview
data/images/warsaw/52.247431_20.965846_h180.jpg,warsaw,52.247431,20.965846,180,2024-08,streetview
data/images/warsaw/52.247431_20.965846_h270.jpg,warsaw,52.247431,20.965846,270,2024-08,streetview
data/images/warsaw/52.239885_21.041539_h0.jpg,warsaw,52.239885,21.041539,0,2025-10,streetview
data/images/warsaw/52.239885_21.041539_h90.jpg,warsaw,52.239885,21.041539,90,2025-10,streetview
data/images/warsaw/52.239885_21.041539_h180.jpg,warsaw,52.239885,21.041539,180,2025-10,streetview
data/images/warsaw/52.239885_21.041539_h270.jpg,warsaw,52.239885,21.041539,270,2025-10,streetview
data/images/warsaw/52.278692_21.078619_h0.jpg,warsaw,52.278692,21.078619,0,2022-09,streetview
data/images/warsaw/52.278692_21.078619_h90.jpg,warsaw,52.278692,21.078619,90,2022-09,streetview
data/images/warsaw/52.278692_21.078619_h180.jpg,warsaw,52.278692,21.078619,180,2022-09,streetview
data/images/warsaw/52.278692_21.078619_h270.jpg,warsaw,52.278692,21.078619,270,2022-09,streetview
data/images/warsaw/52.281926_20.957048_h0.jpg,warsaw,52.281926,20.957048,0,2025-10,streetview
data/images/warsaw/52.281926_20.957048_h90.jpg,warsaw,52.281926,20.957048,90,2025-10,streetview
data/images/warsaw/52.281926_20.957048_h180.jpg,warsaw,52.281926,20.957048,180,2025-10,streetview
data/images/warsaw/52.281926_20.957048_h270.jpg,warsaw,52.281926,20.957048,270,2025-10,streetview
data/images/warsaw/52.201078_20.951759_h0.jpg,warsaw,52.201078,20.951759,0,2022-07,streetview
data/images/warsaw/52.201078_20.951759_h90.jpg,warsaw,52.201078,20.951759,90,2022-07,streetview
data/images/warsaw/52.201078_20.951759_h180.jpg,warsaw,52.201078,20.951759,180,2022-07,streetview
data/images/warsaw/52.201078_20.951759_h270.jpg,warsaw,52.201078,20.951759,270,2022-07,streetview
data/images/warsaw/52.232339_20.986961_h0.jpg,warsaw,52.232339,20.986961,0,2019-11,streetview
data/images/warsaw/52.232339_20.986961_h90.jpg,warsaw,52.232339,20.986961,90,2019-11,streetview
data/images/warsaw/52.232339_20.986961_h180.jpg,warsaw,52.232339,20.986961,180,2019-11,streetview
data/images/warsaw/52.232339_20.986961_h270.jpg,warsaw,52.232339,20.986961,270,2019-11,streetview
data/images/warsaw/52.223715_21.062623_h0.jpg,warsaw,52.223715,21.062623,0,2018-09,streetview
data/images/warsaw/52.223715_21.062623_h90.jpg,warsaw,52.223715,21.062623,90,2018-09,streetview
data/images/warsaw/52.223715_21.062623_h180.jpg,warsaw,52.223715,21.062623,180,2018-09,streetview
data/images/warsaw/52.223715_21.062623_h270.jpg,warsaw,52.223715,21.062623,270,2018-09,streetview
data/images/warsaw/52.251743_21.066215_h0.jpg,warsaw,52.251743,21.066215,0,2024-08,streetview
data/images/warsaw/52.251743_21.066215_h90.jpg,warsaw,52.251743,21.066215,90,2024-08,streetview
data/images/warsaw/52.251743_21.066215_h180.jpg,warsaw,52.251743,21.066215,180,2024-08,streetview
data/images/warsaw/52.251743_21.066215_h270.jpg,warsaw,52.251743,21.066215,270,2024-08,streetview
data/images/warsaw/52.270068_21.071548_h0.jpg,warsaw,52.270068,21.071548,0,2024-08,streetview
data/images/warsaw/52.270068_21.071548_h90.jpg,warsaw,52.270068,21.071548,90,2024-08,streetview
data/images/warsaw/52.270068_21.071548_h180.jpg,warsaw,52.270068,21.071548,180,2024-08,streetview
data/images/warsaw/52.270068_21.071548_h270.jpg,warsaw,52.270068,21.071548,270,2024-08,streetview
data/images/warsaw/52.206468_20.978145_h0.jpg,warsaw,52.206468,20.978145,0,2024-07,streetview
data/images/warsaw/52.206468_20.978145_h90.jpg,warsaw,52.206468,20.978145,90,2024-07,streetview
data/images/warsaw/52.206468_20.978145_h180.jpg,warsaw,52.206468,20.978145,180,2024-07,streetview
data/images/warsaw/52.206468_20.978145_h270.jpg,warsaw,52.206468,20.978145,270,2024-07,streetview
data/images/warsaw/52.233417_20.969361_h0.jpg,warsaw,52.233417,20.969361,0,2020-09,streetview
data/images/warsaw/52.233417_20.969361_h90.jpg,warsaw,52.233417,20.969361,90,2020-09,streetview
data/images/warsaw/52.233417_20.969361_h180.jpg,warsaw,52.233417,20.969361,180,2020-09,streetview
data/images/warsaw/52.233417_20.969361_h270.jpg,warsaw,52.233417,20.969361,270,2020-09,streetview
data/images/warsaw/52.222637_21.076697_h0.jpg,warsaw,52.222637,21.076697,0,2022-03,streetview
data/images/warsaw/52.222637_21.076697_h90.jpg,warsaw,52.222637,21.076697,90,2022-03,streetview
data/images/warsaw/52.222637_21.076697_h180.jpg,warsaw,52.222637,21.076697,180,2022-03,streetview
data/images/warsaw/52.222637_21.076697_h270.jpg,warsaw,52.222637,21.076697,270,2022-03,streetview
data/images/warsaw/52.250665_21.059169_h0.jpg,warsaw,52.250665,21.059169,0,2024-08,streetview
data/images/warsaw/52.250665_21.059169_h90.jpg,warsaw,52.250665,21.059169,90,2024-08,streetview
data/images/warsaw/52.250665_21.059169_h180.jpg,warsaw,52.250665,21.059169,180,2024-08,streetview
data/images/warsaw/52.250665_21.059169_h270.jpg,warsaw,52.250665,21.059169,270,2024-08,streetview
data/images/warsaw/52.248509_20.955282_h0.jpg,warsaw,52.248509,20.955282,0,2022-06,streetview
data/images/warsaw/52.248509_20.955282_h90.jpg,warsaw,52.248509,20.955282,90,2022-06,streetview
data/images/warsaw/52.248509_20.955282_h180.jpg,warsaw,52.248509,20.955282,180,2022-06,streetview
data/images/warsaw/52.248509_20.955282_h270.jpg,warsaw,52.248509,20.955282,270,2022-06,streetview
data/images/warsaw/52.20539_21.013324_h0.jpg,warsaw,52.20539,21.013324,0,2022-07,streetview
data/images/warsaw/52.20539_21.013324_h90.jpg,warsaw,52.20539,21.013324,90,2022-07,streetview
data/images/warsaw/52.20539_21.013324_h180.jpg,warsaw,52.20539,21.013324,180,2022-07,streetview
data/images/warsaw/52.20539_21.013324_h270.jpg,warsaw,52.20539,21.013324,270,2022-07,streetview
data/images/warsaw/52.222637_21.06086_h0.jpg,warsaw,52.222637,21.06086,0,2023-01,streetview
data/images/warsaw/52.222637_21.06086_h90.jpg,warsaw,52.222637,21.06086,90,2023-01,streetview
data/images/warsaw/52.222637_21.06086_h180.jpg,warsaw,52.222637,21.06086,180,2023-01,streetview
data/images/warsaw/52.222637_21.06086_h270.jpg,warsaw,52.222637,21.06086,270,2023-01,streetview
data/images/warsaw/52.247431_21.075007_h0.jpg,warsaw,52.247431,21.075007,0,2024-08,streetview
data/images/warsaw/52.247431_21.075007_h90.jpg,warsaw,52.247431,21.075007,90,2024-08,streetview
data/images/warsaw/52.247431_21.075007_h180.jpg,warsaw,52.247431,21.075007,180,2024-08,streetview
data/images/warsaw/52.247431_21.075007_h270.jpg,warsaw,52.247431,21.075007,270,2024-08,streetview
data/images/warsaw/52.207546_21.029159_h0.jpg,warsaw,52.207546,21.029159,0,2024-09,streetview
data/images/warsaw/52.207546_21.029159_h90.jpg,warsaw,52.207546,21.029159,90,2024-09,streetview
data/images/warsaw/52.207546_21.029159_h180.jpg,warsaw,52.207546,21.029159,180,2024-09,streetview
data/images/warsaw/52.207546_21.029159_h270.jpg,warsaw,52.207546,21.029159,270,2024-09,streetview
data/images/warsaw/52.240963_21.015135_h0.jpg,warsaw,52.240963,21.015135,0,2021-12,streetview
data/images/warsaw/52.240963_21.015135_h90.jpg,warsaw,52.240963,21.015135,90,2021-12,streetview
data/images/warsaw/52.240963_21.015135_h180.jpg,warsaw,52.240963,21.015135,180,2021-12,streetview
data/images/warsaw/52.240963_21.015135_h270.jpg,warsaw,52.240963,21.015135,270,2021-12,streetview
data/images/warsaw/52.232339_20.978161_h0.jpg,warsaw,52.232339,20.978161,0,2022-06,streetview
data/images/warsaw/52.232339_20.978161_h90.jpg,warsaw,52.232339,20.978161,90,2022-06,streetview
data/images/warsaw/52.232339_20.978161_h180.jpg,warsaw,52.232339,20.978161,180,2022-06,streetview
data/images/warsaw/52.232339_20.978161_h270.jpg,warsaw,52.232339,20.978161,270,2022-06,streetview
data/images/warsaw/52.247431_21.041555_h0.jpg,warsaw,52.247431,21.041555,0,2024-08,streetview
data/images/warsaw/52.247431_21.041555_h90.jpg,warsaw,52.247431,21.041555,90,2024-08,streetview
data/images/warsaw/52.247431_21.041555_h180.jpg,warsaw,52.247431,21.041555,180,2024-08,streetview
data/images/warsaw/52.247431_21.041555_h270.jpg,warsaw,52.247431,21.041555,270,2024-08,streetview
data/images/warsaw/52.271146_20.951762_h0.jpg,warsaw,52.271146,20.951762,0,2020-09,streetview
data/images/warsaw/52.271146_20.951762_h90.jpg,warsaw,52.271146,20.951762,90,2020-09,streetview
data/images/warsaw/52.271146_20.951762_h180.jpg,warsaw,52.271146,20.951762,180,2020-09,streetview
data/images/warsaw/52.271146_20.951762_h270.jpg,warsaw,52.271146,20.951762,270,2020-09,streetview
data/images/warsaw/52.203234_21.01508_h0.jpg,warsaw,52.203234,21.01508,0,2024-09,streetview
data/images/warsaw/52.203234_21.01508_h90.jpg,warsaw,52.203234,21.01508,90,2024-09,streetview
data/images/warsaw/52.203234_21.01508_h180.jpg,warsaw,52.203234,21.01508,180,2024-09,streetview
data/images/warsaw/52.203234_21.01508_h270.jpg,warsaw,52.203234,21.01508,270,2024-09,streetview
data/images/warsaw/52.235573_20.979923_h0.jpg,warsaw,52.235573,20.979923,0,2024-08,streetview
data/images/warsaw/52.235573_20.979923_h90.jpg,warsaw,52.235573,20.979923,90,2024-08,streetview
data/images/warsaw/52.235573_20.979923_h180.jpg,warsaw,52.235573,20.979923,180,2024-08,streetview
data/images/warsaw/52.235573_20.979923_h270.jpg,warsaw,52.235573,20.979923,270,2024-08,streetview
data/images/warsaw/52.251743_20.978173_h0.jpg,warsaw,52.251743,20.978173,0,2021-04,streetview
data/images/warsaw/52.251743_20.978173_h90.jpg,warsaw,52.251743,20.978173,90,2021-04,streetview
data/images/warsaw/52.251743_20.978173_h180.jpg,warsaw,52.251743,20.978173,180,2021-04,streetview
data/images/warsaw/52.251743_20.978173_h270.jpg,warsaw,52.251743,20.978173,270,2021-04,streetview
data/images/warsaw/52.242041_20.994011_h0.jpg,warsaw,52.242041,20.994011,0,2021-08,streetview
data/images/warsaw/52.242041_20.994011_h90.jpg,warsaw,52.242041,20.994011,90,2021-08,streetview
data/images/warsaw/52.242041_20.994011_h180.jpg,warsaw,52.242041,20.994011,180,2021-08,streetview
data/images/warsaw/52.242041_20.994011_h270.jpg,warsaw,52.242041,20.994011,270,2021-08,streetview
data/images/warsaw/52.257133_20.979938_h0.jpg,warsaw,52.257133,20.979938,0,2023-04,streetview
data/images/warsaw/52.257133_20.979938_h90.jpg,warsaw,52.257133,20.979938,90,2023-04,streetview
data/images/warsaw/52.257133_20.979938_h180.jpg,warsaw,52.257133,20.979938,180,2023-04,streetview
data/images/warsaw/52.257133_20.979938_h270.jpg,warsaw,52.257133,20.979938,270,2023-04,streetview
data/images/warsaw/52.280848_21.07334_h0.jpg,warsaw,52.280848,21.07334,0,2022-05,streetview
data/images/warsaw/52.280848_21.07334_h90.jpg,warsaw,52.280848,21.07334,90,2022-05,streetview
data/images/warsaw/52.280848_21.07334_h180.jpg,warsaw,52.280848,21.07334,180,2022-05,streetview
data/images/warsaw/52.280848_21.07334_h270.jpg,warsaw,52.280848,21.07334,270,2022-05,streetview
data/images/warsaw/52.224793_20.969357_h0.jpg,warsaw,52.224793,20.969357,0,2024-08,streetview
data/images/warsaw/52.224793_20.969357_h90.jpg,warsaw,52.224793,20.969357,90,2024-08,streetview
data/images/warsaw/52.224793_20.969357_h180.jpg,warsaw,52.224793,20.969357,180,2024-08,streetview
data/images/warsaw/52.224793_20.969357_h270.jpg,warsaw,52.224793,20.969357,270,2024-08,streetview
data/images/warsaw/52.242041_21.001053_h0.jpg,warsaw,52.242041,21.001053,0,2024-08,streetview
data/images/warsaw/52.242041_21.001053_h90.jpg,warsaw,52.242041,21.001053,90,2024-08,streetview
data/images/warsaw/52.242041_21.001053_h180.jpg,warsaw,52.242041,21.001053,180,2024-08,streetview
data/images/warsaw/52.242041_21.001053_h270.jpg,warsaw,52.242041,21.001053,270,2024-08,streetview
data/images/warsaw/52.261444_20.967612_h0.jpg,warsaw,52.261444,20.967612,0,2024-08,streetview
data/images/warsaw/52.261444_20.967612_h90.jpg,warsaw,52.261444,20.967612,90,2024-08,streetview
data/images/warsaw/52.261444_20.967612_h180.jpg,warsaw,52.261444,20.967612,180,2024-08,streetview
data/images/warsaw/52.261444_20.967612_h270.jpg,warsaw,52.261444,20.967612,270,2024-08,streetview
data/images/warsaw/52.252821_21.004587_h0.jpg,warsaw,52.252821,21.004587,0,2024-08,streetview
data/images/warsaw/52.252821_21.004587_h90.jpg,warsaw,52.252821,21.004587,90,2024-08,streetview
data/images/warsaw/52.252821_21.004587_h180.jpg,warsaw,52.252821,21.004587,180,2024-08,streetview
data/images/warsaw/52.252821_21.004587_h270.jpg,warsaw,52.252821,21.004587,270,2024-08,streetview
data/images/warsaw/52.258211_21.002833_h0.jpg,warsaw,52.258211,21.002833,0,2024-08,streetview
data/images/warsaw/52.258211_21.002833_h90.jpg,warsaw,52.258211,21.002833,90,2024-08,streetview
data/images/warsaw/52.258211_21.002833_h180.jpg,warsaw,52.258211,21.002833,180,2024-08,streetview
data/images/warsaw/52.258211_21.002833_h270.jpg,warsaw,52.258211,21.002833,270,2024-08,streetview
data/images/warsaw/52.284082_21.073349_h0.jpg,warsaw,52.284082,21.073349,0,2018-08,streetview
data/images/warsaw/52.284082_21.073349_h90.jpg,warsaw,52.284082,21.073349,90,2018-08,streetview
data/images/warsaw/52.284082_21.073349_h180.jpg,warsaw,52.284082,21.073349,180,2018-08,streetview
data/images/warsaw/52.284082_21.073349_h270.jpg,warsaw,52.284082,21.073349,270,2018-08,streetview
data/images/warsaw/52.209702_21.059069_h0.jpg,warsaw,52.209702,21.059069,0,2023-01,streetview
data/images/warsaw/52.209702_21.059069_h90.jpg,warsaw,52.209702,21.059069,90,2023-01,streetview
data/images/warsaw/52.209702_21.059069_h180.jpg,warsaw,52.209702,21.059069,180,2023-01,streetview
data/images/warsaw/52.209702_21.059069_h270.jpg,warsaw,52.209702,21.059069,270,2023-01,streetview
data/images/warsaw/52.209702_21.067865_h0.jpg,warsaw,52.209702,21.067865,0,2019-09,streetview
data/images/warsaw/52.209702_21.067865_h90.jpg,warsaw,52.209702,21.067865,90,2019-09,streetview
data/images/warsaw/52.209702_21.067865_h180.jpg,warsaw,52.209702,21.067865,180,2019-09,streetview
data/images/warsaw/52.209702_21.067865_h270.jpg,warsaw,52.209702,21.067865,270,2019-09,streetview
data/images/warsaw/52.237729_21.01513_h0.jpg,warsaw,52.237729,21.01513,0,2020-10,streetview
data/images/warsaw/52.237729_21.01513_h90.jpg,warsaw,52.237729,21.01513,90,2020-10,streetview
data/images/warsaw/52.237729_21.01513_h180.jpg,warsaw,52.237729,21.01513,180,2020-10,streetview
data/images/warsaw/52.237729_21.01513_h270.jpg,warsaw,52.237729,21.01513,270,2020-10,streetview
data/images/warsaw/52.280848_21.01167_h0.jpg,warsaw,52.280848,21.01167,0,2024-08,streetview
data/images/warsaw/52.280848_21.01167_h90.jpg,warsaw,52.280848,21.01167,90,2024-08,streetview
data/images/warsaw/52.280848_21.01167_h180.jpg,warsaw,52.280848,21.01167,180,2024-08,streetview
data/images/warsaw/52.280848_21.01167_h270.jpg,warsaw,52.280848,21.01167,270,2024-08,streetview
data/images/warsaw/52.278692_20.951762_h0.jpg,warsaw,52.278692,20.951762,0,2020-09,streetview
data/images/warsaw/52.278692_20.951762_h90.jpg,warsaw,52.278692,20.951762,90,2020-09,streetview
data/images/warsaw/52.278692_20.951762_h180.jpg,warsaw,52.278692,20.951762,180,2020-09,streetview
data/images/warsaw/52.278692_20.951762_h270.jpg,warsaw,52.278692,20.951762,270,2020-09,streetview
data/images/warsaw/52.233417_21.053847_h0.jpg,warsaw,52.233417,21.053847,0,2018-04,streetview
data/images/warsaw/52.233417_21.053847_h90.jpg,warsaw,52.233417,21.053847,90,2018-04,streetview
data/images/warsaw/52.233417_21.053847_h180.jpg,warsaw,52.233417,21.053847,180,2018-04,streetview
data/images/warsaw/52.233417_21.053847_h270.jpg,warsaw,52.233417,21.053847,270,2018-04,streetview
data/images/warsaw/52.286238_21.025775_h0.jpg,warsaw,52.286238,21.025775,0,2022-05,streetview
data/images/warsaw/52.286238_21.025775_h90.jpg,warsaw,52.286238,21.025775,90,2022-05,streetview
data/images/warsaw/52.286238_21.025775_h180.jpg,warsaw,52.286238,21.025775,180,2022-05,streetview
data/images/warsaw/52.286238_21.025775_h270.jpg,warsaw,52.286238,21.025775,270,2022-05,streetview
data/images/warsaw/52.232339_21.006322_h0.jpg,warsaw,52.232339,21.006322,0,2025-11,streetview
data/images/warsaw/52.232339_21.006322_h90.jpg,warsaw,52.232339,21.006322,90,2025-11,streetview
data/images/warsaw/52.232339_21.006322_h180.jpg,warsaw,52.232339,21.006322,180,2025-11,streetview
data/images/warsaw/52.232339_21.006322_h270.jpg,warsaw,52.232339,21.006322,270,2025-11,streetview
data/images/warsaw/52.215092_20.958797_h0.jpg,warsaw,52.215092,20.958797,0,2025-10,streetview
data/images/warsaw/52.215092_20.958797_h90.jpg,warsaw,52.215092,20.958797,90,2025-10,streetview
data/images/warsaw/52.215092_20.958797_h180.jpg,warsaw,52.215092,20.958797,180,2025-10,streetview
data/images/warsaw/52.215092_20.958797_h270.jpg,warsaw,52.215092,20.958797,270,2025-10,streetview
data/images/warsaw/52.287316_21.05926_h0.jpg,warsaw,52.287316,21.05926,0,2022-05,streetview
data/images/warsaw/52.287316_21.05926_h90.jpg,warsaw,52.287316,21.05926,90,2022-05,streetview
data/images/warsaw/52.287316_21.05926_h180.jpg,warsaw,52.287316,21.05926,180,2022-05,streetview
data/images/warsaw/52.287316_21.05926_h270.jpg,warsaw,52.287316,21.05926,270,2022-05,streetview
data/images/warsaw/52.20539_21.023878_h0.jpg,warsaw,52.20539,21.023878,0,2023-05,streetview
data/images/warsaw/52.20539_21.023878_h90.jpg,warsaw,52.20539,21.023878,90,2023-05,streetview
data/images/warsaw/52.20539_21.023878_h180.jpg,warsaw,52.20539,21.023878,180,2023-05,streetview
data/images/warsaw/52.20539_21.023878_h270.jpg,warsaw,52.20539,21.023878,270,2023-05,streetview
data/images/warsaw/52.267912_21.073304_h0.jpg,warsaw,52.267912,21.073304,0,2019-08,streetview
data/images/warsaw/52.267912_21.073304_h90.jpg,warsaw,52.267912,21.073304,90,2019-08,streetview
data/images/warsaw/52.267912_21.073304_h180.jpg,warsaw,52.267912,21.073304,180,2019-08,streetview
data/images/warsaw/52.267912_21.073304_h270.jpg,warsaw,52.267912,21.073304,270,2019-08,streetview
data/images/warsaw/52.218326_20.981671_h0.jpg,warsaw,52.218326,20.981671,0,2019-11,streetview
data/images/warsaw/52.218326_20.981671_h90.jpg,warsaw,52.218326,20.981671,90,2019-11,streetview
data/images/warsaw/52.218326_20.981671_h180.jpg,warsaw,52.218326,20.981671,180,2019-11,streetview
data/images/warsaw/52.218326_20.981671_h270.jpg,warsaw,52.218326,20.981671,270,2019-11,streetview
data/images/warsaw/52.2_21.016834_h0.jpg,warsaw,52.2,21.016834,0,2022-07,streetview
data/images/warsaw/52.2_21.016834_h90.jpg,warsaw,52.2,21.016834,90,2022-07,streetview
data/images/warsaw/52.2_21.016834_h180.jpg,warsaw,52.2,21.016834,180,2022-07,streetview
data/images/warsaw/52.2_21.016834_h270.jpg,warsaw,52.2,21.016834,270,2022-07,streetview
data/images/warsaw/52.236651_21.02041_h0.jpg,warsaw,52.236651,21.02041,0,2024-08,streetview
data/images/warsaw/52.236651_21.02041_h90.jpg,warsaw,52.236651,21.02041,90,2024-08,streetview
data/images/warsaw/52.236651_21.02041_h180.jpg,warsaw,52.236651,21.02041,180,2024-08,streetview
data/images/warsaw/52.236651_21.02041_h270.jpg,warsaw,52.236651,21.02041,270,2024-08,streetview
data/images/warsaw/52.283004_21.057487_h0.jpg,warsaw,52.283004,21.057487,0,2022-06,streetview
data/images/warsaw/52.283004_21.057487_h90.jpg,warsaw,52.283004,21.057487,90,2022-06,streetview
data/images/warsaw/52.283004_21.057487_h180.jpg,warsaw,52.283004,21.057487,180,2022-06,streetview
data/images/warsaw/52.283004_21.057487_h270.jpg,warsaw,52.283004,21.057487,270,2022-06,streetview
data/images/warsaw/52.280848_21.06453_h0.jpg,warsaw,52.280848,21.06453,0,2022-05,streetview
data/images/warsaw/52.280848_21.06453_h90.jpg,warsaw,52.280848,21.06453,90,2022-05,streetview
data/images/warsaw/52.280848_21.06453_h180.jpg,warsaw,52.280848,21.06453,180,2022-05,streetview
data/images/warsaw/52.280848_21.06453_h270.jpg,warsaw,52.280848,21.06453,270,2022-05,streetview
data/images/warsaw/52.289472_21.068077_h0.jpg,warsaw,52.289472,21.068077,0,2022-05,streetview
data/images/warsaw/52.289472_21.068077_h90.jpg,warsaw,52.289472,21.068077,90,2022-05,streetview
data/images/warsaw/52.289472_21.068077_h180.jpg,warsaw,52.289472,21.068077,180,2022-05,streetview
data/images/warsaw/52.289472_21.068077_h270.jpg,warsaw,52.289472,21.068077,270,2022-05,streetview
data/images/warsaw/52.27438_21.039849_h0.jpg,warsaw,52.27438,21.039849,0,2022-05,streetview
data/images/warsaw/52.27438_21.039849_h90.jpg,warsaw,52.27438,21.039849,90,2022-05,streetview
data/images/warsaw/52.27438_21.039849_h180.jpg,warsaw,52.27438,21.039849,180,2022-05,streetview
data/images/warsaw/52.27438_21.039849_h270.jpg,warsaw,52.27438,21.039849,270,2022-05,streetview
data/images/warsaw/52.211858_21.046759_h0.jpg,warsaw,52.211858,21.046759,0,2022-05,streetview
data/images/warsaw/52.211858_21.046759_h90.jpg,warsaw,52.211858,21.046759,90,2022-05,streetview
data/images/warsaw/52.211858_21.046759_h180.jpg,warsaw,52.211858,21.046759,180,2022-05,streetview
data/images/warsaw/52.211858_21.046759_h270.jpg,warsaw,52.211858,21.046759,270,2022-05,streetview
data/images/warsaw/52.284082_21.053965_h0.jpg,warsaw,52.284082,21.053965,0,2022-05,streetview
data/images/warsaw/52.284082_21.053965_h90.jpg,warsaw,52.284082,21.053965,90,2022-05,streetview
data/images/warsaw/52.284082_21.053965_h180.jpg,warsaw,52.284082,21.053965,180,2022-05,streetview
data/images/warsaw/52.284082_21.053965_h270.jpg,warsaw,52.284082,21.053965,270,2022-05,streetview
data/images/warsaw/52.280848_21.05572_h0.jpg,warsaw,52.280848,21.05572,0,2022-05,streetview
data/images/warsaw/52.280848_21.05572_h90.jpg,warsaw,52.280848,21.05572,90,2022-05,streetview
data/images/warsaw/52.280848_21.05572_h180.jpg,warsaw,52.280848,21.05572,180,2022-05,streetview
data/images/warsaw/52.280848_21.05572_h270.jpg,warsaw,52.280848,21.05572,270,2022-05,streetview
data/images/warsaw/52.206468_21.030916_h0.jpg,warsaw,52.206468,21.030916,0,2022-07,streetview
data/images/warsaw/52.206468_21.030916_h90.jpg,warsaw,52.206468,21.030916,90,2022-07,streetview
data/images/warsaw/52.206468_21.030916_h180.jpg,warsaw,52.206468,21.030916,180,2022-07,streetview
data/images/warsaw/52.206468_21.030916_h270.jpg,warsaw,52.206468,21.030916,270,2022-07,streetview
data/images/warsaw/52.277614_21.048665_h0.jpg,warsaw,52.277614,21.048665,0,2023-04,streetview
data/images/warsaw/52.277614_21.048665_h90.jpg,warsaw,52.277614,21.048665,90,2023-04,streetview
data/images/warsaw/52.277614_21.048665_h180.jpg,warsaw,52.277614,21.048665,180,2023-04,streetview
data/images/warsaw/52.277614_21.048665_h270.jpg,warsaw,52.277614,21.048665,270,2023-04,streetview
data/images/warsaw/52.204312_21.013323_h0.jpg,warsaw,52.204312,21.013323,0,2022-07,streetview
data/images/warsaw/52.204312_21.013323_h90.jpg,warsaw,52.204312,21.013323,90,2022-07,streetview
data/images/warsaw/52.204312_21.013323_h180.jpg,warsaw,52.204312,21.013323,180,2022-07,streetview
data/images/warsaw/52.204312_21.013323_h270.jpg,warsaw,52.204312,21.013323,270,2022-07,streetview
data/images/warsaw/52.236651_21.053854_h0.jpg,warsaw,52.236651,21.053854,0,2018-07,streetview
data/images/warsaw/52.236651_21.053854_h90.jpg,warsaw,52.236651,21.053854,90,2018-07,streetview
data/images/warsaw/52.236651_21.053854_h180.jpg,warsaw,52.236651,21.053854,180,2018-07,streetview
data/images/warsaw/52.236651_21.053854_h270.jpg,warsaw,52.236651,21.053854,270,2018-07,streetview
data/images/warsaw/52.254977_20.951761_h0.jpg,warsaw,52.254977,20.951761,0,2025-09,streetview
data/images/warsaw/52.254977_20.951761_h90.jpg,warsaw,52.254977,20.951761,90,2025-09,streetview
data/images/warsaw/52.254977_20.951761_h180.jpg,warsaw,52.254977,20.951761,180,2025-09,streetview
data/images/warsaw/52.254977_20.951761_h270.jpg,warsaw,52.254977,20.951761,270,2025-09,streetview
data/images/warsaw/52.230183_21.076719_h0.jpg,warsaw,52.230183,21.076719,0,2018-03,streetview
data/images/warsaw/52.230183_21.076719_h90.jpg,warsaw,52.230183,21.076719,90,2018-03,streetview
data/images/warsaw/52.230183_21.076719_h180.jpg,warsaw,52.230183,21.076719,180,2018-03,streetview
data/images/warsaw/52.230183_21.076719_h270.jpg,warsaw,52.230183,21.076719,270,2018-03,streetview
data/images/warsaw/52.231261_20.95352_h0.jpg,warsaw,52.231261,20.95352,0,2020-09,streetview
data/images/warsaw/52.231261_20.95352_h90.jpg,warsaw,52.231261,20.95352,90,2020-09,streetview
data/images/warsaw/52.231261_20.95352_h180.jpg,warsaw,52.231261,20.95352,180,2020-09,streetview
data/images/warsaw/52.231261_20.95352_h270.jpg,warsaw,52.231261,20.95352,270,2020-09,streetview
data/images/warsaw/52.27438_20.953523_h0.jpg,warsaw,52.27438,20.953523,0,2021-09,streetview
data/images/warsaw/52.27438_20.953523_h90.jpg,warsaw,52.27438,20.953523,90,2021-09,streetview
data/images/warsaw/52.27438_20.953523_h180.jpg,warsaw,52.27438,20.953523,180,2021-09,streetview
data/images/warsaw/52.27438_20.953523_h270.jpg,warsaw,52.27438,20.953523,270,2021-09,streetview
data/images/warsaw/52.208624_20.951759_h0.jpg,warsaw,52.208624,20.951759,0,2022-07,streetview
data/images/warsaw/52.208624_20.951759_h90.jpg,warsaw,52.208624,20.951759,90,2022-07,streetview
data/images/warsaw/52.208624_20.951759_h180.jpg,warsaw,52.208624,20.951759,180,2022-07,streetview
data/images/warsaw/52.208624_20.951759_h270.jpg,warsaw,52.208624,20.951759,270,2022-07,streetview
data/images/warsaw/52.252821_21.041566_h0.jpg,warsaw,52.252821,21.041566,0,2024-08,streetview
data/images/warsaw/52.252821_21.041566_h90.jpg,warsaw,52.252821,21.041566,90,2024-08,streetview
data/images/warsaw/52.252821_21.041566_h180.jpg,warsaw,52.252821,21.041566,180,2024-08,streetview
data/images/warsaw/52.252821_21.041566_h270.jpg,warsaw,52.252821,21.041566,270,2024-08,streetview
data/images/warsaw/52.217248_20.960557_h0.jpg,warsaw,52.217248,20.960557,0,2025-10,streetview
data/images/warsaw/52.217248_20.960557_h90.jpg,warsaw,52.217248,20.960557,90,2025-10,streetview
data/images/warsaw/52.217248_20.960557_h180.jpg,warsaw,52.217248,20.960557,180,2025-10,streetview
data/images/warsaw/52.217248_20.960557_h270.jpg,warsaw,52.217248,20.960557,270,2025-10,streetview
data/images/warsaw/52.2_21.030904_h0.jpg,warsaw,52.2,21.030904,0,2022-07,streetview
data/images/warsaw/52.2_21.030904_h90.jpg,warsaw,52.2,21.030904,90,2022-07,streetview
data/images/warsaw/52.2_21.030904_h180.jpg,warsaw,52.2,21.030904,180,2022-07,streetview
data/images/warsaw/52.2_21.030904_h270.jpg,warsaw,52.2,21.030904,270,2022-07,streetview
data/images/warsaw/52.211858_21.013333_h0.jpg,warsaw,52.211858,21.013333,0,2024-08,streetview
data/images/warsaw/52.211858_21.013333_h90.jpg,warsaw,52.211858,21.013333,90,2024-08,streetview
data/images/warsaw/52.211858_21.013333_h180.jpg,warsaw,52.211858,21.013333,180,2024-08,streetview
data/images/warsaw/52.211858_21.013333_h270.jpg,warsaw,52.211858,21.013333,270,2024-08,streetview
data/images/warsaw/52.223715_21.030947_h0.jpg,warsaw,52.223715,21.030947,0,2018-03,streetview
data/images/warsaw/52.223715_21.030947_h90.jpg,warsaw,52.223715,21.030947,90,2018-03,streetview
data/images/warsaw/52.223715_21.030947_h180.jpg,warsaw,52.223715,21.030947,180,2018-03,streetview
data/images/warsaw/52.223715_21.030947_h270.jpg,warsaw,52.223715,21.030947,270,2018-03,streetview
data/images/warsaw/52.230183_21.067919_h0.jpg,warsaw,52.230183,21.067919,0,2023-05,streetview
data/images/warsaw/52.230183_21.067919_h90.jpg,warsaw,52.230183,21.067919,90,2023-05,streetview
data/images/warsaw/52.230183_21.067919_h180.jpg,warsaw,52.230183,21.067919,180,2023-05,streetview
data/images/warsaw/52.230183_21.067919_h270.jpg,warsaw,52.230183,21.067919,270,2023-05,streetview
data/images/warsaw/52.20539_20.98518_h0.jpg,warsaw,52.20539,20.98518,0,2024-07,streetview
data/images/warsaw/52.20539_20.98518_h90.jpg,warsaw,52.20539,20.98518,90,2024-07,streetview
data/images/warsaw/52.20539_20.98518_h180.jpg,warsaw,52.20539,20.98518,180,2024-07,streetview
data/images/warsaw/52.20539_20.98518_h270.jpg,warsaw,52.20539,20.98518,270,2024-07,streetview
data/images/warsaw/52.208624_21.044993_h0.jpg,warsaw,52.208624,21.044993,0,2024-08,streetview
data/images/warsaw/52.208624_21.044993_h90.jpg,warsaw,52.208624,21.044993,90,2024-08,streetview
data/images/warsaw/52.208624_21.044993_h180.jpg,warsaw,52.208624,21.044993,180,2024-08,streetview
data/images/warsaw/52.208624_21.044993_h270.jpg,warsaw,52.208624,21.044993,270,2024-08,streetview
data/images/warsaw/52.260367_20.985224_h0.jpg,warsaw,52.260367,20.985224,0,2024-08,streetview
data/images/warsaw/52.260367_20.985224_h90.jpg,warsaw,52.260367,20.985224,90,2024-08,streetview
data/images/warsaw/52.260367_20.985224_h180.jpg,warsaw,52.260367,20.985224,180,2024-08,streetview
data/images/warsaw/52.260367_20.985224_h270.jpg,warsaw,52.260367,20.985224,270,2024-08,streetview
data/images/warsaw/52.224793_20.958799_h0.jpg,warsaw,52.224793,20.958799,0,2024-08,streetview
data/images/warsaw/52.224793_20.958799_h90.jpg,warsaw,52.224793,20.958799,90,2024-08,streetview
data/images/warsaw/52.224793_20.958799_h180.jpg,warsaw,52.224793,20.958799,180,2024-08,streetview
data/images/warsaw/52.224793_20.958799_h270.jpg,warsaw,52.224793,20.958799,270,2024-08,streetview
data/images/warsaw/52.272224_21.043368_h0.jpg,warsaw,52.272224,21.043368,0,2022-05,streetview
data/images/warsaw/52.272224_21.043368_h90.jpg,warsaw,52.272224,21.043368,90,2022-05,streetview
data/images/warsaw/52.272224_21.043368_h180.jpg,warsaw,52.272224,21.043368,180,2022-05,streetview
data/images/warsaw/52.272224_21.043368_h270.jpg,warsaw,52.272224,21.043368,270,2022-05,streetview
data/images/warsaw/52.234495_21.022166_h0.jpg,warsaw,52.234495,21.022166,0,2024-08,streetview
data/images/warsaw/52.234495_21.022166_h90.jpg,warsaw,52.234495,21.022166,90,2024-08,streetview
data/images/warsaw/52.234495_21.022166_h180.jpg,warsaw,52.234495,21.022166,180,2024-08,streetview
data/images/warsaw/52.234495_21.022166_h270.jpg,warsaw,52.234495,21.022166,270,2024-08,streetview
data/images/warsaw/52.235573_20.962321_h0.jpg,warsaw,52.235573,20.962321,0,2024-08,streetview
data/images/warsaw/52.235573_20.962321_h90.jpg,warsaw,52.235573,20.962321,90,2024-08,streetview
data/images/warsaw/52.235573_20.962321_h180.jpg,warsaw,52.235573,20.962321,180,2024-08,streetview
data/images/warsaw/52.235573_20.962321_h270.jpg,warsaw,52.235573,20.962321,270,2024-08,streetview
data/images/warsaw/52.231261_20.986961_h0.jpg,warsaw,52.231261,20.986961,0,2024-08,streetview
data/images/warsaw/52.231261_20.986961_h90.jpg,warsaw,52.231261,20.986961,90,2024-08,streetview
data/images/warsaw/52.231261_20.986961_h180.jpg,warsaw,52.231261,20.986961,180,2024-08,streetview
data/images/warsaw/52.231261_20.986961_h270.jpg,warsaw,52.231261,20.986961,270,2024-08,streetview
data/images/warsaw/52.261444_21.053912_h0.jpg,warsaw,52.261444,21.053912,0,2024-08,streetview
data/images/warsaw/52.261444_21.053912_h90.jpg,warsaw,52.261444,21.053912,90,2024-08,streetview
data/images/warsaw/52.261444_21.053912_h180.jpg,warsaw,52.261444,21.053912,180,2024-08,streetview
data/images/warsaw/52.261444_21.053912_h270.jpg,warsaw,52.261444,21.053912,270,2024-08,streetview
data/images/warsaw/52.223715_21.009831_h0.jpg,warsaw,52.223715,21.009831,0,2024-08,streetview
data/images/warsaw/52.223715_21.009831_h90.jpg,warsaw,52.223715,21.009831,90,2024-08,streetview
data/images/warsaw/52.223715_21.009831_h180.jpg,warsaw,52.223715,21.009831,180,2024-08,streetview
data/images/warsaw/52.223715_21.009831_h270.jpg,warsaw,52.223715,21.009831,270,2024-08,streetview
data/images/warsaw/52.2636_21.027498_h0.jpg,warsaw,52.2636,21.027498,0,2024-08,streetview
data/images/warsaw/52.2636_21.027498_h90.jpg,warsaw,52.2636,21.027498,90,2024-08,streetview
data/images/warsaw/52.2636_21.027498_h180.jpg,warsaw,52.2636,21.027498,180,2024-08,streetview
data/images/warsaw/52.2636_21.027498_h270.jpg,warsaw,52.2636,21.027498,270,2024-08,streetview
data/images/warsaw/52.259289_21.062713_h0.jpg,warsaw,52.259289,21.062713,0,2022-05,streetview
data/images/warsaw/52.259289_21.062713_h90.jpg,warsaw,52.259289,21.062713,90,2022-05,streetview
data/images/warsaw/52.259289_21.062713_h180.jpg,warsaw,52.259289,21.062713,180,2022-05,streetview
data/images/warsaw/52.259289_21.062713_h270.jpg,warsaw,52.259289,21.062713,270,2022-05,streetview
data/images/warsaw/52.246353_21.011622_h0.jpg,warsaw,52.246353,21.011622,0,2024-08,streetview
data/images/warsaw/52.246353_21.011622_h90.jpg,warsaw,52.246353,21.011622,90,2024-08,streetview
data/images/warsaw/52.246353_21.011622_h180.jpg,warsaw,52.246353,21.011622,180,2024-08,streetview
data/images/warsaw/52.246353_21.011622_h270.jpg,warsaw,52.246353,21.011622,270,2024-08,streetview
data/images/warsaw/52.2_21.001005_h0.jpg,warsaw,52.2,21.001005,0,2024-09,streetview
data/images/warsaw/52.2_21.001005_h90.jpg,warsaw,52.2,21.001005,90,2024-09,streetview
data/images/warsaw/52.2_21.001005_h180.jpg,warsaw,52.2,21.001005,180,2024-09,streetview
data/images/warsaw/52.2_21.001005_h270.jpg,warsaw,52.2,21.001005,270,2024-09,streetview
data/images/warsaw/52.261444_20.958806_h0.jpg,warsaw,52.261444,20.958806,0,2018-10,streetview
data/images/warsaw/52.261444_20.958806_h90.jpg,warsaw,52.261444,20.958806,90,2018-10,streetview
data/images/warsaw/52.261444_20.958806_h180.jpg,warsaw,52.261444,20.958806,180,2018-10,streetview
data/images/warsaw/52.261444_20.958806_h270.jpg,warsaw,52.261444,20.958806,270,2018-10,streetview
data/images/warsaw/52.235573_21.078494_h0.jpg,warsaw,52.235573,21.078494,0,2024-08,streetview
data/images/warsaw/52.235573_21.078494_h90.jpg,warsaw,52.235573,21.078494,90,2024-08,streetview
data/images/warsaw/52.235573_21.078494_h180.jpg,warsaw,52.235573,21.078494,180,2024-08,streetview
data/images/warsaw/52.235573_21.078494_h270.jpg,warsaw,52.235573,21.078494,270,2024-08,streetview
data/images/warsaw/52.225871_20.969358_h0.jpg,warsaw,52.225871,20.969358,0,2024-08,streetview
data/images/warsaw/52.225871_20.969358_h90.jpg,warsaw,52.225871,20.969358,90,2024-08,streetview
data/images/warsaw/52.225871_20.969358_h180.jpg,warsaw,52.225871,20.969358,180,2024-08,streetview
data/images/warsaw/52.225871_20.969358_h270.jpg,warsaw,52.225871,20.969358,270,2024-08,streetview
data/images/warsaw/52.248509_21.0486_h0.jpg,warsaw,52.248509,21.0486,0,2018-04,streetview
data/images/warsaw/52.248509_21.0486_h90.jpg,warsaw,52.248509,21.0486,90,2018-04,streetview
data/images/warsaw/52.248509_21.0486_h180.jpg,warsaw,52.248509,21.0486,180,2018-04,streetview
data/images/warsaw/52.248509_21.0486_h270.jpg,warsaw,52.248509,21.0486,270,2018-04,streetview
data/images/warsaw/52.287316_21.057497_h0.jpg,warsaw,52.287316,21.057497,0,2022-05,streetview
data/images/warsaw/52.287316_21.057497_h90.jpg,warsaw,52.287316,21.057497,90,2022-05,streetview
data/images/warsaw/52.287316_21.057497_h180.jpg,warsaw,52.287316,21.057497,180,2022-05,streetview
data/images/warsaw/52.287316_21.057497_h270.jpg,warsaw,52.287316,21.057497,270,2022-05,streetview
data/images/warsaw/52.238807_21.020413_h0.jpg,warsaw,52.238807,21.020413,0,2018-12,streetview
data/images/warsaw/52.238807_21.020413_h90.jpg,warsaw,52.238807,21.020413,90,2018-12,streetview
data/images/warsaw/52.238807_21.020413_h180.jpg,warsaw,52.238807,21.020413,180,2018-12,streetview
data/images/warsaw/52.238807_21.020413_h270.jpg,warsaw,52.238807,21.020413,270,2018-12,streetview
data/images/warsaw/52.250665_20.988738_h0.jpg,warsaw,52.250665,20.988738,0,2021-08,streetview
data/images/warsaw/52.250665_20.988738_h90.jpg,warsaw,52.250665,20.988738,90,2021-08,streetview
data/images/warsaw/52.250665_20.988738_h180.jpg,warsaw,52.250665,20.988738,180,2021-08,streetview
data/images/warsaw/52.250665_20.988738_h270.jpg,warsaw,52.250665,20.988738,270,2021-08,streetview
data/images/warsaw/52.256055_21.0539_h0.jpg,warsaw,52.256055,21.0539,0,2022-05,streetview
data/images/warsaw/52.256055_21.0539_h90.jpg,warsaw,52.256055,21.0539,90,2022-05,streetview
data/images/warsaw/52.256055_21.0539_h180.jpg,warsaw,52.256055,21.0539,180,2022-05,streetview
data/images/warsaw/52.256055_21.0539_h270.jpg,warsaw,52.256055,21.0539,270,2022-05,streetview
data/images/warsaw/52.204312_20.969349_h0.jpg,warsaw,52.204312,20.969349,0,2022-07,streetview
data/images/warsaw/52.204312_20.969349_h90.jpg,warsaw,52.204312,20.969349,90,2022-07,streetview
data/images/warsaw/52.204312_20.969349_h180.jpg,warsaw,52.204312,20.969349,180,2022-07,streetview
data/images/warsaw/52.204312_20.969349_h270.jpg,warsaw,52.204312,20.969349,270,2022-07,streetview
data/images/warsaw/52.202156_21.025632_h0.jpg,warsaw,52.202156,21.025632,0,2022-07,streetview
data/images/warsaw/52.202156_21.025632_h90.jpg,warsaw,52.202156,21.025632,90,2022-07,streetview
data/images/warsaw/52.202156_21.025632_h180.jpg,warsaw,52.202156,21.025632,180,2022-07,streetview
data/images/warsaw/52.202156_21.025632_h270.jpg,warsaw,52.202156,21.025632,270,2022-07,streetview
data/images/warsaw/52.251743_21.002825_h0.jpg,warsaw,52.251743,21.002825,0,2022-06,streetview
data/images/warsaw/52.251743_21.002825_h90.jpg,warsaw,52.251743,21.002825,90,2022-06,streetview
data/images/warsaw/52.251743_21.002825_h180.jpg,warsaw,52.251743,21.002825,180,2022-06,streetview
data/images/warsaw/52.251743_21.002825_h270.jpg,warsaw,52.251743,21.002825,270,2022-06,streetview
data/images/warsaw/52.244197_20.965845_h0.jpg,warsaw,52.244197,20.965845,0,2022-06,streetview
data/images/warsaw/52.244197_20.965845_h90.jpg,warsaw,52.244197,20.965845,90,2022-06,streetview
data/images/warsaw/52.244197_20.965845_h180.jpg,warsaw,52.244197,20.965845,180,2022-06,streetview
data/images/warsaw/52.244197_20.965845_h270.jpg,warsaw,52.244197,20.965845,270,2022-06,streetview
data/images/warsaw/52.238807_20.976405_h0.jpg,warsaw,52.238807,20.976405,0,2022-06,streetview
data/images/warsaw/52.238807_20.976405_h90.jpg,warsaw,52.238807,20.976405,90,2022-06,streetview
data/images/warsaw/52.238807_20.976405_h180.jpg,warsaw,52.238807,20.976405,180,2022-06,streetview
data/images/warsaw/52.238807_20.976405_h270.jpg,warsaw,52.238807,20.976405,270,2022-06,streetview
data/images/warsaw/52.26899_21.071545_h0.jpg,warsaw,52.26899,21.071545,0,2024-08,streetview
data/images/warsaw/52.26899_21.071545_h90.jpg,warsaw,52.26899,21.071545,90,2024-08,streetview
data/images/warsaw/52.26899_21.071545_h180.jpg,warsaw,52.26899,21.071545,180,2024-08,streetview
data/images/warsaw/52.26899_21.071545_h270.jpg,warsaw,52.26899,21.071545,270,2024-08,streetview
data/images/warsaw/52.261444_21.048629_h0.jpg,warsaw,52.261444,21.048629,0,2025-04,streetview
data/images/warsaw/52.261444_21.048629_h90.jpg,warsaw,52.261444,21.048629,90,2025-04,streetview
data/images/warsaw/52.261444_21.048629_h180.jpg,warsaw,52.261444,21.048629,180,2025-04,streetview
data/images/warsaw/52.261444_21.048629_h270.jpg,warsaw,52.261444,21.048629,270,2025-04,streetview
data/images/warsaw/52.2636_21.045111_h0.jpg,warsaw,52.2636,21.045111,0,2020-05,streetview
data/images/warsaw/52.2636_21.045111_h90.jpg,warsaw,52.2636,21.045111,90,2020-05,streetview
data/images/warsaw/52.2636_21.045111_h180.jpg,warsaw,52.2636,21.045111,180,2020-05,streetview
data/images/warsaw/52.2636_21.045111_h270.jpg,warsaw,52.2636,21.045111,270,2020-05,streetview
data/images/warsaw/52.233417_20.962321_h0.jpg,warsaw,52.233417,20.962321,0,2021-01,streetview
data/images/warsaw/52.233417_20.962321_h90.jpg,warsaw,52.233417,20.962321,90,2021-01,streetview
data/images/warsaw/52.233417_20.962321_h180.jpg,warsaw,52.233417,20.962321,180,2021-01,streetview
data/images/warsaw/52.233417_20.962321_h270.jpg,warsaw,52.233417,20.962321,270,2021-01,streetview
data/images/warsaw/52.228027_21.002797_h0.jpg,warsaw,52.228027,21.002797,0,2019-06,streetview
data/images/warsaw/52.228027_21.002797_h90.jpg,warsaw,52.228027,21.002797,90,2019-06,streetview
data/images/warsaw/52.228027_21.002797_h180.jpg,warsaw,52.228027,21.002797,180,2019-06,streetview
data/images/warsaw/52.228027_21.002797_h270.jpg,warsaw,52.228027,21.002797,270,2019-06,streetview
data/images/warsaw/52.273302_21.062748_h0.jpg,warsaw,52.273302,21.062748,0,2024-08,streetview
data/images/warsaw/52.273302_21.062748_h90.jpg,warsaw,52.273302,21.062748,90,2024-08,streetview
data/images/warsaw/52.273302_21.062748_h180.jpg,warsaw,52.273302,21.062748,180,2024-08,streetview
data/images/warsaw/52.273302_21.062748_h270.jpg,warsaw,52.273302,21.062748,270,2024-08,streetview
data/images/warsaw/52.270068_21.048648_h0.jpg,warsaw,52.270068,21.048648,0,2024-08,streetview
data/images/warsaw/52.270068_21.048648_h90.jpg,warsaw,52.270068,21.048648,90,2024-08,streetview
data/images/warsaw/52.270068_21.048648_h180.jpg,warsaw,52.270068,21.048648,180,2024-08,streetview
data/images/warsaw/52.270068_21.048648_h270.jpg,warsaw,52.270068,21.048648,270,2024-08,streetview
data/images/warsaw/52.270068_21.076833_h0.jpg,warsaw,52.270068,21.076833,0,2024-08,streetview
data/images/warsaw/52.270068_21.076833_h90.jpg,warsaw,52.270068,21.076833,90,2024-08,streetview
data/images/warsaw/52.270068_21.076833_h180.jpg,warsaw,52.270068,21.076833,180,2024-08,streetview
data/images/warsaw/52.270068_21.076833_h270.jpg,warsaw,52.270068,21.076833,270,2024-08,streetview
data/images/warsaw/52.221559_20.990472_h0.jpg,warsaw,52.221559,20.990472,0,2024-08,streetview
data/images/warsaw/52.221559_20.990472_h90.jpg,warsaw,52.221559,20.990472,90,2024-08,streetview
data/images/warsaw/52.221559_20.990472_h180.jpg,warsaw,52.221559,20.990472,180,2024-08,streetview
data/images/warsaw/52.221559_20.990472_h270.jpg,warsaw,52.221559,20.990472,270,2024-08,streetview
data/images/warsaw/52.270068_21.036317_h0.jpg,warsaw,52.270068,21.036317,0,2024-08,streetview
data/images/warsaw/52.270068_21.036317_h90.jpg,warsaw,52.270068,21.036317,90,2024-08,streetview
data/images/warsaw/52.270068_21.036317_h180.jpg,warsaw,52.270068,21.036317,180,2024-08,streetview
data/images/warsaw/52.270068_21.036317_h270.jpg,warsaw,52.270068,21.036317,270,2024-08,streetview
data/images/warsaw/52.261444_21.057435_h0.jpg,warsaw,52.261444,21.057435,0,2022-05,streetview
data/images/warsaw/52.261444_21.057435_h90.jpg,warsaw,52.261444,21.057435,90,2022-05,streetview
data/images/warsaw/52.261444_21.057435_h180.jpg,warsaw,52.261444,21.057435,180,2022-05,streetview
data/images/warsaw/52.261444_21.057435_h270.jpg,warsaw,52.261444,21.057435,270,2022-05,streetview
data/images/warsaw/52.21078_20.983425_h0.jpg,warsaw,52.21078,20.983425,0,2024-07,streetview
data/images/warsaw/52.21078_20.983425_h90.jpg,warsaw,52.21078,20.983425,90,2024-07,streetview
data/images/warsaw/52.21078_20.983425_h180.jpg,warsaw,52.21078,20.983425,180,2024-07,streetview
data/images/warsaw/52.21078_20.983425_h270.jpg,warsaw,52.21078,20.983425,270,2024-07,streetview
data/images/warsaw/52.246353_21.066201_h0.jpg,warsaw,52.246353,21.066201,0,2024-08,streetview
data/images/warsaw/52.246353_21.066201_h90.jpg,warsaw,52.246353,21.066201,90,2024-08,streetview
data/images/warsaw/52.246353_21.066201_h180.jpg,warsaw,52.246353,21.066201,180,2024-08,streetview
data/images/warsaw/52.246353_21.066201_h270.jpg,warsaw,52.246353,21.066201,270,2024-08,streetview
data/images/warsaw/52.27438_21.060989_h0.jpg,warsaw,52.27438,21.060989,0,2024-08,streetview
data/images/warsaw/52.27438_21.060989_h90.jpg,warsaw,52.27438,21.060989,90,2024-08,streetview
data/images/warsaw/52.27438_21.060989_h180.jpg,warsaw,52.27438,21.060989,180,2024-08,streetview
data/images/warsaw/52.27438_21.060989_h270.jpg,warsaw,52.27438,21.060989,270,2024-08,streetview
data/images/warsaw/52.265756_20.990512_h0.jpg,warsaw,52.265756,20.990512,0,2024-08,streetview
data/images/warsaw/52.265756_20.990512_h90.jpg,warsaw,52.265756,20.990512,90,2024-08,streetview
data/images/warsaw/52.265756_20.990512_h180.jpg,warsaw,52.265756,20.990512,180,2024-08,streetview
data/images/warsaw/52.265756_20.990512_h270.jpg,warsaw,52.265756,20.990512,270,2024-08,streetview
data/images/warsaw/52.236651_20.981684_h0.jpg,warsaw,52.236651,20.981684,0,2019-06,streetview
data/images/warsaw/52.236651_20.981684_h90.jpg,warsaw,52.236651,20.981684,90,2019-06,streetview
data/images/warsaw/52.236651_20.981684_h180.jpg,warsaw,52.236651,20.981684,180,2019-06,streetview
data/images/warsaw/52.236651_20.981684_h270.jpg,warsaw,52.236651,20.981684,270,2019-06,streetview
data/images/warsaw/52.212936_20.971112_h0.jpg,warsaw,52.212936,20.971112,0,2024-07,streetview
data/images/warsaw/52.212936_20.971112_h90.jpg,warsaw,52.212936,20.971112,90,2024-07,streetview
data/images/warsaw/52.212936_20.971112_h180.jpg,warsaw,52.212936,20.971112,180,2024-07,streetview
data/images/warsaw/52.212936_20.971112_h270.jpg,warsaw,52.212936,20.971112,270,2024-07,streetview
data/images/warsaw/52.228027_21.060874_h0.jpg,warsaw,52.228027,21.060874,0,2024-08,streetview
data/images/warsaw/52.228027_21.060874_h90.jpg,warsaw,52.228027,21.060874,90,2024-08,streetview
data/images/warsaw/52.228027_21.060874_h180.jpg,warsaw,52.228027,21.060874,180,2024-08,streetview
data/images/warsaw/52.228027_21.060874_h270.jpg,warsaw,52.228027,21.060874,270,2024-08,streetview
data/images/warsaw/52.256055_21.046856_h0.jpg,warsaw,52.256055,21.046856,0,2023-02,streetview
data/images/warsaw/52.256055_21.046856_h90.jpg,warsaw,52.256055,21.046856,90,2023-02,streetview
data/images/warsaw/52.256055_21.046856_h180.jpg,warsaw,52.256055,21.046856,180,2023-02,streetview
data/images/warsaw/52.256055_21.046856_h270.jpg,warsaw,52.256055,21.046856,270,2023-02,streetview
data/images/warsaw/52.262522_21.064482_h0.jpg,warsaw,52.262522,21.064482,0,2019-08,streetview
data/images/warsaw/52.262522_21.064482_h90.jpg,warsaw,52.262522,21.064482,90,2019-08,streetview
data/images/warsaw/52.262522_21.064482_h180.jpg,warsaw,52.262522,21.064482,180,2019-08,streetview
data/images/warsaw/52.262522_21.064482_h270.jpg,warsaw,52.262522,21.064482,270,2019-08,streetview
data/images/warsaw/52.245275_21.020423_h0.jpg,warsaw,52.245275,21.020423,0,2026-04,streetview
data/images/warsaw/52.245275_21.020423_h90.jpg,warsaw,52.245275,21.020423,90,2026-04,streetview
data/images/warsaw/52.245275_21.020423_h180.jpg,warsaw,52.245275,21.020423,180,2026-04,streetview
data/images/warsaw/52.245275_21.020423_h270.jpg,warsaw,52.245275,21.020423,270,2026-04,streetview
data/images/warsaw/52.262522_20.988748_h0.jpg,warsaw,52.262522,20.988748,0,2020-10,streetview
data/images/warsaw/52.262522_20.988748_h90.jpg,warsaw,52.262522,20.988748,90,2020-10,streetview
data/images/warsaw/52.262522_20.988748_h180.jpg,warsaw,52.262522,20.988748,180,2020-10,streetview
data/images/warsaw/52.262522_20.988748_h270.jpg,warsaw,52.262522,20.988748,270,2020-10,streetview
data/images/warsaw/52.217248_21.011581_h0.jpg,warsaw,52.217248,21.011581,0,2025-10,streetview
data/images/warsaw/52.217248_21.011581_h90.jpg,warsaw,52.217248,21.011581,90,2025-10,streetview
data/images/warsaw/52.217248_21.011581_h180.jpg,warsaw,52.217248,21.011581,180,2025-10,streetview
data/images/warsaw/52.217248_21.011581_h270.jpg,warsaw,52.217248,21.011581,270,2025-10,streetview
data/images/warsaw/52.249587_21.032755_h0.jpg,warsaw,52.249587,21.032755,0,2022-05,streetview
data/images/warsaw/52.249587_21.032755_h90.jpg,warsaw,52.249587,21.032755,90,2022-05,streetview
data/images/warsaw/52.249587_21.032755_h180.jpg,warsaw,52.249587,21.032755,180,2022-05,streetview
data/images/warsaw/52.249587_21.032755_h270.jpg,warsaw,52.249587,21.032755,270,2022-05,streetview
data/images/warsaw/52.27438_21.07156_h0.jpg,warsaw,52.27438,21.07156,0,2023-04,streetview
data/images/warsaw/52.27438_21.07156_h90.jpg,warsaw,52.27438,21.07156,90,2023-04,streetview
data/images/warsaw/52.27438_21.07156_h180.jpg,warsaw,52.27438,21.07156,180,2023-04,streetview
data/images/warsaw/52.27438_21.07156_h270.jpg,warsaw,52.27438,21.07156,270,2023-04,streetview
data/images/warsaw/52.238807_21.074983_h0.jpg,warsaw,52.238807,21.074983,0,2024-08,streetview
data/images/warsaw/52.238807_21.074983_h90.jpg,warsaw,52.238807,21.074983,90,2024-08,streetview
data/images/warsaw/52.238807_21.074983_h180.jpg,warsaw,52.238807,21.074983,180,2024-08,streetview
data/images/warsaw/52.238807_21.074983_h270.jpg,warsaw,52.238807,21.074983,270,2024-08,streetview
data/images/warsaw/52.249587_21.015148_h0.jpg,warsaw,52.249587,21.015148,0,2021-09,streetview
data/images/warsaw/52.249587_21.015148_h90.jpg,warsaw,52.249587,21.015148,90,2021-09,streetview
data/images/warsaw/52.249587_21.015148_h180.jpg,warsaw,52.249587,21.015148,180,2021-09,streetview
data/images/warsaw/52.249587_21.015148_h270.jpg,warsaw,52.249587,21.015148,270,2021-09,streetview
data/images/warsaw/52.256055_20.976415_h0.jpg,warsaw,52.256055,20.976415,0,2018-08,streetview
data/images/warsaw/52.256055_20.976415_h90.jpg,warsaw,52.256055,20.976415,90,2018-08,streetview
data/images/warsaw/52.256055_20.976415_h180.jpg,warsaw,52.256055,20.976415,180,2018-08,streetview
data/images/warsaw/52.256055_20.976415_h270.jpg,warsaw,52.256055,20.976415,270,2018-08,streetview
data/images/warsaw/52.260367_21.057432_h0.jpg,warsaw,52.260367,21.057432,0,2018-06,streetview
data/images/warsaw/52.260367_21.057432_h90.jpg,warsaw,52.260367,21.057432,90,2018-06,streetview
data/images/warsaw/52.260367_21.057432_h180.jpg,warsaw,52.260367,21.057432,180,2018-06,streetview
data/images/warsaw/52.260367_21.057432_h270.jpg,warsaw,52.260367,21.057432,270,2018-06,streetview
data/images/warsaw/52.229105_20.979919_h0.jpg,warsaw,52.229105,20.979919,0,2024-08,streetview
data/images/warsaw/52.229105_20.979919_h90.jpg,warsaw,52.229105,20.979919,90,2024-08,streetview
data/images/warsaw/52.229105_20.979919_h180.jpg,warsaw,52.229105,20.979919,180,2024-08,streetview
data/images/warsaw/52.229105_20.979919_h270.jpg,warsaw,52.229105,20.979919,270,2024-08,streetview
data/images/warsaw/52.247431_20.964085_h0.jpg,warsaw,52.247431,20.964085,0,2024-08,streetview
data/images/warsaw/52.247431_20.964085_h90.jpg,warsaw,52.247431,20.964085,90,2024-08,streetview
data/images/warsaw/52.247431_20.964085_h180.jpg,warsaw,52.247431,20.964085,180,2024-08,streetview
data/images/warsaw/52.247431_20.964085_h270.jpg,warsaw,52.247431,20.964085,270,2024-08,streetview
data/images/warsaw/52.214014_20.95_h0.jpg,warsaw,52.214014,20.95,0,2024-08,streetview
data/images/warsaw/52.214014_20.95_h90.jpg,warsaw,52.214014,20.95,90,2024-08,streetview
data/images/warsaw/52.214014_20.95_h180.jpg,warsaw,52.214014,20.95,180,2024-08,streetview
data/images/warsaw/52.214014_20.95_h270.jpg,warsaw,52.214014,20.95,270,2024-08,streetview
data/images/warsaw/52.265756_20.986989_h0.jpg,warsaw,52.265756,20.986989,0,2022-11,streetview
data/images/warsaw/52.265756_20.986989_h90.jpg,warsaw,52.265756,20.986989,90,2022-11,streetview
data/images/warsaw/52.265756_20.986989_h180.jpg,warsaw,52.265756,20.986989,180,2022-11,streetview
data/images/warsaw/52.265756_20.986989_h270.jpg,warsaw,52.265756,20.986989,270,2022-11,streetview
data/images/warsaw/52.234495_21.023926_h0.jpg,warsaw,52.234495,21.023926,0,2021-08,streetview
data/images/warsaw/52.234495_21.023926_h90.jpg,warsaw,52.234495,21.023926,90,2021-08,streetview
data/images/warsaw/52.234495_21.023926_h180.jpg,warsaw,52.234495,21.023926,180,2021-08,streetview
data/images/warsaw/52.234495_21.023926_h270.jpg,warsaw,52.234495,21.023926,270,2021-08,streetview
data/images/warsaw/52.283004_20.953524_h0.jpg,warsaw,52.283004,20.953524,0,2024-08,streetview
data/images/warsaw/52.283004_20.953524_h90.jpg,warsaw,52.283004,20.953524,90,2024-08,streetview
data/images/warsaw/52.283004_20.953524_h180.jpg,warsaw,52.283004,20.953524,180,2024-08,streetview
data/images/warsaw/52.283004_20.953524_h270.jpg,warsaw,52.283004,20.953524,270,2024-08,streetview
data/images/warsaw/52.21078_20.953518_h0.jpg,warsaw,52.21078,20.953518,0,2022-07,streetview
data/images/warsaw/52.21078_20.953518_h90.jpg,warsaw,52.21078,20.953518,90,2022-07,streetview
data/images/warsaw/52.21078_20.953518_h180.jpg,warsaw,52.21078,20.953518,180,2022-07,streetview
data/images/warsaw/52.21078_20.953518_h270.jpg,warsaw,52.21078,20.953518,270,2022-07,streetview
data/images/warsaw/52.273302_21.068034_h0.jpg,warsaw,52.273302,21.068034,0,2024-08,streetview
data/images/warsaw/52.273302_21.068034_h90.jpg,warsaw,52.273302,21.068034,90,2024-08,streetview
data/images/warsaw/52.273302_21.068034_h180.jpg,warsaw,52.273302,21.068034,180,2024-08,streetview
data/images/warsaw/52.273302_21.068034_h270.jpg,warsaw,52.273302,21.068034,270,2024-08,streetview
data/images/warsaw/52.231261_20.995761_h0.jpg,warsaw,52.231261,20.995761,0,2024-08,streetview
data/images/warsaw/52.231261_20.995761_h90.jpg,warsaw,52.231261,20.995761,90,2024-08,streetview
data/images/warsaw/52.231261_20.995761_h180.jpg,warsaw,52.231261,20.995761,180,2024-08,streetview
data/images/warsaw/52.231261_20.995761_h270.jpg,warsaw,52.231261,20.995761,270,2024-08,streetview
data/images/warsaw/52.28516_21.076876_h0.jpg,warsaw,52.28516,21.076876,0,2023-04,streetview
data/images/warsaw/52.28516_21.076876_h90.jpg,warsaw,52.28516,21.076876,90,2023-04,streetview
data/images/warsaw/52.28516_21.076876_h180.jpg,warsaw,52.28516,21.076876,180,2023-04,streetview
data/images/warsaw/52.28516_21.076876_h270.jpg,warsaw,52.28516,21.076876,270,2023-04,streetview
data/images/warsaw/52.276536_20.974666_h0.jpg,warsaw,52.276536,20.974666,0,2022-10,streetview
data/images/warsaw/52.276536_20.974666_h90.jpg,warsaw,52.276536,20.974666,90,2022-10,streetview
data/images/warsaw/52.276536_20.974666_h180.jpg,warsaw,52.276536,20.974666,180,2022-10,streetview
data/images/warsaw/52.276536_20.974666_h270.jpg,warsaw,52.276536,20.974666,270,2022-10,streetview
data/images/warsaw/52.267912_20.98523_h0.jpg,warsaw,52.267912,20.98523,0,2022-10,streetview
data/images/warsaw/52.267912_20.98523_h90.jpg,warsaw,52.267912,20.98523,90,2022-10,streetview
data/images/warsaw/52.267912_20.98523_h180.jpg,warsaw,52.267912,20.98523,180,2022-10,streetview
data/images/warsaw/52.267912_20.98523_h270.jpg,warsaw,52.267912,20.98523,270,2022-10,streetview
data/images/warsaw/52.243119_21.071474_h0.jpg,warsaw,52.243119,21.071474,0,2024-08,streetview
data/images/warsaw/52.243119_21.071474_h90.jpg,warsaw,52.243119,21.071474,90,2024-08,streetview
data/images/warsaw/52.243119_21.071474_h180.jpg,warsaw,52.243119,21.071474,180,2024-08,streetview
data/images/warsaw/52.243119_21.071474_h270.jpg,warsaw,52.243119,21.071474,270,2024-08,streetview
data/images/warsaw/52.247431_21.018666_h0.jpg,warsaw,52.247431,21.018666,0,2024-08,streetview
data/images/warsaw/52.247431_21.018666_h90.jpg,warsaw,52.247431,21.018666,90,2024-08,streetview
data/images/warsaw/52.247431_21.018666_h180.jpg,warsaw,52.247431,21.018666,180,2024-08,streetview
data/images/warsaw/52.247431_21.018666_h270.jpg,warsaw,52.247431,21.018666,270,2024-08,streetview
data/images/warsaw/52.217248_20.995746_h0.jpg,warsaw,52.217248,20.995746,0,2022-07,streetview
data/images/warsaw/52.217248_20.995746_h90.jpg,warsaw,52.217248,20.995746,90,2022-07,streetview
data/images/warsaw/52.217248_20.995746_h180.jpg,warsaw,52.217248,20.995746,180,2022-07,streetview
data/images/warsaw/52.217248_20.995746_h270.jpg,warsaw,52.217248,20.995746,270,2022-07,streetview
data/images/warsaw/52.226949_21.025674_h0.jpg,warsaw,52.226949,21.025674,0,2024-08,streetview
data/images/warsaw/52.226949_21.025674_h90.jpg,warsaw,52.226949,21.025674,90,2024-08,streetview
data/images/warsaw/52.226949_21.025674_h180.jpg,warsaw,52.226949,21.025674,180,2024-08,streetview
data/images/warsaw/52.226949_21.025674_h270.jpg,warsaw,52.226949,21.025674,270,2024-08,streetview
data/images/warsaw/52.223715_21.036227_h0.jpg,warsaw,52.223715,21.036227,0,2022-06,streetview
data/images/warsaw/52.223715_21.036227_h90.jpg,warsaw,52.223715,21.036227,90,2022-06,streetview
data/images/warsaw/52.223715_21.036227_h180.jpg,warsaw,52.223715,21.036227,180,2022-06,streetview
data/images/warsaw/52.223715_21.036227_h270.jpg,warsaw,52.223715,21.036227,270,2022-06,streetview
data/images/warsaw/52.267912_21.020459_h0.jpg,warsaw,52.267912,21.020459,0,2024-08,streetview
data/images/warsaw/52.267912_21.020459_h90.jpg,warsaw,52.267912,21.020459,90,2024-08,streetview
data/images/warsaw/52.267912_21.020459_h180.jpg,warsaw,52.267912,21.020459,180,2024-08,streetview
data/images/warsaw/52.267912_21.020459_h270.jpg,warsaw,52.267912,21.020459,270,2024-08,streetview
data/images/warsaw/52.232339_20.95352_h0.jpg,warsaw,52.232339,20.95352,0,2022-06,streetview
data/images/warsaw/52.232339_20.95352_h90.jpg,warsaw,52.232339,20.95352,90,2022-06,streetview
data/images/warsaw/52.232339_20.95352_h180.jpg,warsaw,52.232339,20.95352,180,2022-06,streetview
data/images/warsaw/52.232339_20.95352_h270.jpg,warsaw,52.232339,20.95352,270,2022-06,streetview
data/images/warsaw/52.247431_21.066204_h0.jpg,warsaw,52.247431,21.066204,0,2024-08,streetview
data/images/warsaw/52.247431_21.066204_h90.jpg,warsaw,52.247431,21.066204,90,2024-08,streetview
data/images/warsaw/52.247431_21.066204_h180.jpg,warsaw,52.247431,21.066204,180,2024-08,streetview
data/images/warsaw/52.247431_21.066204_h270.jpg,warsaw,52.247431,21.066204,270,2024-08,streetview
data/images/warsaw/52.276536_21.06628_h0.jpg,warsaw,52.276536,21.06628,0,2019-09,streetview
data/images/warsaw/52.276536_21.06628_h90.jpg,warsaw,52.276536,21.06628,90,2019-09,streetview
data/images/warsaw/52.276536_21.06628_h180.jpg,warsaw,52.276536,21.06628,180,2019-09,streetview
data/images/warsaw/52.276536_21.06628_h270.jpg,warsaw,52.276536,21.06628,270,2019-09,streetview
data/images/warsaw/52.272224_20.964093_h0.jpg,warsaw,52.272224,20.964093,0,2025-10,streetview
data/images/warsaw/52.272224_20.964093_h90.jpg,warsaw,52.272224,20.964093,90,2025-10,streetview
data/images/warsaw/52.272224_20.964093_h180.jpg,warsaw,52.272224,20.964093,180,2025-10,streetview
data/images/warsaw/52.272224_20.964093_h270.jpg,warsaw,52.272224,20.964093,270,2025-10,streetview
data/images/warsaw/52.228027_21.055594_h0.jpg,warsaw,52.228027,21.055594,0,2022-06,streetview
data/images/warsaw/52.228027_21.055594_h90.jpg,warsaw,52.228027,21.055594,90,2022-06,streetview
data/images/warsaw/52.228027_21.055594_h180.jpg,warsaw,52.228027,21.055594,180,2022-06,streetview
data/images/warsaw/52.228027_21.055594_h270.jpg,warsaw,52.228027,21.055594,270,2022-06,streetview
data/images/warsaw/52.252821_21.002826_h0.jpg,warsaw,52.252821,21.002826,0,2021-04,streetview
data/images/warsaw/52.252821_21.002826_h90.jpg,warsaw,52.252821,21.002826,90,2021-04,streetview
data/images/warsaw/52.252821_21.002826_h180.jpg,warsaw,52.252821,21.002826,180,2021-04,streetview
data/images/warsaw/52.252821_21.002826_h270.jpg,warsaw,52.252821,21.002826,270,2021-04,streetview
data/images/warsaw/52.270068_20.978185_h0.jpg,warsaw,52.270068,20.978185,0,2022-11,streetview
data/images/warsaw/52.270068_20.978185_h90.jpg,warsaw,52.270068,20.978185,90,2022-11,streetview
data/images/warsaw/52.270068_20.978185_h180.jpg,warsaw,52.270068,20.978185,180,2022-11,streetview
data/images/warsaw/52.270068_20.978185_h270.jpg,warsaw,52.270068,20.978185,270,2022-11,streetview
data/images/warsaw/52.26899_20.955285_h0.jpg,warsaw,52.26899,20.955285,0,2024-08,streetview
data/images/warsaw/52.26899_20.955285_h90.jpg,warsaw,52.26899,20.955285,90,2024-08,streetview
data/images/warsaw/52.26899_20.955285_h180.jpg,warsaw,52.26899,20.955285,180,2024-08,streetview
data/images/warsaw/52.26899_20.955285_h270.jpg,warsaw,52.26899,20.955285,270,2024-08,streetview
data/images/warsaw/52.253899_21.075026_h0.jpg,warsaw,52.253899,21.075026,0,2024-08,streetview
data/images/warsaw/52.253899_21.075026_h90.jpg,warsaw,52.253899,21.075026,90,2024-08,streetview
data/images/warsaw/52.253899_21.075026_h180.jpg,warsaw,52.253899,21.075026,180,2024-08,streetview
data/images/warsaw/52.253899_21.075026_h270.jpg,warsaw,52.253899,21.075026,270,2024-08,streetview
data/images/warsaw/52.224793_20.978156_h0.jpg,warsaw,52.224793,20.978156,0,2020-09,streetview
data/images/warsaw/52.224793_20.978156_h90.jpg,warsaw,52.224793,20.978156,90,2020-09,streetview
data/images/warsaw/52.224793_20.978156_h180.jpg,warsaw,52.224793,20.978156,180,2020-09,streetview
data/images/warsaw/52.224793_20.978156_h270.jpg,warsaw,52.224793,20.978156,270,2020-09,streetview
data/images/warsaw/52.225871_21.002794_h0.jpg,warsaw,52.225871,21.002794,0,2024-09,streetview
data/images/warsaw/52.225871_21.002794_h90.jpg,warsaw,52.225871,21.002794,90,2024-09,streetview
data/images/warsaw/52.225871_21.002794_h180.jpg,warsaw,52.225871,21.002794,180,2024-09,streetview
data/images/warsaw/52.225871_21.002794_h270.jpg,warsaw,52.225871,21.002794,270,2024-09,streetview
data/images/warsaw/52.256055_20.95_h0.jpg,warsaw,52.256055,20.95,0,2021-04,streetview
data/images/warsaw/52.256055_20.95_h90.jpg,warsaw,52.256055,20.95,90,2021-04,streetview
data/images/warsaw/52.256055_20.95_h180.jpg,warsaw,52.256055,20.95,180,2021-04,streetview
data/images/warsaw/52.256055_20.95_h270.jpg,warsaw,52.256055,20.95,270,2021-04,streetview
data/images/warsaw/52.221559_20.988712_h0.jpg,warsaw,52.221559,20.988712,0,2023-03,streetview
data/images/warsaw/52.221559_20.988712_h90.jpg,warsaw,52.221559,20.988712,90,2023-03,streetview
data/images/warsaw/52.221559_20.988712_h180.jpg,warsaw,52.221559,20.988712,180,2023-03,streetview
data/images/warsaw/52.221559_20.988712_h270.jpg,warsaw,52.221559,20.988712,270,2023-03,streetview
data/images/warsaw/52.207546_20.953518_h0.jpg,warsaw,52.207546,20.953518,0,2024-07,streetview
data/images/warsaw/52.207546_20.953518_h90.jpg,warsaw,52.207546,20.953518,90,2024-07,streetview
data/images/warsaw/52.207546_20.953518_h180.jpg,warsaw,52.207546,20.953518,180,2024-07,streetview
data/images/warsaw/52.207546_20.953518_h270.jpg,warsaw,52.207546,20.953518,270,2024-07,streetview
data/images/warsaw/52.250665_21.057409_h0.jpg,warsaw,52.250665,21.057409,0,2018-07,streetview
data/images/warsaw/52.250665_21.057409_h90.jpg,warsaw,52.250665,21.057409,90,2018-07,streetview
data/images/warsaw/52.250665_21.057409_h180.jpg,warsaw,52.250665,21.057409,180,2018-07,streetview
data/images/warsaw/52.250665_21.057409_h270.jpg,warsaw,52.250665,21.057409,270,2018-07,streetview
data/images/warsaw/52.281926_21.025768_h0.jpg,warsaw,52.281926,21.025768,0,2022-05,streetview
data/images/warsaw/52.281926_21.025768_h90.jpg,warsaw,52.281926,21.025768,90,2022-05,streetview
data/images/warsaw/52.281926_21.025768_h180.jpg,warsaw,52.281926,21.025768,180,2022-05,streetview
data/images/warsaw/52.281926_21.025768_h270.jpg,warsaw,52.281926,21.025768,270,2022-05,streetview
data/images/warsaw/52.208624_21.036197_h0.jpg,warsaw,52.208624,21.036197,0,2022-07,streetview
data/images/warsaw/52.208624_21.036197_h90.jpg,warsaw,52.208624,21.036197,90,2022-07,streetview
data/images/warsaw/52.208624_21.036197_h180.jpg,warsaw,52.208624,21.036197,180,2022-07,streetview
data/images/warsaw/52.208624_21.036197_h270.jpg,warsaw,52.208624,21.036197,270,2022-07,streetview
data/images/warsaw/52.20539_20.972867_h0.jpg,warsaw,52.20539,20.972867,0,2024-07,streetview
data/images/warsaw/52.20539_20.972867_h90.jpg,warsaw,52.20539,20.972867,90,2024-07,streetview
data/images/warsaw/52.20539_20.972867_h180.jpg,warsaw,52.20539,20.972867,180,2024-07,streetview
data/images/warsaw/52.20539_20.972867_h270.jpg,warsaw,52.20539,20.972867,270,2024-07,streetview
data/images/warsaw/52.254977_21.006351_h0.jpg,warsaw,52.254977,21.006351,0,2024-08,streetview
data/images/warsaw/52.254977_21.006351_h90.jpg,warsaw,52.254977,21.006351,90,2024-08,streetview
data/images/warsaw/52.254977_21.006351_h180.jpg,warsaw,52.254977,21.006351,180,2024-08,streetview
data/images/warsaw/52.254977_21.006351_h270.jpg,warsaw,52.254977,21.006351,270,2024-08,streetview
data/images/warsaw/52.2636_21.043349_h0.jpg,warsaw,52.2636,21.043349,0,2024-08,streetview
data/images/warsaw/52.2636_21.043349_h90.jpg,warsaw,52.2636,21.043349,90,2024-08,streetview
data/images/warsaw/52.2636_21.043349_h180.jpg,warsaw,52.2636,21.043349,180,2024-08,streetview
data/images/warsaw/52.2636_21.043349_h270.jpg,warsaw,52.2636,21.043349,270,2024-08,streetview
data/images/warsaw/52.258211_20.964089_h0.jpg,warsaw,52.258211,20.964089,0,2020-08,streetview
data/images/warsaw/52.258211_20.964089_h90.jpg,warsaw,52.258211,20.964089,90,2020-08,streetview
data/images/warsaw/52.258211_20.964089_h180.jpg,warsaw,52.258211,20.964089,180,2020-08,streetview
data/images/warsaw/52.258211_20.964089_h270.jpg,warsaw,52.258211,20.964089,270,2020-08,streetview
data/images/warsaw/52.266834_20.951761_h0.jpg,warsaw,52.266834,20.951761,0,2021-03,streetview
data/images/warsaw/52.266834_20.951761_h90.jpg,warsaw,52.266834,20.951761,90,2021-03,streetview
data/images/warsaw/52.266834_20.951761_h180.jpg,warsaw,52.266834,20.951761,180,2021-03,streetview
data/images/warsaw/52.266834_20.951761_h270.jpg,warsaw,52.266834,20.951761,270,2021-03,streetview
data/images/warsaw/52.27438_20.972903_h0.jpg,warsaw,52.27438,20.972903,0,2022-11,streetview
data/images/warsaw/52.27438_20.972903_h90.jpg,warsaw,52.27438,20.972903,90,2022-11,streetview
data/images/warsaw/52.27438_20.972903_h180.jpg,warsaw,52.27438,20.972903,180,2022-11,streetview
data/images/warsaw/52.27438_20.972903_h270.jpg,warsaw,52.27438,20.972903,270,2022-11,streetview
data/images/warsaw/52.254977_21.038048_h0.jpg,warsaw,52.254977,21.038048,0,2018-03,streetview
data/images/warsaw/52.254977_21.038048_h90.jpg,warsaw,52.254977,21.038048,90,2018-03,streetview
data/images/warsaw/52.254977_21.038048_h180.jpg,warsaw,52.254977,21.038048,180,2018-03,streetview
data/images/warsaw/52.254977_21.038048_h270.jpg,warsaw,52.254977,21.038048,270,2018-03,streetview
data/images/warsaw/52.267912_21.059212_h0.jpg,warsaw,52.267912,21.059212,0,2022-05,streetview
data/images/warsaw/52.267912_21.059212_h90.jpg,warsaw,52.267912,21.059212,90,2022-05,streetview
data/images/warsaw/52.267912_21.059212_h180.jpg,warsaw,52.267912,21.059212,180,2022-05,streetview
data/images/warsaw/52.267912_21.059212_h270.jpg,warsaw,52.267912,21.059212,270,2022-05,streetview
data/images/warsaw/52.229105_20.999278_h0.jpg,warsaw,52.229105,20.999278,0,2019-07,streetview
data/images/warsaw/52.229105_20.999278_h90.jpg,warsaw,52.229105,20.999278,90,2019-07,streetview
data/images/warsaw/52.229105_20.999278_h180.jpg,warsaw,52.229105,20.999278,180,2019-07,streetview
data/images/warsaw/52.229105_20.999278_h270.jpg,warsaw,52.229105,20.999278,270,2019-07,streetview
data/images/warsaw/52.211858_21.069629_h0.jpg,warsaw,52.211858,21.069629,0,2021-04,streetview
data/images/warsaw/52.211858_21.069629_h90.jpg,warsaw,52.211858,21.069629,90,2021-04,streetview
data/images/warsaw/52.211858_21.069629_h180.jpg,warsaw,52.211858,21.069629,180,2021-04,streetview
data/images/warsaw/52.211858_21.069629_h270.jpg,warsaw,52.211858,21.069629,270,2021-04,streetview
data/images/warsaw/52.258211_21.023966_h0.jpg,warsaw,52.258211,21.023966,0,2018-05,streetview
data/images/warsaw/52.258211_21.023966_h90.jpg,warsaw,52.258211,21.023966,90,2018-05,streetview
data/images/warsaw/52.258211_21.023966_h180.jpg,warsaw,52.258211,21.023966,180,2018-05,streetview
data/images/warsaw/52.258211_21.023966_h270.jpg,warsaw,52.258211,21.023966,270,2018-05,streetview
data/images/warsaw/52.288394_21.073361_h0.jpg,warsaw,52.288394,21.073361,0,2024-08,streetview
data/images/warsaw/52.288394_21.073361_h90.jpg,warsaw,52.288394,21.073361,90,2024-08,streetview
data/images/warsaw/52.288394_21.073361_h180.jpg,warsaw,52.288394,21.073361,180,2024-08,streetview
data/images/warsaw/52.288394_21.073361_h270.jpg,warsaw,52.288394,21.073361,270,2024-08,streetview
data/images/warsaw/52.261444_21.002837_h0.jpg,warsaw,52.261444,21.002837,0,2026-02,streetview
data/images/warsaw/52.261444_21.002837_h90.jpg,warsaw,52.261444,21.002837,90,2026-02,streetview
data/images/warsaw/52.261444_21.002837_h180.jpg,warsaw,52.261444,21.002837,180,2026-02,streetview
data/images/warsaw/52.261444_21.002837_h270.jpg,warsaw,52.261444,21.002837,270,2026-02,streetview
data/images/warsaw/52.273302_21.055702_h0.jpg,warsaw,52.273302,21.055702,0,2022-05,streetview
data/images/warsaw/52.273302_21.055702_h90.jpg,warsaw,52.273302,21.055702,90,2022-05,streetview
data/images/warsaw/52.273302_21.055702_h180.jpg,warsaw,52.273302,21.055702,180,2022-05,streetview
data/images/warsaw/52.273302_21.055702_h270.jpg,warsaw,52.273302,21.055702,270,2022-05,streetview
data/images/warsaw/52.218326_21.020381_h0.jpg,warsaw,52.218326,21.020381,0,2021-08,streetview
data/images/warsaw/52.218326_21.020381_h90.jpg,warsaw,52.218326,21.020381,90,2021-08,streetview
data/images/warsaw/52.218326_21.020381_h180.jpg,warsaw,52.218326,21.020381,180,2021-08,streetview
data/images/warsaw/52.218326_21.020381_h270.jpg,warsaw,52.218326,21.020381,270,2021-08,streetview
data/images/warsaw/52.224793_20.997514_h0.jpg,warsaw,52.224793,20.997514,0,2025-10,streetview
data/images/warsaw/52.224793_20.997514_h90.jpg,warsaw,52.224793,20.997514,90,2025-10,streetview
data/images/warsaw/52.224793_20.997514_h180.jpg,warsaw,52.224793,20.997514,180,2025-10,streetview
data/images/warsaw/52.224793_20.997514_h270.jpg,warsaw,52.224793,20.997514,270,2025-10,streetview
data/images/warsaw/52.214014_21.022133_h0.jpg,warsaw,52.214014,21.022133,0,2024-08,streetview
data/images/warsaw/52.214014_21.022133_h90.jpg,warsaw,52.214014,21.022133,90,2024-08,streetview
data/images/warsaw/52.214014_21.022133_h180.jpg,warsaw,52.214014,21.022133,180,2024-08,streetview
data/images/warsaw/52.214014_21.022133_h270.jpg,warsaw,52.214014,21.022133,270,2024-08,streetview
data/images/warsaw/52.228027_21.062633_h0.jpg,warsaw,52.228027,21.062633,0,2018-01,streetview
data/images/warsaw/52.228027_21.062633_h90.jpg,warsaw,52.228027,21.062633,90,2018-01,streetview
data/images/warsaw/52.228027_21.062633_h180.jpg,warsaw,52.228027,21.062633,180,2018-01,streetview
data/images/warsaw/52.228027_21.062633_h270.jpg,warsaw,52.228027,21.062633,270,2018-01,streetview
data/images/warsaw/52.289472_21.069839_h0.jpg,warsaw,52.289472,21.069839,0,2022-05,streetview
data/images/warsaw/52.289472_21.069839_h90.jpg,warsaw,52.289472,21.069839,90,2022-05,streetview
data/images/warsaw/52.289472_21.069839_h180.jpg,warsaw,52.289472,21.069839,180,2022-05,streetview
data/images/warsaw/52.289472_21.069839_h270.jpg,warsaw,52.289472,21.069839,270,2022-05,streetview
data/images/warsaw/52.275458_21.015186_h0.jpg,warsaw,52.275458,21.015186,0,2019-12,streetview
data/images/warsaw/52.275458_21.015186_h90.jpg,warsaw,52.275458,21.015186,90,2019-12,streetview
data/images/warsaw/52.275458_21.015186_h180.jpg,warsaw,52.275458,21.015186,180,2019-12,streetview
data/images/warsaw/52.275458_21.015186_h270.jpg,warsaw,52.275458,21.015186,270,2019-12,streetview
data/images/warsaw/52.248509_20.983453_h0.jpg,warsaw,52.248509,20.983453,0,2024-08,streetview
data/images/warsaw/52.248509_20.983453_h90.jpg,warsaw,52.248509,20.983453,90,2024-08,streetview
data/images/warsaw/52.248509_20.983453_h180.jpg,warsaw,52.248509,20.983453,180,2024-08,streetview
data/images/warsaw/52.248509_20.983453_h270.jpg,warsaw,52.248509,20.983453,270,2024-08,streetview
data/images/warsaw/52.27977_21.073337_h0.jpg,warsaw,52.27977,21.073337,0,2022-05,streetview
data/images/warsaw/52.27977_21.073337_h90.jpg,warsaw,52.27977,21.073337,90,2022-05,streetview
data/images/warsaw/52.27977_21.073337_h180.jpg,warsaw,52.27977,21.073337,180,2022-05,streetview
data/images/warsaw/52.27977_21.073337_h270.jpg,warsaw,52.27977,21.073337,270,2022-05,streetview
data/images/warsaw/52.214014_21.020374_h0.jpg,warsaw,52.214014,21.020374,0,2022-07,streetview
data/images/warsaw/52.214014_21.020374_h90.jpg,warsaw,52.214014,21.020374,90,2022-07,streetview
data/images/warsaw/52.214014_21.020374_h180.jpg,warsaw,52.214014,21.020374,180,2022-07,streetview
data/images/warsaw/52.214014_21.020374_h270.jpg,warsaw,52.214014,21.020374,270,2022-07,streetview
data/images/warsaw/52.276536_21.071566_h0.jpg,warsaw,52.276536,21.071566,0,2018-08,streetview
data/images/warsaw/52.276536_21.071566_h90.jpg,warsaw,52.276536,21.071566,90,2018-08,streetview
data/images/warsaw/52.276536_21.071566_h180.jpg,warsaw,52.276536,21.071566,180,2018-08,streetview
data/images/warsaw/52.276536_21.071566_h270.jpg,warsaw,52.276536,21.071566,270,2018-08,streetview
data/images/warsaw/52.220481_20.978154_h0.jpg,warsaw,52.220481,20.978154,0,2024-07,streetview
data/images/warsaw/52.220481_20.978154_h90.jpg,warsaw,52.220481,20.978154,90,2024-07,streetview
data/images/warsaw/52.220481_20.978154_h180.jpg,warsaw,52.220481,20.978154,180,2024-07,streetview
data/images/warsaw/52.220481_20.978154_h270.jpg,warsaw,52.220481,20.978154,270,2024-07,streetview
data/images/warsaw/52.26899_20.95_h0.jpg,warsaw,52.26899,20.95,0,2020-09,streetview
data/images/warsaw/52.26899_20.95_h90.jpg,warsaw,52.26899,20.95,90,2020-09,streetview
data/images/warsaw/52.26899_20.95_h180.jpg,warsaw,52.26899,20.95,180,2020-09,streetview
data/images/warsaw/52.26899_20.95_h270.jpg,warsaw,52.26899,20.95,270,2020-09,streetview
data/images/warsaw/52.242041_20.98697_h0.jpg,warsaw,52.242041,20.98697,0,2023-04,streetview
data/images/warsaw/52.242041_20.98697_h90.jpg,warsaw,52.242041,20.98697,90,2023-04,streetview
data/images/warsaw/52.242041_20.98697_h180.jpg,warsaw,52.242041,20.98697,180,2023-04,streetview
data/images/warsaw/52.242041_20.98697_h270.jpg,warsaw,52.242041,20.98697,270,2023-04,streetview
data/images/warsaw/52.266834_20.97466_h0.jpg,warsaw,52.266834,20.97466,0,2022-10,streetview
data/images/warsaw/52.266834_20.97466_h90.jpg,warsaw,52.266834,20.97466,90,2022-10,streetview
data/images/warsaw/52.266834_20.97466_h180.jpg,warsaw,52.266834,20.97466,180,2022-10,streetview
data/images/warsaw/52.266834_20.97466_h270.jpg,warsaw,52.266834,20.97466,270,2022-10,streetview
data/images/warsaw/52.271146_20.955285_h0.jpg,warsaw,52.271146,20.955285,0,2024-08,streetview
data/images/warsaw/52.271146_20.955285_h90.jpg,warsaw,52.271146,20.955285,90,2024-08,streetview
data/images/warsaw/52.271146_20.955285_h180.jpg,warsaw,52.271146,20.955285,180,2024-08,streetview
data/images/warsaw/52.271146_20.955285_h270.jpg,warsaw,52.271146,20.955285,270,2024-08,streetview
data/images/warsaw/52.27438_21.078607_h0.jpg,warsaw,52.27438,21.078607,0,2024-08,streetview
data/images/warsaw/52.27438_21.078607_h90.jpg,warsaw,52.27438,21.078607,90,2024-08,streetview
data/images/warsaw/52.27438_21.078607_h180.jpg,warsaw,52.27438,21.078607,180,2024-08,streetview
data/images/warsaw/52.27438_21.078607_h270.jpg,warsaw,52.27438,21.078607,270,2024-08,streetview
data/images/warsaw/52.28516_21.059254_h0.jpg,warsaw,52.28516,21.059254,0,2023-04,streetview
data/images/warsaw/52.28516_21.059254_h90.jpg,warsaw,52.28516,21.059254,90,2023-04,streetview
data/images/warsaw/52.28516_21.059254_h180.jpg,warsaw,52.28516,21.059254,180,2023-04,streetview
data/images/warsaw/52.28516_21.059254_h270.jpg,warsaw,52.28516,21.059254,270,2023-04,streetview
data/images/warsaw/52.230183_20.99928_h0.jpg,warsaw,52.230183,20.99928,0,2025-10,streetview
data/images/warsaw/52.230183_20.99928_h90.jpg,warsaw,52.230183,20.99928,90,2025-10,streetview
data/images/warsaw/52.230183_20.99928_h180.jpg,warsaw,52.230183,20.99928,180,2025-10,streetview
data/images/warsaw/52.230183_20.99928_h270.jpg,warsaw,52.230183,20.99928,270,2025-10,streetview
data/images/warsaw/52.253899_20.981697_h0.jpg,warsaw,52.253899,20.981697,0,2022-11,streetview
data/images/warsaw/52.253899_20.981697_h90.jpg,warsaw,52.253899,20.981697,90,2022-11,streetview
data/images/warsaw/52.253899_20.981697_h180.jpg,warsaw,52.253899,20.981697,180,2022-11,streetview
data/images/warsaw/52.253899_20.981697_h270.jpg,warsaw,52.253899,20.981697,270,2022-11,streetview
data/images/warsaw/52.244197_20.964084_h0.jpg,warsaw,52.244197,20.964084,0,2022-06,streetview
data/images/warsaw/52.244197_20.964084_h90.jpg,warsaw,52.244197,20.964084,90,2022-06,streetview
data/images/warsaw/52.244197_20.964084_h180.jpg,warsaw,52.244197,20.964084,180,2022-06,streetview
data/images/warsaw/52.244197_20.964084_h270.jpg,warsaw,52.244197,20.964084,270,2022-06,streetview
data/images/warsaw/52.224793_20.993994_h0.jpg,warsaw,52.224793,20.993994,0,2024-08,streetview
data/images/warsaw/52.224793_20.993994_h90.jpg,warsaw,52.224793,20.993994,90,2024-08,streetview
data/images/warsaw/52.224793_20.993994_h180.jpg,warsaw,52.224793,20.993994,180,2024-08,streetview
data/images/warsaw/52.224793_20.993994_h270.jpg,warsaw,52.224793,20.993994,270,2024-08,streetview
data/images/warsaw/52.259289_21.059191_h0.jpg,warsaw,52.259289,21.059191,0,2022-05,streetview
data/images/warsaw/52.259289_21.059191_h90.jpg,warsaw,52.259289,21.059191,90,2022-05,streetview
data/images/warsaw/52.259289_21.059191_h180.jpg,warsaw,52.259289,21.059191,180,2022-05,streetview
data/images/warsaw/52.259289_21.059191_h270.jpg,warsaw,52.259289,21.059191,270,2022-05,streetview
data/images/warsaw/52.270068_20.98347_h0.jpg,warsaw,52.270068,20.98347,0,2022-10,streetview
data/images/warsaw/52.270068_20.98347_h90.jpg,warsaw,52.270068,20.98347,90,2022-10,streetview
data/images/warsaw/52.270068_20.98347_h180.jpg,warsaw,52.270068,20.98347,180,2022-10,streetview
data/images/warsaw/52.270068_20.98347_h270.jpg,warsaw,52.270068,20.98347,270,2022-10,streetview
data/images/warsaw/52.247431_20.992256_h0.jpg,warsaw,52.247431,20.992256,0,2024-08,streetview
data/images/warsaw/52.247431_20.992256_h90.jpg,warsaw,52.247431,20.992256,90,2024-08,streetview
data/images/warsaw/52.247431_20.992256_h180.jpg,warsaw,52.247431,20.992256,180,2024-08,streetview
data/images/warsaw/52.247431_20.992256_h270.jpg,warsaw,52.247431,20.992256,270,2024-08,streetview
data/images/warsaw/52.201078_21.044977_h0.jpg,warsaw,52.201078,21.044977,0,2020-06,streetview
data/images/warsaw/52.201078_21.044977_h90.jpg,warsaw,52.201078,21.044977,90,2020-06,streetview
data/images/warsaw/52.201078_21.044977_h180.jpg,warsaw,52.201078,21.044977,180,2020-06,streetview
data/images/warsaw/52.201078_21.044977_h270.jpg,warsaw,52.201078,21.044977,270,2020-06,streetview
data/images/warsaw/52.283004_20.95_h0.jpg,warsaw,52.283004,20.95,0,2022-11,streetview
data/images/warsaw/52.283004_20.95_h90.jpg,warsaw,52.283004,20.95,90,2022-11,streetview
data/images/warsaw/52.283004_20.95_h180.jpg,warsaw,52.283004,20.95,180,2022-11,streetview
data/images/warsaw/52.283004_20.95_h270.jpg,warsaw,52.283004,20.95,270,2022-11,streetview
data/images/warsaw/52.257133_21.038053_h0.jpg,warsaw,52.257133,21.038053,0,2024-08,streetview
data/images/warsaw/52.257133_21.038053_h90.jpg,warsaw,52.257133,21.038053,90,2024-08,streetview
data/images/warsaw/52.257133_21.038053_h180.jpg,warsaw,52.257133,21.038053,180,2024-08,streetview
data/images/warsaw/52.257133_21.038053_h270.jpg,warsaw,52.257133,21.038053,270,2024-08,streetview
data/images/warsaw/52.225871_21.036231_h0.jpg,warsaw,52.225871,21.036231,0,2020-09,streetview
data/images/warsaw/52.225871_21.036231_h90.jpg,warsaw,52.225871,21.036231,90,2020-09,streetview
data/images/warsaw/52.225871_21.036231_h180.jpg,warsaw,52.225871,21.036231,180,2020-09,streetview
data/images/warsaw/52.225871_21.036231_h270.jpg,warsaw,52.225871,21.036231,270,2020-09,streetview
data/images/warsaw/52.208624_21.074898_h0.jpg,warsaw,52.208624,21.074898,0,2022-03,streetview
data/images/warsaw/52.208624_21.074898_h90.jpg,warsaw,52.208624,21.074898,90,2022-03,streetview
data/images/warsaw/52.208624_21.074898_h180.jpg,warsaw,52.208624,21.074898,180,2022-03,streetview
data/images/warsaw/52.208624_21.074898_h270.jpg,warsaw,52.208624,21.074898,270,2022-03,streetview
data/images/warsaw/52.250665_21.002824_h0.jpg,warsaw,52.250665,21.002824,0,2024-08,streetview
data/images/warsaw/52.250665_21.002824_h90.jpg,warsaw,52.250665,21.002824,90,2024-08,streetview
data/images/warsaw/52.250665_21.002824_h180.jpg,warsaw,52.250665,21.002824,180,2024-08,streetview
data/images/warsaw/52.250665_21.002824_h270.jpg,warsaw,52.250665,21.002824,270,2024-08,streetview
data/images/warsaw/52.218326_21.006304_h0.jpg,warsaw,52.218326,21.006304,0,2022-06,streetview
data/images/warsaw/52.218326_21.006304_h90.jpg,warsaw,52.218326,21.006304,90,2022-06,streetview
data/images/warsaw/52.218326_21.006304_h180.jpg,warsaw,52.218326,21.006304,180,2022-06,streetview
data/images/warsaw/52.218326_21.006304_h270.jpg,warsaw,52.218326,21.006304,270,2022-06,streetview
data/images/warsaw/52.257133_20.981699_h0.jpg,warsaw,52.257133,20.981699,0,2024-09,streetview
data/images/warsaw/52.257133_20.981699_h90.jpg,warsaw,52.257133,20.981699,90,2024-09,streetview
data/images/warsaw/52.257133_20.981699_h180.jpg,warsaw,52.257133,20.981699,180,2024-09,streetview
data/images/warsaw/52.257133_20.981699_h270.jpg,warsaw,52.257133,20.981699,270,2024-09,streetview
data/images/warsaw/52.237729_21.023932_h0.jpg,warsaw,52.237729,21.023932,0,2020-06,streetview
data/images/warsaw/52.237729_21.023932_h90.jpg,warsaw,52.237729,21.023932,90,2020-06,streetview
data/images/warsaw/52.237729_21.023932_h180.jpg,warsaw,52.237729,21.023932,180,2020-06,streetview
data/images/warsaw/52.237729_21.023932_h270.jpg,warsaw,52.237729,21.023932,270,2020-06,streetview
data/images/warsaw/52.239885_20.969364_h0.jpg,warsaw,52.239885,20.969364,0,2022-06,streetview
data/images/warsaw/52.239885_20.969364_h90.jpg,warsaw,52.239885,20.969364,90,2022-06,streetview
data/images/warsaw/52.239885_20.969364_h180.jpg,warsaw,52.239885,20.969364,180,2022-06,streetview
data/images/warsaw/52.239885_20.969364_h270.jpg,warsaw,52.239885,20.969364,270,2022-06,streetview
data/images/warsaw/52.220481_20.981673_h0.jpg,warsaw,52.220481,20.981673,0,2023-03,streetview
data/images/warsaw/52.220481_20.981673_h90.jpg,warsaw,52.220481,20.981673,90,2023-03,streetview
data/images/warsaw/52.220481_20.981673_h180.jpg,warsaw,52.220481,20.981673,180,2023-03,streetview
data/images/warsaw/52.220481_20.981673_h270.jpg,warsaw,52.220481,20.981673,270,2023-03,streetview
data/images/warsaw/52.281926_20.965858_h0.jpg,warsaw,52.281926,20.965858,0,2024-08,streetview
data/images/warsaw/52.281926_20.965858_h90.jpg,warsaw,52.281926,20.965858,90,2024-08,streetview
data/images/warsaw/52.281926_20.965858_h180.jpg,warsaw,52.281926,20.965858,180,2024-08,streetview
data/images/warsaw/52.281926_20.965858_h270.jpg,warsaw,52.281926,20.965858,270,2024-08,streetview
data/images/warsaw/52.271146_21.055697_h0.jpg,warsaw,52.271146,21.055697,0,2022-05,streetview
data/images/warsaw/52.271146_21.055697_h90.jpg,warsaw,52.271146,21.055697,90,2022-05,streetview
data/images/warsaw/52.271146_21.055697_h180.jpg,warsaw,52.271146,21.055697,180,2022-05,streetview
data/images/warsaw/52.271146_21.055697_h270.jpg,warsaw,52.271146,21.055697,270,2022-05,streetview
data/images/warsaw/52.20539_21.025637_h0.jpg,warsaw,52.20539,21.025637,0,2022-07,streetview
data/images/warsaw/52.20539_21.025637_h90.jpg,warsaw,52.20539,21.025637,90,2022-07,streetview
data/images/warsaw/52.20539_21.025637_h180.jpg,warsaw,52.20539,21.025637,180,2022-07,streetview
data/images/warsaw/52.20539_21.025637_h270.jpg,warsaw,52.20539,21.025637,270,2022-07,streetview
data/images/warsaw/52.230183_21.030959_h0.jpg,warsaw,52.230183,21.030959,0,2026-04,streetview
data/images/warsaw/52.230183_21.030959_h90.jpg,warsaw,52.230183,21.030959,90,2026-04,streetview
data/images/warsaw/52.230183_21.030959_h180.jpg,warsaw,52.230183,21.030959,180,2026-04,streetview
data/images/warsaw/52.230183_21.030959_h270.jpg,warsaw,52.230183,21.030959,270,2026-04,streetview
data/images/warsaw/52.251743_21.001064_h0.jpg,warsaw,52.251743,21.001064,0,2020-08,streetview
data/images/warsaw/52.251743_21.001064_h90.jpg,warsaw,52.251743,21.001064,90,2020-08,streetview
data/images/warsaw/52.251743_21.001064_h180.jpg,warsaw,52.251743,21.001064,180,2020-08,streetview
data/images/warsaw/52.251743_21.001064_h270.jpg,warsaw,52.251743,21.001064,270,2020-08,streetview
data/images/warsaw/52.256055_21.062705_h0.jpg,warsaw,52.256055,21.062705,0,2022-05,streetview
data/images/warsaw/52.256055_21.062705_h90.jpg,warsaw,52.256055,21.062705,90,2022-05,streetview
data/images/warsaw/52.256055_21.062705_h180.jpg,warsaw,52.256055,21.062705,180,2022-05,streetview
data/images/warsaw/52.256055_21.062705_h270.jpg,warsaw,52.256055,21.062705,270,2022-05,streetview
data/images/warsaw/52.235573_21.002806_h0.jpg,warsaw,52.235573,21.002806,0,2024-08,streetview
data/images/warsaw/52.235573_21.002806_h90.jpg,warsaw,52.235573,21.002806,90,2024-08,streetview
data/images/warsaw/52.235573_21.002806_h180.jpg,warsaw,52.235573,21.002806,180,2024-08,streetview
data/images/warsaw/52.235573_21.002806_h270.jpg,warsaw,52.235573,21.002806,270,2024-08,streetview
data/images/warsaw/52.267912_21.041597_h0.jpg,warsaw,52.267912,21.041597,0,2022-05,streetview
data/images/warsaw/52.267912_21.041597_h90.jpg,warsaw,52.267912,21.041597,90,2022-05,streetview
data/images/warsaw/52.267912_21.041597_h180.jpg,warsaw,52.267912,21.041597,180,2022-05,streetview
data/images/warsaw/52.267912_21.041597_h270.jpg,warsaw,52.267912,21.041597,270,2022-05,streetview
data/images/warsaw/52.283004_21.006387_h0.jpg,warsaw,52.283004,21.006387,0,2022-10,streetview
data/images/warsaw/52.283004_21.006387_h90.jpg,warsaw,52.283004,21.006387,90,2022-10,streetview
data/images/warsaw/52.283004_21.006387_h180.jpg,warsaw,52.283004,21.006387,180,2022-10,streetview
data/images/warsaw/52.283004_21.006387_h270.jpg,warsaw,52.283004,21.006387,270,2022-10,streetview
data/images/warsaw/52.262522_20.97818_h0.jpg,warsaw,52.262522,20.97818,0,2024-08,streetview
data/images/warsaw/52.262522_20.97818_h90.jpg,warsaw,52.262522,20.97818,90,2024-08,streetview
data/images/warsaw/52.262522_20.97818_h180.jpg,warsaw,52.262522,20.97818,180,2024-08,streetview
data/images/warsaw/52.262522_20.97818_h270.jpg,warsaw,52.262522,20.97818,270,2024-08,streetview
data/images/warsaw/52.214014_20.953519_h0.jpg,warsaw,52.214014,20.953519,0,2022-07,streetview
data/images/warsaw/52.214014_20.953519_h90.jpg,warsaw,52.214014,20.953519,90,2022-07,streetview
data/images/warsaw/52.214014_20.953519_h180.jpg,warsaw,52.214014,20.953519,180,2022-07,streetview
data/images/warsaw/52.214014_20.953519_h270.jpg,warsaw,52.214014,20.953519,270,2022-07,streetview
data/images/warsaw/52.277614_21.043379_h0.jpg,warsaw,52.277614,21.043379,0,2024-06,streetview
data/images/warsaw/52.277614_21.043379_h90.jpg,warsaw,52.277614,21.043379,90,2024-06,streetview
data/images/warsaw/52.277614_21.043379_h180.jpg,warsaw,52.277614,21.043379,180,2024-06,streetview
data/images/warsaw/52.277614_21.043379_h270.jpg,warsaw,52.277614,21.043379,270,2024-06,streetview
data/images/warsaw/52.249587_20.986976_h0.jpg,warsaw,52.249587,20.986976,0,2024-08,streetview
data/images/warsaw/52.249587_20.986976_h90.jpg,warsaw,52.249587,20.986976,90,2024-08,streetview
data/images/warsaw/52.249587_20.986976_h180.jpg,warsaw,52.249587,20.986976,180,2024-08,streetview
data/images/warsaw/52.249587_20.986976_h270.jpg,warsaw,52.249587,20.986976,270,2024-08,streetview
data/images/warsaw/52.256055_21.052139_h0.jpg,warsaw,52.256055,21.052139,0,2022-05,streetview
data/images/warsaw/52.256055_21.052139_h90.jpg,warsaw,52.256055,21.052139,90,2022-05,streetview
data/images/warsaw/52.256055_21.052139_h180.jpg,warsaw,52.256055,21.052139,180,2022-05,streetview
data/images/warsaw/52.256055_21.052139_h270.jpg,warsaw,52.256055,21.052139,270,2022-05,streetview
data/images/warsaw/52.249587_21.041559_h0.jpg,warsaw,52.249587,21.041559,0,2024-08,streetview
data/images/warsaw/52.249587_21.041559_h90.jpg,warsaw,52.249587,21.041559,90,2024-08,streetview
data/images/warsaw/52.249587_21.041559_h180.jpg,warsaw,52.249587,21.041559,180,2024-08,streetview
data/images/warsaw/52.249587_21.041559_h270.jpg,warsaw,52.249587,21.041559,270,2024-08,streetview
data/images/warsaw/52.202156_20.98166_h0.jpg,warsaw,52.202156,20.98166,0,2020-09,streetview
data/images/warsaw/52.202156_20.98166_h90.jpg,warsaw,52.202156,20.98166,90,2020-09,streetview
data/images/warsaw/52.202156_20.98166_h180.jpg,warsaw,52.202156,20.98166,180,2020-09,streetview
data/images/warsaw/52.202156_20.98166_h270.jpg,warsaw,52.202156,20.98166,270,2020-09,streetview
data/images/warsaw/52.220481_21.011586_h0.jpg,warsaw,52.220481,21.011586,0,2024-08,streetview
data/images/warsaw/52.220481_21.011586_h90.jpg,warsaw,52.220481,21.011586,90,2024-08,streetview
data/images/warsaw/52.220481_21.011586_h180.jpg,warsaw,52.220481,21.011586,180,2024-08,streetview
data/images/warsaw/52.220481_21.011586_h270.jpg,warsaw,52.220481,21.011586,270,2024-08,streetview
data/images/warsaw/52.202156_20.951759_h0.jpg,warsaw,52.202156,20.951759,0,2024-07,streetview
data/images/warsaw/52.202156_20.951759_h90.jpg,warsaw,52.202156,20.951759,90,2024-07,streetview
data/images/warsaw/52.202156_20.951759_h180.jpg,warsaw,52.202156,20.951759,180,2024-07,streetview
data/images/warsaw/52.202156_20.951759_h270.jpg,warsaw,52.202156,20.951759,270,2024-07,streetview
data/images/warsaw/52.27977_21.064527_h0.jpg,warsaw,52.27977,21.064527,0,2022-05,streetview
data/images/warsaw/52.27977_21.064527_h90.jpg,warsaw,52.27977,21.064527,90,2022-05,streetview
data/images/warsaw/52.27977_21.064527_h180.jpg,warsaw,52.27977,21.064527,180,2022-05,streetview
data/images/warsaw/52.27977_21.064527_h270.jpg,warsaw,52.27977,21.064527,270,2022-05,streetview
data/images/warsaw/52.220481_21.020384_h0.jpg,warsaw,52.220481,21.020384,0,2024-08,streetview
data/images/warsaw/52.220481_21.020384_h90.jpg,warsaw,52.220481,21.020384,90,2024-08,streetview
data/images/warsaw/52.220481_21.020384_h180.jpg,warsaw,52.220481,21.020384,180,2024-08,streetview
data/images/warsaw/52.220481_21.020384_h270.jpg,warsaw,52.220481,21.020384,270,2024-08,streetview
data/images/warsaw/52.257133_21.036292_h0.jpg,warsaw,52.257133,21.036292,0,2023-02,streetview
data/images/warsaw/52.257133_21.036292_h90.jpg,warsaw,52.257133,21.036292,90,2023-02,streetview
data/images/warsaw/52.257133_21.036292_h180.jpg,warsaw,52.257133,21.036292,180,2023-02,streetview
data/images/warsaw/52.257133_21.036292_h270.jpg,warsaw,52.257133,21.036292,270,2023-02,streetview
data/images/warsaw/52.275458_21.062754_h0.jpg,warsaw,52.275458,21.062754,0,2022-05,streetview
data/images/warsaw/52.275458_21.062754_h90.jpg,warsaw,52.275458,21.062754,90,2022-05,streetview
data/images/warsaw/52.275458_21.062754_h180.jpg,warsaw,52.275458,21.062754,180,2022-05,streetview
data/images/warsaw/52.275458_21.062754_h270.jpg,warsaw,52.275458,21.062754,270,2022-05,streetview
data/images/warsaw/52.251743_20.955283_h0.jpg,warsaw,52.251743,20.955283,0,2025-10,streetview
data/images/warsaw/52.251743_20.955283_h90.jpg,warsaw,52.251743,20.955283,90,2025-10,streetview
data/images/warsaw/52.251743_20.955283_h180.jpg,warsaw,52.251743,20.955283,180,2025-10,streetview
data/images/warsaw/52.251743_20.955283_h270.jpg,warsaw,52.251743,20.955283,270,2025-10,streetview
data/images/warsaw/52.20539_20.953518_h0.jpg,warsaw,52.20539,20.953518,0,2022-07,streetview
data/images/warsaw/52.20539_20.953518_h90.jpg,warsaw,52.20539,20.953518,90,2022-07,streetview
data/images/warsaw/52.20539_20.953518_h180.jpg,warsaw,52.20539,20.953518,180,2022-07,streetview
data/images/warsaw/52.20539_20.953518_h270.jpg,warsaw,52.20539,20.953518,270,2022-07,streetview
data/images/warsaw/52.250665_20.999302_h0.jpg,warsaw,52.250665,20.999302,0,2019-06,streetview
data/images/warsaw/52.250665_20.999302_h90.jpg,warsaw,52.250665,20.999302,90,2019-06,streetview
data/images/warsaw/52.250665_20.999302_h180.jpg,warsaw,52.250665,20.999302,180,2019-06,streetview
data/images/warsaw/52.250665_20.999302_h270.jpg,warsaw,52.250665,20.999302,270,2019-06,streetview
data/images/warsaw/52.27977_21.02224_h0.jpg,warsaw,52.27977,21.02224,0,2022-05,streetview
data/images/warsaw/52.27977_21.02224_h90.jpg,warsaw,52.27977,21.02224,90,2022-05,streetview
data/images/warsaw/52.27977_21.02224_h180.jpg,warsaw,52.27977,21.02224,180,2022-05,streetview
data/images/warsaw/52.27977_21.02224_h270.jpg,warsaw,52.27977,21.02224,270,2022-05,streetview
data/images/warsaw/52.256055_20.971132_h0.jpg,warsaw,52.256055,20.971132,0,2024-08,streetview
data/images/warsaw/52.256055_20.971132_h90.jpg,warsaw,52.256055,20.971132,90,2024-08,streetview
data/images/warsaw/52.256055_20.971132_h180.jpg,warsaw,52.256055,20.971132,180,2024-08,streetview
data/images/warsaw/52.256055_20.971132_h270.jpg,warsaw,52.256055,20.971132,270,2024-08,streetview
data/images/warsaw/52.257133_21.002832_h0.jpg,warsaw,52.257133,21.002832,0,2018-09,streetview
data/images/warsaw/52.257133_21.002832_h90.jpg,warsaw,52.257133,21.002832,90,2018-09,streetview
data/images/warsaw/52.257133_21.002832_h180.jpg,warsaw,52.257133,21.002832,180,2018-09,streetview
data/images/warsaw/52.257133_21.002832_h270.jpg,warsaw,52.257133,21.002832,270,2018-09,streetview
data/images/warsaw/52.286238_21.031062_h0.jpg,warsaw,52.286238,21.031062,0,2022-05,streetview
data/images/warsaw/52.286238_21.031062_h90.jpg,warsaw,52.286238,21.031062,90,2022-05,streetview
data/images/warsaw/52.286238_21.031062_h180.jpg,warsaw,52.286238,21.031062,180,2022-05,streetview
data/images/warsaw/52.286238_21.031062_h270.jpg,warsaw,52.286238,21.031062,270,2022-05,streetview
data/images/warsaw/52.202156_20.971106_h0.jpg,warsaw,52.202156,20.971106,0,2022-07,streetview
data/images/warsaw/52.202156_20.971106_h90.jpg,warsaw,52.202156,20.971106,90,2022-07,streetview
data/images/warsaw/52.202156_20.971106_h180.jpg,warsaw,52.202156,20.971106,180,2022-07,streetview
data/images/warsaw/52.202156_20.971106_h270.jpg,warsaw,52.202156,20.971106,270,2022-07,streetview
data/images/warsaw/52.275458_21.020471_h0.jpg,warsaw,52.275458,21.020471,0,2022-05,streetview
data/images/warsaw/52.275458_21.020471_h90.jpg,warsaw,52.275458,21.020471,90,2022-05,streetview
data/images/warsaw/52.275458_21.020471_h180.jpg,warsaw,52.275458,21.020471,180,2022-05,streetview
data/images/warsaw/52.275458_21.020471_h270.jpg,warsaw,52.275458,21.020471,270,2022-05,streetview
data/images/warsaw/52.229105_21.018638_h0.jpg,warsaw,52.229105,21.018638,0,2023-03,streetview
data/images/warsaw/52.229105_21.018638_h90.jpg,warsaw,52.229105,21.018638,90,2023-03,streetview
data/images/warsaw/52.229105_21.018638_h180.jpg,warsaw,52.229105,21.018638,180,2023-03,streetview
data/images/warsaw/52.229105_21.018638_h270.jpg,warsaw,52.229105,21.018638,270,2023-03,streetview
data/images/warsaw/52.209702_21.037959_h0.jpg,warsaw,52.209702,21.037959,0,2022-07,streetview
data/images/warsaw/52.209702_21.037959_h90.jpg,warsaw,52.209702,21.037959,90,2022-07,streetview
data/images/warsaw/52.209702_21.037959_h180.jpg,warsaw,52.209702,21.037959,180,2022-07,streetview
data/images/warsaw/52.209702_21.037959_h270.jpg,warsaw,52.209702,21.037959,270,2022-07,streetview
data/images/warsaw/52.284082_21.025771_h0.jpg,warsaw,52.284082,21.025771,0,2022-05,streetview
data/images/warsaw/52.284082_21.025771_h90.jpg,warsaw,52.284082,21.025771,90,2022-05,streetview
data/images/warsaw/52.284082_21.025771_h180.jpg,warsaw,52.284082,21.025771,180,2022-05,streetview
data/images/warsaw/52.284082_21.025771_h270.jpg,warsaw,52.284082,21.025771,270,2022-05,streetview
data/images/warsaw/52.27438_21.036325_h0.jpg,warsaw,52.27438,21.036325,0,2022-05,streetview
data/images/warsaw/52.27438_21.036325_h90.jpg,warsaw,52.27438,21.036325,90,2022-05,streetview
data/images/warsaw/52.27438_21.036325_h180.jpg,warsaw,52.27438,21.036325,180,2022-05,streetview
data/images/warsaw/52.27438_21.036325_h270.jpg,warsaw,52.27438,21.036325,270,2022-05,streetview
data/images/warsaw/52.225871_21.018633_h0.jpg,warsaw,52.225871,21.018633,0,2024-08,streetview
data/images/warsaw/52.225871_21.018633_h90.jpg,warsaw,52.225871,21.018633,90,2024-08,streetview
data/images/warsaw/52.225871_21.018633_h180.jpg,warsaw,52.225871,21.018633,180,2024-08,streetview
data/images/warsaw/52.225871_21.018633_h270.jpg,warsaw,52.225871,21.018633,270,2024-08,streetview
data/images/warsaw/52.220481_20.979913_h0.jpg,warsaw,52.220481,20.979913,0,2022-07,streetview
data/images/warsaw/52.220481_20.979913_h90.jpg,warsaw,52.220481,20.979913,90,2022-07,streetview
data/images/warsaw/52.220481_20.979913_h180.jpg,warsaw,52.220481,20.979913,180,2022-07,streetview
data/images/warsaw/52.220481_20.979913_h270.jpg,warsaw,52.220481,20.979913,270,2022-07,streetview
data/images/warsaw/52.248509_20.988736_h0.jpg,warsaw,52.248509,20.988736,0,2021-08,streetview
data/images/warsaw/52.248509_20.988736_h90.jpg,warsaw,52.248509,20.988736,90,2021-08,streetview
data/images/warsaw/52.248509_20.988736_h180.jpg,warsaw,52.248509,20.988736,180,2021-08,streetview
data/images/warsaw/52.248509_20.988736_h270.jpg,warsaw,52.248509,20.988736,270,2021-08,streetview
data/images/warsaw/52.288394_20.958811_h0.jpg,warsaw,52.288394,20.958811,0,2023-12,streetview
data/images/warsaw/52.288394_20.958811_h90.jpg,warsaw,52.288394,20.958811,90,2023-12,streetview
data/images/warsaw/52.288394_20.958811_h180.jpg,warsaw,52.288394,20.958811,180,2023-12,streetview
data/images/warsaw/52.288394_20.958811_h270.jpg,warsaw,52.288394,20.958811,270,2023-12,streetview
data/images/warsaw/52.237729_21.016891_h0.jpg,warsaw,52.237729,21.016891,0,2021-05,streetview
data/images/warsaw/52.237729_21.016891_h90.jpg,warsaw,52.237729,21.016891,90,2021-05,streetview
data/images/warsaw/52.237729_21.016891_h180.jpg,warsaw,52.237729,21.016891,180,2021-05,streetview
data/images/warsaw/52.237729_21.016891_h270.jpg,warsaw,52.237729,21.016891,270,2021-05,streetview
data/images/warsaw/52.215092_20.964075_h0.jpg,warsaw,52.215092,20.964075,0,2022-07,streetview
data/images/warsaw/52.215092_20.964075_h90.jpg,warsaw,52.215092,20.964075,90,2022-07,streetview
data/images/warsaw/52.215092_20.964075_h180.jpg,warsaw,52.215092,20.964075,180,2022-07,streetview
data/images/warsaw/52.215092_20.964075_h270.jpg,warsaw,52.215092,20.964075,270,2022-07,streetview
data/images/warsaw/52.225871_20.992235_h0.jpg,warsaw,52.225871,20.992235,0,2024-08,streetview
data/images/warsaw/52.225871_20.992235_h90.jpg,warsaw,52.225871,20.992235,90,2024-08,streetview
data/images/warsaw/52.225871_20.992235_h180.jpg,warsaw,52.225871,20.992235,180,2024-08,streetview
data/images/warsaw/52.225871_20.992235_h270.jpg,warsaw,52.225871,20.992235,270,2024-08,streetview
data/images/warsaw/52.273302_21.057463_h0.jpg,warsaw,52.273302,21.057463,0,2022-05,streetview
data/images/warsaw/52.273302_21.057463_h90.jpg,warsaw,52.273302,21.057463,90,2022-05,streetview
data/images/warsaw/52.273302_21.057463_h180.jpg,warsaw,52.273302,21.057463,180,2022-05,streetview
data/images/warsaw/52.273302_21.057463_h270.jpg,warsaw,52.273302,21.057463,270,2022-05,streetview
data/images/warsaw/52.287316_21.062784_h0.jpg,warsaw,52.287316,21.062784,0,2022-05,streetview
data/images/warsaw/52.287316_21.062784_h90.jpg,warsaw,52.287316,21.062784,90,2022-05,streetview
data/images/warsaw/52.287316_21.062784_h180.jpg,warsaw,52.287316,21.062784,180,2022-05,streetview
data/images/warsaw/52.287316_21.062784_h270.jpg,warsaw,52.287316,21.062784,270,2022-05,streetview
data/images/warsaw/52.208624_21.029161_h0.jpg,warsaw,52.208624,21.029161,0,2024-09,streetview
data/images/warsaw/52.208624_21.029161_h90.jpg,warsaw,52.208624,21.029161,90,2024-09,streetview
data/images/warsaw/52.208624_21.029161_h180.jpg,warsaw,52.208624,21.029161,180,2024-09,streetview
data/images/warsaw/52.208624_21.029161_h270.jpg,warsaw,52.208624,21.029161,270,2024-09,streetview
data/images/warsaw/52.232339_21.067925_h0.jpg,warsaw,52.232339,21.067925,0,2022-06,streetview
data/images/warsaw/52.232339_21.067925_h90.jpg,warsaw,52.232339,21.067925,90,2022-06,streetview
data/images/warsaw/52.232339_21.067925_h180.jpg,warsaw,52.232339,21.067925,180,2022-06,streetview
data/images/warsaw/52.232339_21.067925_h270.jpg,warsaw,52.232339,21.067925,270,2022-06,streetview
data/images/warsaw/52.229105_20.997518_h0.jpg,warsaw,52.229105,20.997518,0,2022-08,streetview
data/images/warsaw/52.229105_20.997518_h90.jpg,warsaw,52.229105,20.997518,90,2022-08,streetview
data/images/warsaw/52.229105_20.997518_h180.jpg,warsaw,52.229105,20.997518,180,2022-08,streetview
data/images/warsaw/52.229105_20.997518_h270.jpg,warsaw,52.229105,20.997518,270,2022-08,streetview
data/images/warsaw/52.287316_21.066309_h0.jpg,warsaw,52.287316,21.066309,0,2022-05,streetview
data/images/warsaw/52.287316_21.066309_h90.jpg,warsaw,52.287316,21.066309,90,2022-05,streetview
data/images/warsaw/52.287316_21.066309_h180.jpg,warsaw,52.287316,21.066309,180,2022-05,streetview
data/images/warsaw/52.287316_21.066309_h270.jpg,warsaw,52.287316,21.066309,270,2022-05,streetview
data/images/warsaw/52.28516_21.009914_h0.jpg,warsaw,52.28516,21.009914,0,2022-10,streetview
data/images/warsaw/52.28516_21.009914_h90.jpg,warsaw,52.28516,21.009914,90,2022-10,streetview
data/images/warsaw/52.28516_21.009914_h180.jpg,warsaw,52.28516,21.009914,180,2022-10,streetview
data/images/warsaw/52.28516_21.009914_h270.jpg,warsaw,52.28516,21.009914,270,2022-10,streetview
data/images/warsaw/52.211858_20.957037_h0.jpg,warsaw,52.211858,20.957037,0,2024-08,streetview
data/images/warsaw/52.211858_20.957037_h90.jpg,warsaw,52.211858,20.957037,90,2024-08,streetview
data/images/warsaw/52.211858_20.957037_h180.jpg,warsaw,52.211858,20.957037,180,2024-08,streetview
data/images/warsaw/52.211858_20.957037_h270.jpg,warsaw,52.211858,20.957037,270,2024-08,streetview
data/images/warsaw/52.272224_21.018704_h0.jpg,warsaw,52.272224,21.018704,0,2020-10,streetview
data/images/warsaw/52.272224_21.018704_h90.jpg,warsaw,52.272224,21.018704,90,2020-10,streetview
data/images/warsaw/52.272224_21.018704_h180.jpg,warsaw,52.272224,21.018704,180,2020-10,streetview
data/images/warsaw/52.272224_21.018704_h270.jpg,warsaw,52.272224,21.018704,270,2020-10,streetview
data/images/warsaw/52.202156_20.979901_h0.jpg,warsaw,52.202156,20.979901,0,2020-09,streetview
data/images/warsaw/52.202156_20.979901_h90.jpg,warsaw,52.202156,20.979901,90,2020-09,streetview
data/images/warsaw/52.202156_20.979901_h180.jpg,warsaw,52.202156,20.979901,180,2020-09,streetview
data/images/warsaw/52.202156_20.979901_h270.jpg,warsaw,52.202156,20.979901,270,2020-09,streetview
data/images/warsaw/52.204312_21.020358_h0.jpg,warsaw,52.204312,21.020358,0,2023-03,streetview
data/images/warsaw/52.204312_21.020358_h90.jpg,warsaw,52.204312,21.020358,90,2023-03,streetview
data/images/warsaw/52.204312_21.020358_h180.jpg,warsaw,52.204312,21.020358,180,2023-03,streetview
data/images/warsaw/52.204312_21.020358_h270.jpg,warsaw,52.204312,21.020358,270,2023-03,streetview
data/images/warsaw/52.206468_21.032675_h0.jpg,warsaw,52.206468,21.032675,0,2022-07,streetview
data/images/warsaw/52.206468_21.032675_h90.jpg,warsaw,52.206468,21.032675,90,2022-07,streetview
data/images/warsaw/52.206468_21.032675_h180.jpg,warsaw,52.206468,21.032675,180,2022-07,streetview
data/images/warsaw/52.206468_21.032675_h270.jpg,warsaw,52.206468,21.032675,270,2022-07,streetview
data/images/warsaw/52.242041_21.073232_h0.jpg,warsaw,52.242041,21.073232,0,2022-06,streetview
data/images/warsaw/52.242041_21.073232_h90.jpg,warsaw,52.242041,21.073232,90,2022-06,streetview
data/images/warsaw/52.242041_21.073232_h180.jpg,warsaw,52.242041,21.073232,180,2022-06,streetview
data/images/warsaw/52.242041_21.073232_h270.jpg,warsaw,52.242041,21.073232,270,2022-06,streetview
data/images/warsaw/52.20539_21.039709_h0.jpg,warsaw,52.20539,21.039709,0,2023-05,streetview
data/images/warsaw/52.20539_21.039709_h90.jpg,warsaw,52.20539,21.039709,90,2023-05,streetview
data/images/warsaw/52.20539_21.039709_h180.jpg,warsaw,52.20539,21.039709,180,2023-05,streetview
data/images/warsaw/52.20539_21.039709_h270.jpg,warsaw,52.20539,21.039709,270,2023-05,streetview
data/images/warsaw/52.224793_20.95352_h0.jpg,warsaw,52.224793,20.95352,0,2020-10,streetview
data/images/warsaw/52.224793_20.95352_h90.jpg,warsaw,52.224793,20.95352,90,2020-10,streetview
data/images/warsaw/52.224793_20.95352_h180.jpg,warsaw,52.224793,20.95352,180,2020-10,streetview
data/images/warsaw/52.224793_20.95352_h270.jpg,warsaw,52.224793,20.95352,270,2020-10,streetview
data/images/warsaw/52.239885_21.062664_h0.jpg,warsaw,52.239885,21.062664,0,2024-08,streetview
data/images/warsaw/52.239885_21.062664_h90.jpg,warsaw,52.239885,21.062664,90,2024-08,streetview
data/images/warsaw/52.239885_21.062664_h180.jpg,warsaw,52.239885,21.062664,180,2024-08,streetview
data/images/warsaw/52.239885_21.062664_h270.jpg,warsaw,52.239885,21.062664,270,2024-08,streetview
data/images/warsaw/52.232339_21.066165_h0.jpg,warsaw,52.232339,21.066165,0,2019-09,streetview
data/images/warsaw/52.232339_21.066165_h90.jpg,warsaw,52.232339,21.066165,90,2019-09,streetview
data/images/warsaw/52.232339_21.066165_h180.jpg,warsaw,52.232339,21.066165,180,2019-09,streetview
data/images/warsaw/52.232339_21.066165_h270.jpg,warsaw,52.232339,21.066165,270,2019-09,streetview
data/images/warsaw/52.204312_21.078404_h0.jpg,warsaw,52.204312,21.078404,0,2024-09,streetview
data/images/warsaw/52.204312_21.078404_h90.jpg,warsaw,52.204312,21.078404,90,2024-09,streetview
data/images/warsaw/52.204312_21.078404_h180.jpg,warsaw,52.204312,21.078404,180,2024-09,streetview
data/images/warsaw/52.204312_21.078404_h270.jpg,warsaw,52.204312,21.078404,270,2024-09,streetview
data/images/warsaw/52.235573_21.060892_h0.jpg,warsaw,52.235573,21.060892,0,2022-06,streetview
data/images/warsaw/52.235573_21.060892_h90.jpg,warsaw,52.235573,21.060892,90,2022-06,streetview
data/images/warsaw/52.235573_21.060892_h180.jpg,warsaw,52.235573,21.060892,180,2022-06,streetview
data/images/warsaw/52.235573_21.060892_h270.jpg,warsaw,52.235573,21.060892,270,2022-06,streetview
data/images/warsaw/52.225871_21.069667_h0.jpg,warsaw,52.225871,21.069667,0,2022-06,streetview
data/images/warsaw/52.225871_21.069667_h90.jpg,warsaw,52.225871,21.069667,90,2022-06,streetview
data/images/warsaw/52.225871_21.069667_h180.jpg,warsaw,52.225871,21.069667,180,2022-06,streetview
data/images/warsaw/52.225871_21.069667_h270.jpg,warsaw,52.225871,21.069667,270,2022-06,streetview
data/images/warsaw/52.288394_21.075123_h0.jpg,warsaw,52.288394,21.075123,0,2024-08,streetview
data/images/warsaw/52.288394_21.075123_h90.jpg,warsaw,52.288394,21.075123,90,2024-08,streetview
data/images/warsaw/52.288394_21.075123_h180.jpg,warsaw,52.288394,21.075123,180,2024-08,streetview
data/images/warsaw/52.288394_21.075123_h270.jpg,warsaw,52.288394,21.075123,270,2024-08,streetview
data/images/warsaw/52.264678_21.078579_h0.jpg,warsaw,52.264678,21.078579,0,2024-08,streetview
data/images/warsaw/52.264678_21.078579_h90.jpg,warsaw,52.264678,21.078579,90,2024-08,streetview
data/images/warsaw/52.264678_21.078579_h180.jpg,warsaw,52.264678,21.078579,180,2024-08,streetview
data/images/warsaw/52.264678_21.078579_h270.jpg,warsaw,52.264678,21.078579,270,2024-08,streetview
data/images/warsaw/52.270068_20.955285_h0.jpg,warsaw,52.270068,20.955285,0,2019-09,streetview
data/images/warsaw/52.270068_20.955285_h90.jpg,warsaw,52.270068,20.955285,90,2019-09,streetview
data/images/warsaw/52.270068_20.955285_h180.jpg,warsaw,52.270068,20.955285,180,2019-09,streetview
data/images/warsaw/52.270068_20.955285_h270.jpg,warsaw,52.270068,20.955285,270,2019-09,streetview
data/images/warsaw/52.217248_21.008063_h0.jpg,warsaw,52.217248,21.008063,0,2025-08,streetview
data/images/warsaw/52.217248_21.008063_h90.jpg,warsaw,52.217248,21.008063,90,2025-08,streetview
data/images/warsaw/52.217248_21.008063_h180.jpg,warsaw,52.217248,21.008063,180,2025-08,streetview
data/images/warsaw/52.217248_21.008063_h270.jpg,warsaw,52.217248,21.008063,270,2025-08,streetview
data/images/warsaw/52.288394_21.071598_h0.jpg,warsaw,52.288394,21.071598,0,2023-04,streetview
data/images/warsaw/52.288394_21.071598_h90.jpg,warsaw,52.288394,21.071598,90,2023-04,streetview
data/images/warsaw/52.288394_21.071598_h180.jpg,warsaw,52.288394,21.071598,180,2023-04,streetview
data/images/warsaw/52.288394_21.071598_h270.jpg,warsaw,52.288394,21.071598,270,2023-04,streetview
data/images/warsaw/52.215092_20.983428_h0.jpg,warsaw,52.215092,20.983428,0,2022-07,streetview
data/images/warsaw/52.215092_20.983428_h90.jpg,warsaw,52.215092,20.983428,90,2022-07,streetview
data/images/warsaw/52.215092_20.983428_h180.jpg,warsaw,52.215092,20.983428,180,2022-07,streetview
data/images/warsaw/52.215092_20.983428_h270.jpg,warsaw,52.215092,20.983428,270,2022-07,streetview
data/images/warsaw/52.230183_21.00104_h0.jpg,warsaw,52.230183,21.00104,0,2024-08,streetview
data/images/warsaw/52.230183_21.00104_h90.jpg,warsaw,52.230183,21.00104,90,2024-08,streetview
data/images/warsaw/52.230183_21.00104_h180.jpg,warsaw,52.230183,21.00104,180,2024-08,streetview
data/images/warsaw/52.230183_21.00104_h270.jpg,warsaw,52.230183,21.00104,270,2024-08,streetview
data/images/warsaw/52.26899_20.979946_h0.jpg,warsaw,52.26899,20.979946,0,2024-08,streetview
data/images/warsaw/52.26899_20.979946_h90.jpg,warsaw,52.26899,20.979946,90,2024-08,streetview
data/images/warsaw/52.26899_20.979946_h180.jpg,warsaw,52.26899,20.979946,180,2024-08,streetview
data/images/warsaw/52.26899_20.979946_h270.jpg,warsaw,52.26899,20.979946,270,2024-08,streetview
data/images/warsaw/52.238807_21.015132_h0.jpg,warsaw,52.238807,21.015132,0,2022-06,streetview
data/images/warsaw/52.238807_21.015132_h90.jpg,warsaw,52.238807,21.015132,90,2022-06,streetview
data/images/warsaw/52.238807_21.015132_h180.jpg,warsaw,52.238807,21.015132,180,2022-06,streetview
data/images/warsaw/52.238807_21.015132_h270.jpg,warsaw,52.238807,21.015132,270,2022-06,streetview
data/images/warsaw/52.224793_21.041508_h0.jpg,warsaw,52.224793,21.041508,0,2022-06,streetview
data/images/warsaw/52.224793_21.041508_h90.jpg,warsaw,52.224793,21.041508,90,2022-06,streetview
data/images/warsaw/52.224793_21.041508_h180.jpg,warsaw,52.224793,21.041508,180,2022-06,streetview
data/images/warsaw/52.224793_21.041508_h270.jpg,warsaw,52.224793,21.041508,270,2022-06,streetview
data/images/warsaw/52.264678_20.97642_h0.jpg,warsaw,52.264678,20.97642,0,2020-10,streetview
data/images/warsaw/52.264678_20.97642_h90.jpg,warsaw,52.264678,20.97642,90,2020-10,streetview
data/images/warsaw/52.264678_20.97642_h180.jpg,warsaw,52.264678,20.97642,180,2020-10,streetview
data/images/warsaw/52.264678_20.97642_h270.jpg,warsaw,52.264678,20.97642,270,2020-10,streetview
data/images/warsaw/52.238807_21.078504_h0.jpg,warsaw,52.238807,21.078504,0,2024-08,streetview
data/images/warsaw/52.238807_21.078504_h90.jpg,warsaw,52.238807,21.078504,90,2024-08,streetview
data/images/warsaw/52.238807_21.078504_h180.jpg,warsaw,52.238807,21.078504,180,2024-08,streetview
data/images/warsaw/52.238807_21.078504_h270.jpg,warsaw,52.238807,21.078504,270,2024-08,streetview
data/images/warsaw/52.259289_20.969373_h0.jpg,warsaw,52.259289,20.969373,0,2024-08,streetview
data/images/warsaw/52.259289_20.969373_h90.jpg,warsaw,52.259289,20.969373,90,2024-08,streetview
data/images/warsaw/52.259289_20.969373_h180.jpg,warsaw,52.259289,20.969373,180,2024-08,streetview
data/images/warsaw/52.259289_20.969373_h270.jpg,warsaw,52.259289,20.969373,270,2024-08,streetview
data/images/warsaw/52.289472_21.045166_h0.jpg,warsaw,52.289472,21.045166,0,2022-05,streetview
data/images/warsaw/52.289472_21.045166_h90.jpg,warsaw,52.289472,21.045166,90,2022-05,streetview
data/images/warsaw/52.289472_21.045166_h180.jpg,warsaw,52.289472,21.045166,180,2022-05,streetview
data/images/warsaw/52.289472_21.045166_h270.jpg,warsaw,52.289472,21.045166,270,2022-05,streetview
data/images/warsaw/52.203234_20.978143_h0.jpg,warsaw,52.203234,20.978143,0,2022-07,streetview
data/images/warsaw/52.203234_20.978143_h90.jpg,warsaw,52.203234,20.978143,90,2022-07,streetview
data/images/warsaw/52.203234_20.978143_h180.jpg,warsaw,52.203234,20.978143,180,2022-07,streetview
data/images/warsaw/52.203234_20.978143_h270.jpg,warsaw,52.203234,20.978143,270,2022-07,streetview
data/images/warsaw/52.223715_21.004552_h0.jpg,warsaw,52.223715,21.004552,0,2024-09,streetview
data/images/warsaw/52.223715_21.004552_h90.jpg,warsaw,52.223715,21.004552,90,2024-09,streetview
data/images/warsaw/52.223715_21.004552_h180.jpg,warsaw,52.223715,21.004552,180,2024-09,streetview
data/images/warsaw/52.223715_21.004552_h270.jpg,warsaw,52.223715,21.004552,270,2024-09,streetview
data/images/warsaw/52.21078_21.069627_h0.jpg,warsaw,52.21078,21.069627,0,2021-04,streetview
data/images/warsaw/52.21078_21.069627_h90.jpg,warsaw,52.21078,21.069627,90,2021-04,streetview
data/images/warsaw/52.21078_21.069627_h180.jpg,warsaw,52.21078,21.069627,180,2021-04,streetview
data/images/warsaw/52.21078_21.069627_h270.jpg,warsaw,52.21078,21.069627,270,2021-04,streetview
data/images/warsaw/52.224793_21.037988_h0.jpg,warsaw,52.224793,21.037988,0,2022-06,streetview
data/images/warsaw/52.224793_21.037988_h90.jpg,warsaw,52.224793,21.037988,90,2022-06,streetview
data/images/warsaw/52.224793_21.037988_h180.jpg,warsaw,52.224793,21.037988,180,2022-06,streetview
data/images/warsaw/52.224793_21.037988_h270.jpg,warsaw,52.224793,21.037988,270,2022-06,streetview
data/images/warsaw/52.231261_21.060882_h0.jpg,warsaw,52.231261,21.060882,0,2022-06,streetview
data/images/warsaw/52.231261_21.060882_h90.jpg,warsaw,52.231261,21.060882,90,2022-06,streetview
data/images/warsaw/52.231261_21.060882_h180.jpg,warsaw,52.231261,21.060882,180,2022-06,streetview
data/images/warsaw/52.231261_21.060882_h270.jpg,warsaw,52.231261,21.060882,270,2022-06,streetview
data/images/warsaw/52.214014_20.957037_h0.jpg,warsaw,52.214014,20.957037,0,2024-08,streetview
data/images/warsaw/52.214014_20.957037_h90.jpg,warsaw,52.214014,20.957037,90,2024-08,streetview
data/images/warsaw/52.214014_20.957037_h180.jpg,warsaw,52.214014,20.957037,180,2024-08,streetview
data/images/warsaw/52.214014_20.957037_h270.jpg,warsaw,52.214014,20.957037,270,2024-08,streetview
data/images/warsaw/52.271146_20.981709_h0.jpg,warsaw,52.271146,20.981709,0,2022-10,streetview
data/images/warsaw/52.271146_20.981709_h90.jpg,warsaw,52.271146,20.981709,90,2022-10,streetview
data/images/warsaw/52.271146_20.981709_h180.jpg,warsaw,52.271146,20.981709,180,2022-10,streetview
data/images/warsaw/52.271146_20.981709_h270.jpg,warsaw,52.271146,20.981709,270,2022-10,streetview
data/images/warsaw/52.248509_21.076771_h0.jpg,warsaw,52.248509,21.076771,0,2022-05,streetview
data/images/warsaw/52.248509_21.076771_h90.jpg,warsaw,52.248509,21.076771,90,2022-05,streetview
data/images/warsaw/52.248509_21.076771_h180.jpg,warsaw,52.248509,21.076771,180,2022-05,streetview
data/images/warsaw/52.248509_21.076771_h270.jpg,warsaw,52.248509,21.076771,270,2022-05,streetview
data/images/warsaw/52.225871_20.985196_h0.jpg,warsaw,52.225871,20.985196,0,2022-06,streetview
data/images/warsaw/52.225871_20.985196_h90.jpg,warsaw,52.225871,20.985196,90,2022-06,streetview
data/images/warsaw/52.225871_20.985196_h180.jpg,warsaw,52.225871,20.985196,180,2022-06,streetview
data/images/warsaw/52.225871_20.985196_h270.jpg,warsaw,52.225871,20.985196,270,2022-06,streetview
data/images/warsaw/52.260367_20.976418_h0.jpg,warsaw,52.260367,20.976418,0,2024-08,streetview
data/images/warsaw/52.260367_20.976418_h90.jpg,warsaw,52.260367,20.976418,90,2024-08,streetview
data/images/warsaw/52.260367_20.976418_h180.jpg,warsaw,52.260367,20.976418,180,2024-08,streetview
data/images/warsaw/52.260367_20.976418_h270.jpg,warsaw,52.260367,20.976418,270,2024-08,streetview
data/images/warsaw/52.240963_20.974646_h0.jpg,warsaw,52.240963,20.974646,0,2024-08,streetview
data/images/warsaw/52.240963_20.974646_h90.jpg,warsaw,52.240963,20.974646,90,2024-08,streetview
data/images/warsaw/52.240963_20.974646_h180.jpg,warsaw,52.240963,20.974646,180,2024-08,streetview
data/images/warsaw/52.240963_20.974646_h270.jpg,warsaw,52.240963,20.974646,270,2024-08,streetview
data/images/warsaw/52.245275_20.957042_h0.jpg,warsaw,52.245275,20.957042,0,2022-06,streetview
data/images/warsaw/52.245275_20.957042_h90.jpg,warsaw,52.245275,20.957042,90,2022-06,streetview
data/images/warsaw/52.245275_20.957042_h180.jpg,warsaw,52.245275,20.957042,180,2022-06,streetview
data/images/warsaw/52.245275_20.957042_h270.jpg,warsaw,52.245275,20.957042,270,2022-06,streetview
data/images/warsaw/52.229105_20.972879_h0.jpg,warsaw,52.229105,20.972879,0,2024-08,streetview
data/images/warsaw/52.229105_20.972879_h90.jpg,warsaw,52.229105,20.972879,90,2024-08,streetview
data/images/warsaw/52.229105_20.972879_h180.jpg,warsaw,52.229105,20.972879,180,2024-08,streetview
data/images/warsaw/52.229105_20.972879_h270.jpg,warsaw,52.229105,20.972879,270,2024-08,streetview
data/images/warsaw/52.209702_21.018608_h0.jpg,warsaw,52.209702,21.018608,0,2022-05,streetview
data/images/warsaw/52.209702_21.018608_h90.jpg,warsaw,52.209702,21.018608,90,2022-05,streetview
data/images/warsaw/52.209702_21.018608_h180.jpg,warsaw,52.209702,21.018608,180,2022-05,streetview
data/images/warsaw/52.209702_21.018608_h270.jpg,warsaw,52.209702,21.018608,270,2022-05,streetview
data/images/warsaw/52.232339_20.979921_h0.jpg,warsaw,52.232339,20.979921,0,2022-08,streetview
data/images/warsaw/52.232339_20.979921_h90.jpg,warsaw,52.232339,20.979921,90,2022-08,streetview
data/images/warsaw/52.232339_20.979921_h180.jpg,warsaw,52.232339,20.979921,180,2022-08,streetview
data/images/warsaw/52.232339_20.979921_h270.jpg,warsaw,52.232339,20.979921,270,2022-08,streetview
data/images/warsaw/52.229105_20.992239_h0.jpg,warsaw,52.229105,20.992239,0,2022-06,streetview
data/images/warsaw/52.229105_20.992239_h90.jpg,warsaw,52.229105,20.992239,90,2022-06,streetview
data/images/warsaw/52.229105_20.992239_h180.jpg,warsaw,52.229105,20.992239,180,2022-06,streetview
data/images/warsaw/52.229105_20.992239_h270.jpg,warsaw,52.229105,20.992239,270,2022-06,streetview
data/images/warsaw/52.202156_20.953518_h0.jpg,warsaw,52.202156,20.953518,0,2024-07,streetview
data/images/warsaw/52.202156_20.953518_h90.jpg,warsaw,52.202156,20.953518,90,2024-07,streetview
data/images/warsaw/52.202156_20.953518_h180.jpg,warsaw,52.202156,20.953518,180,2024-07,streetview
data/images/warsaw/52.202156_20.953518_h270.jpg,warsaw,52.202156,20.953518,270,2024-07,streetview
data/images/warsaw/52.201078_20.981659_h0.jpg,warsaw,52.201078,20.981659,0,2022-07,streetview
data/images/warsaw/52.201078_20.981659_h90.jpg,warsaw,52.201078,20.981659,90,2022-07,streetview
data/images/warsaw/52.201078_20.981659_h180.jpg,warsaw,52.201078,20.981659,180,2022-07,streetview
data/images/warsaw/52.201078_20.981659_h270.jpg,warsaw,52.201078,20.981659,270,2022-07,streetview
data/images/warsaw/52.247431_21.069725_h0.jpg,warsaw,52.247431,21.069725,0,2024-08,streetview
data/images/warsaw/52.247431_21.069725_h90.jpg,warsaw,52.247431,21.069725,90,2024-08,streetview
data/images/warsaw/52.247431_21.069725_h180.jpg,warsaw,52.247431,21.069725,180,2024-08,streetview
data/images/warsaw/52.247431_21.069725_h270.jpg,warsaw,52.247431,21.069725,270,2024-08,streetview
data/images/warsaw/52.277614_21.075093_h0.jpg,warsaw,52.277614,21.075093,0,2022-05,streetview
data/images/warsaw/52.277614_21.075093_h90.jpg,warsaw,52.277614,21.075093,90,2022-05,streetview
data/images/warsaw/52.277614_21.075093_h180.jpg,warsaw,52.277614,21.075093,180,2022-05,streetview
data/images/warsaw/52.277614_21.075093_h270.jpg,warsaw,52.277614,21.075093,270,2022-05,streetview
data/images/warsaw/52.217248_20.964076_h0.jpg,warsaw,52.217248,20.964076,0,2024-07,streetview
data/images/warsaw/52.217248_20.964076_h90.jpg,warsaw,52.217248,20.964076,90,2024-07,streetview
data/images/warsaw/52.217248_20.964076_h180.jpg,warsaw,52.217248,20.964076,180,2024-07,streetview
data/images/warsaw/52.217248_20.964076_h270.jpg,warsaw,52.217248,20.964076,270,2024-07,streetview
data/images/warsaw/52.236651_20.997526_h0.jpg,warsaw,52.236651,20.997526,0,2020-02,streetview
data/images/warsaw/52.236651_20.997526_h90.jpg,warsaw,52.236651,20.997526,90,2020-02,streetview
data/images/warsaw/52.236651_20.997526_h180.jpg,warsaw,52.236651,20.997526,180,2020-02,streetview
data/images/warsaw/52.236651_20.997526_h270.jpg,warsaw,52.236651,20.997526,270,2020-02,streetview
data/images/warsaw/52.231261_20.9764_h0.jpg,warsaw,52.231261,20.9764,0,2022-01,streetview
data/images/warsaw/52.231261_20.9764_h90.jpg,warsaw,52.231261,20.9764,90,2022-01,streetview
data/images/warsaw/52.231261_20.9764_h180.jpg,warsaw,52.231261,20.9764,180,2022-01,streetview
data/images/warsaw/52.231261_20.9764_h270.jpg,warsaw,52.231261,20.9764,270,2022-01,streetview
data/images/warsaw/52.266834_21.075062_h0.jpg,warsaw,52.266834,21.075062,0,2019-08,streetview
data/images/warsaw/52.266834_21.075062_h90.jpg,warsaw,52.266834,21.075062,90,2019-08,streetview
data/images/warsaw/52.266834_21.075062_h180.jpg,warsaw,52.266834,21.075062,180,2019-08,streetview
data/images/warsaw/52.266834_21.075062_h270.jpg,warsaw,52.266834,21.075062,270,2019-08,streetview
data/images/warsaw/52.244197_21.074998_h0.jpg,warsaw,52.244197,21.074998,0,2024-08,streetview
data/images/warsaw/52.244197_21.074998_h90.jpg,warsaw,52.244197,21.074998,90,2024-08,streetview
data/images/warsaw/52.244197_21.074998_h180.jpg,warsaw,52.244197,21.074998,180,2024-08,streetview
data/images/warsaw/52.244197_21.074998_h270.jpg,warsaw,52.244197,21.074998,270,2024-08,streetview
data/images/warsaw/52.229105_21.009838_h0.jpg,warsaw,52.229105,21.009838,0,2024-08,streetview
data/images/warsaw/52.229105_21.009838_h90.jpg,warsaw,52.229105,21.009838,90,2024-08,streetview
data/images/warsaw/52.229105_21.009838_h180.jpg,warsaw,52.229105,21.009838,180,2024-08,streetview
data/images/warsaw/52.229105_21.009838_h270.jpg,warsaw,52.229105,21.009838,270,2024-08,streetview
data/images/warsaw/52.207546_21.04675_h0.jpg,warsaw,52.207546,21.04675,0,2024-08,streetview
data/images/warsaw/52.207546_21.04675_h90.jpg,warsaw,52.207546,21.04675,90,2024-08,streetview
data/images/warsaw/52.207546_21.04675_h180.jpg,warsaw,52.207546,21.04675,180,2024-08,streetview
data/images/warsaw/52.207546_21.04675_h270.jpg,warsaw,52.207546,21.04675,270,2024-08,streetview
data/images/warsaw/52.240963_21.050343_h0.jpg,warsaw,52.240963,21.050343,0,2024-08,streetview
data/images/warsaw/52.240963_21.050343_h90.jpg,warsaw,52.240963,21.050343,90,2024-08,streetview
data/images/warsaw/52.240963_21.050343_h180.jpg,warsaw,52.240963,21.050343,180,2024-08,streetview
data/images/warsaw/52.240963_21.050343_h270.jpg,warsaw,52.240963,21.050343,270,2024-08,streetview
data/images/warsaw/52.245275_21.07148_h0.jpg,warsaw,52.245275,21.07148,0,2022-05,streetview
data/images/warsaw/52.245275_21.07148_h90.jpg,warsaw,52.245275,21.07148,90,2022-05,streetview
data/images/warsaw/52.245275_21.07148_h180.jpg,warsaw,52.245275,21.07148,180,2022-05,streetview
data/images/warsaw/52.245275_21.07148_h270.jpg,warsaw,52.245275,21.07148,270,2022-05,streetview
data/images/warsaw/52.276536_21.016949_h0.jpg,warsaw,52.276536,21.016949,0,2021-10,streetview
data/images/warsaw/52.276536_21.016949_h90.jpg,warsaw,52.276536,21.016949,90,2021-10,streetview
data/images/warsaw/52.276536_21.016949_h180.jpg,warsaw,52.276536,21.016949,180,2021-10,streetview
data/images/warsaw/52.276536_21.016949_h270.jpg,warsaw,52.276536,21.016949,270,2021-10,streetview
data/images/warsaw/52.230183_21.055599_h0.jpg,warsaw,52.230183,21.055599,0,2022-06,streetview
data/images/warsaw/52.230183_21.055599_h90.jpg,warsaw,52.230183,21.055599,90,2022-06,streetview
data/images/warsaw/52.230183_21.055599_h180.jpg,warsaw,52.230183,21.055599,180,2022-06,streetview
data/images/warsaw/52.230183_21.055599_h270.jpg,warsaw,52.230183,21.055599,270,2022-06,streetview
data/images/warsaw/52.256055_21.048617_h0.jpg,warsaw,52.256055,21.048617,0,2023-02,streetview
data/images/warsaw/52.256055_21.048617_h90.jpg,warsaw,52.256055,21.048617,90,2023-02,streetview
data/images/warsaw/52.256055_21.048617_h180.jpg,warsaw,52.256055,21.048617,180,2023-02,streetview
data/images/warsaw/52.256055_21.048617_h270.jpg,warsaw,52.256055,21.048617,270,2023-02,streetview
data/images/warsaw/52.236651_21.055614_h0.jpg,warsaw,52.236651,21.055614,0,2022-06,streetview
data/images/warsaw/52.236651_21.055614_h90.jpg,warsaw,52.236651,21.055614,90,2022-06,streetview
data/images/warsaw/52.236651_21.055614_h180.jpg,warsaw,52.236651,21.055614,180,2022-06,streetview
data/images/warsaw/52.236651_21.055614_h270.jpg,warsaw,52.236651,21.055614,270,2022-06,streetview
data/images/warsaw/52.228027_21.004557_h0.jpg,warsaw,52.228027,21.004557,0,2021-09,streetview
data/images/warsaw/52.228027_21.004557_h90.jpg,warsaw,52.228027,21.004557,90,2021-09,streetview
data/images/warsaw/52.228027_21.004557_h180.jpg,warsaw,52.228027,21.004557,180,2021-09,streetview
data/images/warsaw/52.228027_21.004557_h270.jpg,warsaw,52.228027,21.004557,270,2021-09,streetview
data/images/warsaw/52.231261_21.022161_h0.jpg,warsaw,52.231261,21.022161,0,2025-02,streetview
data/images/warsaw/52.231261_21.022161_h90.jpg,warsaw,52.231261,21.022161,90,2025-02,streetview
data/images/warsaw/52.231261_21.022161_h180.jpg,warsaw,52.231261,21.022161,180,2025-02,streetview
data/images/warsaw/52.231261_21.022161_h270.jpg,warsaw,52.231261,21.022161,270,2025-02,streetview
data/images/warsaw/52.208624_21.062584_h0.jpg,warsaw,52.208624,21.062584,0,2022-03,streetview
data/images/warsaw/52.208624_21.062584_h90.jpg,warsaw,52.208624,21.062584,90,2022-03,streetview
data/images/warsaw/52.208624_21.062584_h180.jpg,warsaw,52.208624,21.062584,180,2022-03,streetview
data/images/warsaw/52.208624_21.062584_h270.jpg,warsaw,52.208624,21.062584,270,2022-03,streetview
data/images/warsaw/52.211858_20.965833_h0.jpg,warsaw,52.211858,20.965833,0,2024-07,streetview
data/images/warsaw/52.211858_20.965833_h90.jpg,warsaw,52.211858,20.965833,90,2024-07,streetview
data/images/warsaw/52.211858_20.965833_h180.jpg,warsaw,52.211858,20.965833,180,2024-07,streetview
data/images/warsaw/52.211858_20.965833_h270.jpg,warsaw,52.211858,20.965833,270,2024-07,streetview
data/images/warsaw/52.237729_21.002808_h0.jpg,warsaw,52.237729,21.002808,0,2021-12,streetview
data/images/warsaw/52.237729_21.002808_h90.jpg,warsaw,52.237729,21.002808,90,2021-12,streetview
data/images/warsaw/52.237729_21.002808_h180.jpg,warsaw,52.237729,21.002808,180,2021-12,streetview
data/images/warsaw/52.237729_21.002808_h270.jpg,warsaw,52.237729,21.002808,270,2021-12,streetview
data/images/warsaw/52.217248_21.009822_h0.jpg,warsaw,52.217248,21.009822,0,2023-03,streetview
data/images/warsaw/52.217248_21.009822_h90.jpg,warsaw,52.217248,21.009822,90,2023-03,streetview
data/images/warsaw/52.217248_21.009822_h180.jpg,warsaw,52.217248,21.009822,180,2023-03,streetview
data/images/warsaw/52.217248_21.009822_h270.jpg,warsaw,52.217248,21.009822,270,2023-03,streetview
data/images/warsaw/52.21078_20.955278_h0.jpg,warsaw,52.21078,20.955278,0,2024-07,streetview
data/images/warsaw/52.21078_20.955278_h90.jpg,warsaw,52.21078,20.955278,90,2024-07,streetview
data/images/warsaw/52.21078_20.955278_h180.jpg,warsaw,52.21078,20.955278,180,2024-07,streetview
data/images/warsaw/52.21078_20.955278_h270.jpg,warsaw,52.21078,20.955278,270,2024-07,streetview
data/images/warsaw/52.251743_20.979934_h0.jpg,warsaw,52.251743,20.979934,0,2021-04,streetview
data/images/warsaw/52.251743_20.979934_h90.jpg,warsaw,52.251743,20.979934,90,2021-04,streetview
data/images/warsaw/52.251743_20.979934_h180.jpg,warsaw,52.251743,20.979934,180,2021-04,streetview
data/images/warsaw/52.251743_20.979934_h270.jpg,warsaw,52.251743,20.979934,270,2021-04,streetview
data/images/warsaw/52.207546_21.030918_h0.jpg,warsaw,52.207546,21.030918,0,2018-12,streetview
data/images/warsaw/52.207546_21.030918_h90.jpg,warsaw,52.207546,21.030918,90,2018-12,streetview
data/images/warsaw/52.207546_21.030918_h180.jpg,warsaw,52.207546,21.030918,180,2018-12,streetview
data/images/warsaw/52.207546_21.030918_h270.jpg,warsaw,52.207546,21.030918,270,2018-12,streetview
data/images/warsaw/52.207546_20.965832_h0.jpg,warsaw,52.207546,20.965832,0,2024-07,streetview
data/images/warsaw/52.207546_20.965832_h90.jpg,warsaw,52.207546,20.965832,90,2024-07,streetview
data/images/warsaw/52.207546_20.965832_h180.jpg,warsaw,52.207546,20.965832,180,2024-07,streetview
data/images/warsaw/52.207546_20.965832_h270.jpg,warsaw,52.207546,20.965832,270,2024-07,streetview
data/images/warsaw/52.272224_20.986995_h0.jpg,warsaw,52.272224,20.986995,0,2022-10,streetview
data/images/warsaw/52.272224_20.986995_h90.jpg,warsaw,52.272224,20.986995,90,2022-10,streetview
data/images/warsaw/52.272224_20.986995_h180.jpg,warsaw,52.272224,20.986995,180,2022-10,streetview
data/images/warsaw/52.272224_20.986995_h270.jpg,warsaw,52.272224,20.986995,270,2022-10,streetview
data/images/warsaw/52.237729_21.046816_h0.jpg,warsaw,52.237729,21.046816,0,2024-08,streetview
data/images/warsaw/52.237729_21.046816_h90.jpg,warsaw,52.237729,21.046816,90,2024-08,streetview
data/images/warsaw/52.237729_21.046816_h180.jpg,warsaw,52.237729,21.046816,180,2024-08,streetview
data/images/warsaw/52.237729_21.046816_h270.jpg,warsaw,52.237729,21.046816,270,2024-08,streetview
data/images/warsaw/52.275458_21.05923_h0.jpg,warsaw,52.275458,21.05923,0,2022-05,streetview
data/images/warsaw/52.275458_21.05923_h90.jpg,warsaw,52.275458,21.05923,90,2022-05,streetview
data/images/warsaw/52.275458_21.05923_h180.jpg,warsaw,52.275458,21.05923,180,2022-05,streetview
data/images/warsaw/52.275458_21.05923_h270.jpg,warsaw,52.275458,21.05923,270,2022-05,streetview
data/images/warsaw/52.259289_21.041579_h0.jpg,warsaw,52.259289,21.041579,0,2024-08,streetview
data/images/warsaw/52.259289_21.041579_h90.jpg,warsaw,52.259289,21.041579,90,2024-08,streetview
data/images/warsaw/52.259289_21.041579_h180.jpg,warsaw,52.259289,21.041579,180,2024-08,streetview
data/images/warsaw/52.259289_21.041579_h270.jpg,warsaw,52.259289,21.041579,270,2024-08,streetview
data/images/warsaw/52.229105_21.057356_h0.jpg,warsaw,52.229105,21.057356,0,2024-08,streetview
data/images/warsaw/52.229105_21.057356_h90.jpg,warsaw,52.229105,21.057356,90,2024-08,streetview
data/images/warsaw/52.229105_21.057356_h180.jpg,warsaw,52.229105,21.057356,180,2024-08,streetview
data/images/warsaw/52.229105_21.057356_h270.jpg,warsaw,52.229105,21.057356,270,2024-08,streetview
data/images/warsaw/52.231261_21.053842_h0.jpg,warsaw,52.231261,21.053842,0,2019-08,streetview
data/images/warsaw/52.231261_21.053842_h90.jpg,warsaw,52.231261,21.053842,90,2019-08,streetview
data/images/warsaw/52.231261_21.053842_h180.jpg,warsaw,52.231261,21.053842,180,2019-08,streetview
data/images/warsaw/52.231261_21.053842_h270.jpg,warsaw,52.231261,21.053842,270,2019-08,streetview
data/images/warsaw/52.244197_21.001056_h0.jpg,warsaw,52.244197,21.001056,0,2024-08,streetview
data/images/warsaw/52.244197_21.001056_h90.jpg,warsaw,52.244197,21.001056,90,2024-08,streetview
data/images/warsaw/52.244197_21.001056_h180.jpg,warsaw,52.244197,21.001056,180,2024-08,streetview
data/images/warsaw/52.244197_21.001056_h270.jpg,warsaw,52.244197,21.001056,270,2024-08,streetview
data/images/warsaw/52.283004_20.955286_h0.jpg,warsaw,52.283004,20.955286,0,2022-11,streetview
data/images/warsaw/52.283004_20.955286_h90.jpg,warsaw,52.283004,20.955286,90,2022-11,streetview
data/images/warsaw/52.283004_20.955286_h180.jpg,warsaw,52.283004,20.955286,180,2022-11,streetview
data/images/warsaw/52.283004_20.955286_h270.jpg,warsaw,52.283004,20.955286,270,2022-11,streetview
data/images/warsaw/52.217248_21.004544_h0.jpg,warsaw,52.217248,21.004544,0,2025-10,streetview
data/images/warsaw/52.217248_21.004544_h90.jpg,warsaw,52.217248,21.004544,90,2025-10,streetview
data/images/warsaw/52.217248_21.004544_h180.jpg,warsaw,52.217248,21.004544,180,2025-10,streetview
data/images/warsaw/52.217248_21.004544_h270.jpg,warsaw,52.217248,21.004544,270,2025-10,streetview
data/images/warsaw/52.226949_20.95352_h0.jpg,warsaw,52.226949,20.95352,0,2022-06,streetview
data/images/warsaw/52.226949_20.95352_h90.jpg,warsaw,52.226949,20.95352,90,2022-06,streetview
data/images/warsaw/52.226949_20.95352_h180.jpg,warsaw,52.226949,20.95352,180,2022-06,streetview
data/images/warsaw/52.226949_20.95352_h270.jpg,warsaw,52.226949,20.95352,270,2022-06,streetview
data/images/warsaw/52.261444_20.955284_h0.jpg,warsaw,52.261444,20.955284,0,2024-08,streetview
data/images/warsaw/52.261444_20.955284_h90.jpg,warsaw,52.261444,20.955284,90,2024-08,streetview
data/images/warsaw/52.261444_20.955284_h180.jpg,warsaw,52.261444,20.955284,180,2024-08,streetview
data/images/warsaw/52.261444_20.955284_h270.jpg,warsaw,52.261444,20.955284,270,2024-08,streetview
data/images/warsaw/52.236651_20.992246_h0.jpg,warsaw,52.236651,20.992246,0,2024-08,streetview
data/images/warsaw/52.236651_20.992246_h90.jpg,warsaw,52.236651,20.992246,90,2024-08,streetview
data/images/warsaw/52.236651_20.992246_h180.jpg,warsaw,52.236651,20.992246,180,2024-08,streetview
data/images/warsaw/52.236651_20.992246_h270.jpg,warsaw,52.236651,20.992246,270,2024-08,streetview
data/images/warsaw/52.234495_21.032727_h0.jpg,warsaw,52.234495,21.032727,0,2024-08,streetview
data/images/warsaw/52.234495_21.032727_h90.jpg,warsaw,52.234495,21.032727,90,2024-08,streetview
data/images/warsaw/52.234495_21.032727_h180.jpg,warsaw,52.234495,21.032727,180,2024-08,streetview
data/images/warsaw/52.234495_21.032727_h270.jpg,warsaw,52.234495,21.032727,270,2024-08,streetview
data/images/warsaw/52.262522_21.016928_h0.jpg,warsaw,52.262522,21.016928,0,2024-08,streetview
data/images/warsaw/52.262522_21.016928_h90.jpg,warsaw,52.262522,21.016928,90,2024-08,streetview
data/images/warsaw/52.262522_21.016928_h180.jpg,warsaw,52.262522,21.016928,180,2024-08,streetview
data/images/warsaw/52.262522_21.016928_h270.jpg,warsaw,52.262522,21.016928,270,2024-08,streetview
data/images/warsaw/52.257133_20.972894_h0.jpg,warsaw,52.257133,20.972894,0,2021-04,streetview
data/images/warsaw/52.257133_20.972894_h90.jpg,warsaw,52.257133,20.972894,90,2021-04,streetview
data/images/warsaw/52.257133_20.972894_h180.jpg,warsaw,52.257133,20.972894,180,2021-04,streetview
data/images/warsaw/52.257133_20.972894_h270.jpg,warsaw,52.257133,20.972894,270,2021-04,streetview
data/images/warsaw/52.239885_21.073226_h0.jpg,warsaw,52.239885,21.073226,0,2024-08,streetview
data/images/warsaw/52.239885_21.073226_h90.jpg,warsaw,52.239885,21.073226,90,2024-08,streetview
data/images/warsaw/52.239885_21.073226_h180.jpg,warsaw,52.239885,21.073226,180,2024-08,streetview
data/images/warsaw/52.239885_21.073226_h270.jpg,warsaw,52.239885,21.073226,270,2024-08,streetview
data/images/warsaw/52.221559_20.976395_h0.jpg,warsaw,52.221559,20.976395,0,2024-09,streetview
data/images/warsaw/52.221559_20.976395_h90.jpg,warsaw,52.221559,20.976395,90,2024-09,streetview
data/images/warsaw/52.221559_20.976395_h180.jpg,warsaw,52.221559,20.976395,180,2024-09,streetview
data/images/warsaw/52.221559_20.976395_h270.jpg,warsaw,52.221559,20.976395,270,2024-09,streetview
data/images/warsaw/52.244197_21.006337_h0.jpg,warsaw,52.244197,21.006337,0,2021-09,streetview
data/images/warsaw/52.244197_21.006337_h90.jpg,warsaw,52.244197,21.006337,90,2021-09,streetview
data/images/warsaw/52.244197_21.006337_h180.jpg,warsaw,52.244197,21.006337,180,2021-09,streetview
data/images/warsaw/52.244197_21.006337_h270.jpg,warsaw,52.244197,21.006337,270,2021-09,streetview
data/images/warsaw/52.238807_21.009851_h0.jpg,warsaw,52.238807,21.009851,0,2022-06,streetview
data/images/warsaw/52.238807_21.009851_h90.jpg,warsaw,52.238807,21.009851,90,2022-06,streetview
data/images/warsaw/52.238807_21.009851_h180.jpg,warsaw,52.238807,21.009851,180,2022-06,streetview
data/images/warsaw/52.238807_21.009851_h270.jpg,warsaw,52.238807,21.009851,270,2022-06,streetview
data/images/warsaw/52.236651_21.030971_h0.jpg,warsaw,52.236651,21.030971,0,2024-08,streetview
data/images/warsaw/52.236651_21.030971_h90.jpg,warsaw,52.236651,21.030971,90,2024-08,streetview
data/images/warsaw/52.236651_21.030971_h180.jpg,warsaw,52.236651,21.030971,180,2024-08,streetview
data/images/warsaw/52.236651_21.030971_h270.jpg,warsaw,52.236651,21.030971,270,2024-08,streetview
data/images/warsaw/52.244197_20.969366_h0.jpg,warsaw,52.244197,20.969366,0,2022-06,streetview
data/images/warsaw/52.244197_20.969366_h90.jpg,warsaw,52.244197,20.969366,90,2022-06,streetview
data/images/warsaw/52.244197_20.969366_h180.jpg,warsaw,52.244197,20.969366,180,2022-06,streetview
data/images/warsaw/52.244197_20.969366_h270.jpg,warsaw,52.244197,20.969366,270,2022-06,streetview
data/images/warsaw/52.203234_21.069606_h0.jpg,warsaw,52.203234,21.069606,0,2024-08,streetview
data/images/warsaw/52.203234_21.069606_h90.jpg,warsaw,52.203234,21.069606,90,2024-08,streetview
data/images/warsaw/52.203234_21.069606_h180.jpg,warsaw,52.203234,21.069606,180,2024-08,streetview
data/images/warsaw/52.203234_21.069606_h270.jpg,warsaw,52.203234,21.069606,270,2024-08,streetview
data/images/warsaw/52.287316_21.022252_h0.jpg,warsaw,52.287316,21.022252,0,2022-05,streetview
data/images/warsaw/52.287316_21.022252_h90.jpg,warsaw,52.287316,21.022252,90,2022-05,streetview
data/images/warsaw/52.287316_21.022252_h180.jpg,warsaw,52.287316,21.022252,180,2022-05,streetview
data/images/warsaw/52.287316_21.022252_h270.jpg,warsaw,52.287316,21.022252,270,2022-05,streetview
data/images/warsaw/52.228027_21.006317_h0.jpg,warsaw,52.228027,21.006317,0,2026-04,streetview
data/images/warsaw/52.228027_21.006317_h90.jpg,warsaw,52.228027,21.006317,90,2026-04,streetview
data/images/warsaw/52.228027_21.006317_h180.jpg,warsaw,52.228027,21.006317,180,2026-04,streetview
data/images/warsaw/52.228027_21.006317_h270.jpg,warsaw,52.228027,21.006317,270,2026-04,streetview
data/images/warsaw/52.257133_20.964088_h0.jpg,warsaw,52.257133,20.964088,0,2024-08,streetview
data/images/warsaw/52.257133_20.964088_h90.jpg,warsaw,52.257133,20.964088,90,2024-08,streetview
data/images/warsaw/52.257133_20.964088_h180.jpg,warsaw,52.257133,20.964088,180,2024-08,streetview
data/images/warsaw/52.257133_20.964088_h270.jpg,warsaw,52.257133,20.964088,270,2024-08,streetview
data/images/warsaw/52.277614_21.062759_h0.jpg,warsaw,52.277614,21.062759,0,2022-05,streetview
data/images/warsaw/52.277614_21.062759_h90.jpg,warsaw,52.277614,21.062759,90,2022-05,streetview
data/images/warsaw/52.277614_21.062759_h180.jpg,warsaw,52.277614,21.062759,180,2022-05,streetview
data/images/warsaw/52.277614_21.062759_h270.jpg,warsaw,52.277614,21.062759,270,2022-05,streetview
data/images/warsaw/52.259289_20.960567_h0.jpg,warsaw,52.259289,20.960567,0,2024-08,streetview
data/images/warsaw/52.259289_20.960567_h90.jpg,warsaw,52.259289,20.960567,90,2024-08,streetview
data/images/warsaw/52.259289_20.960567_h180.jpg,warsaw,52.259289,20.960567,180,2024-08,streetview
data/images/warsaw/52.259289_20.960567_h270.jpg,warsaw,52.259289,20.960567,270,2024-08,streetview
data/images/warsaw/52.218326_20.98695_h0.jpg,warsaw,52.218326,20.98695,0,2022-07,streetview
data/images/warsaw/52.218326_20.98695_h90.jpg,warsaw,52.218326,20.98695,90,2022-07,streetview
data/images/warsaw/52.218326_20.98695_h180.jpg,warsaw,52.218326,20.98695,180,2022-07,streetview
data/images/warsaw/52.218326_20.98695_h270.jpg,warsaw,52.218326,20.98695,270,2022-07,streetview
data/images/warsaw/52.240963_21.073229_h0.jpg,warsaw,52.240963,21.073229,0,2024-08,streetview
data/images/warsaw/52.240963_21.073229_h90.jpg,warsaw,52.240963,21.073229,90,2024-08,streetview
data/images/warsaw/52.240963_21.073229_h180.jpg,warsaw,52.240963,21.073229,180,2024-08,streetview
data/images/warsaw/52.240963_21.073229_h270.jpg,warsaw,52.240963,21.073229,270,2024-08,streetview
data/images/warsaw/52.259289_21.04334_h0.jpg,warsaw,52.259289,21.04334,0,2024-08,streetview
data/images/warsaw/52.259289_21.04334_h90.jpg,warsaw,52.259289,21.04334,90,2024-08,streetview
data/images/warsaw/52.259289_21.04334_h180.jpg,warsaw,52.259289,21.04334,180,2024-08,streetview
data/images/warsaw/52.259289_21.04334_h270.jpg,warsaw,52.259289,21.04334,270,2024-08,streetview
data/images/warsaw/52.276536_21.050424_h0.jpg,warsaw,52.276536,21.050424,0,2024-08,streetview
data/images/warsaw/52.276536_21.050424_h90.jpg,warsaw,52.276536,21.050424,90,2024-08,streetview
data/images/warsaw/52.276536_21.050424_h180.jpg,warsaw,52.276536,21.050424,180,2024-08,streetview
data/images/warsaw/52.276536_21.050424_h270.jpg,warsaw,52.276536,21.050424,270,2024-08,streetview
data/images/warsaw/52.248509_20.995778_h0.jpg,warsaw,52.248509,20.995778,0,2024-08,streetview
data/images/warsaw/52.248509_20.995778_h90.jpg,warsaw,52.248509,20.995778,90,2024-08,streetview
data/images/warsaw/52.248509_20.995778_h180.jpg,warsaw,52.248509,20.995778,180,2024-08,streetview
data/images/warsaw/52.248509_20.995778_h270.jpg,warsaw,52.248509,20.995778,270,2024-08,streetview
data/images/warsaw/52.245275_21.062677_h0.jpg,warsaw,52.245275,21.062677,0,2022-05,streetview
data/images/warsaw/52.245275_21.062677_h90.jpg,warsaw,52.245275,21.062677,90,2022-05,streetview
data/images/warsaw/52.245275_21.062677_h180.jpg,warsaw,52.245275,21.062677,180,2022-05,streetview
data/images/warsaw/52.245275_21.062677_h270.jpg,warsaw,52.245275,21.062677,270,2022-05,streetview
data/images/warsaw/52.218326_20.988709_h0.jpg,warsaw,52.218326,20.988709,0,2022-07,streetview
data/images/warsaw/52.218326_20.988709_h90.jpg,warsaw,52.218326,20.988709,90,2022-07,streetview
data/images/warsaw/52.218326_20.988709_h180.jpg,warsaw,52.218326,20.988709,180,2022-07,streetview
data/images/warsaw/52.218326_20.988709_h270.jpg,warsaw,52.218326,20.988709,270,2022-07,streetview
data/images/warsaw/52.289472_21.052216_h0.jpg,warsaw,52.289472,21.052216,0,2022-05,streetview
data/images/warsaw/52.289472_21.052216_h90.jpg,warsaw,52.289472,21.052216,90,2022-05,streetview
data/images/warsaw/52.289472_21.052216_h180.jpg,warsaw,52.289472,21.052216,180,2022-05,streetview
data/images/warsaw/52.289472_21.052216_h270.jpg,warsaw,52.289472,21.052216,270,2022-05,streetview
data/images/warsaw/52.231261_21.039761_h0.jpg,warsaw,52.231261,21.039761,0,2020-05,streetview
data/images/warsaw/52.231261_21.039761_h90.jpg,warsaw,52.231261,21.039761,90,2020-05,streetview
data/images/warsaw/52.231261_21.039761_h180.jpg,warsaw,52.231261,21.039761,180,2020-05,streetview
data/images/warsaw/52.231261_21.039761_h270.jpg,warsaw,52.231261,21.039761,270,2020-05,streetview
data/images/warsaw/52.252821_20.9905_h0.jpg,warsaw,52.252821,20.9905,0,2024-08,streetview
data/images/warsaw/52.252821_20.9905_h90.jpg,warsaw,52.252821,20.9905,90,2024-08,streetview
data/images/warsaw/52.252821_20.9905_h180.jpg,warsaw,52.252821,20.9905,180,2024-08,streetview
data/images/warsaw/52.252821_20.9905_h270.jpg,warsaw,52.252821,20.9905,270,2024-08,streetview
data/images/warsaw/52.234495_21.020406_h0.jpg,warsaw,52.234495,21.020406,0,2018-11,streetview
data/images/warsaw/52.234495_21.020406_h90.jpg,warsaw,52.234495,21.020406,90,2018-11,streetview
data/images/warsaw/52.234495_21.020406_h180.jpg,warsaw,52.234495,21.020406,180,2018-11,streetview
data/images/warsaw/52.234495_21.020406_h270.jpg,warsaw,52.234495,21.020406,270,2018-11,streetview
data/images/warsaw/52.249587_21.053884_h0.jpg,warsaw,52.249587,21.053884,0,2022-05,streetview
data/images/warsaw/52.249587_21.053884_h90.jpg,warsaw,52.249587,21.053884,90,2022-05,streetview
data/images/warsaw/52.249587_21.053884_h180.jpg,warsaw,52.249587,21.053884,180,2022-05,streetview
data/images/warsaw/52.249587_21.053884_h270.jpg,warsaw,52.249587,21.053884,270,2022-05,streetview
data/images/warsaw/52.214014_21.023892_h0.jpg,warsaw,52.214014,21.023892,0,2024-08,streetview
data/images/warsaw/52.214014_21.023892_h90.jpg,warsaw,52.214014,21.023892,90,2024-08,streetview
data/images/warsaw/52.214014_21.023892_h180.jpg,warsaw,52.214014,21.023892,180,2024-08,streetview
data/images/warsaw/52.214014_21.023892_h270.jpg,warsaw,52.214014,21.023892,270,2024-08,streetview
data/images/warsaw/52.228027_20.960559_h0.jpg,warsaw,52.228027,20.960559,0,2024-08,streetview
data/images/warsaw/52.228027_20.960559_h90.jpg,warsaw,52.228027,20.960559,90,2024-08,streetview
data/images/warsaw/52.228027_20.960559_h180.jpg,warsaw,52.228027,20.960559,180,2024-08,streetview
data/images/warsaw/52.228027_20.960559_h270.jpg,warsaw,52.228027,20.960559,270,2024-08,streetview
data/images/warsaw/52.253899_21.022198_h0.jpg,warsaw,52.253899,21.022198,0,2024-09,streetview
data/images/warsaw/52.253899_21.022198_h90.jpg,warsaw,52.253899,21.022198,90,2024-09,streetview
data/images/warsaw/52.253899_21.022198_h180.jpg,warsaw,52.253899,21.022198,180,2024-09,streetview
data/images/warsaw/52.253899_21.022198_h270.jpg,warsaw,52.253899,21.022198,270,2024-09,streetview
data/images/warsaw/52.202156_21.046738_h0.jpg,warsaw,52.202156,21.046738,0,2024-08,streetview
data/images/warsaw/52.202156_21.046738_h90.jpg,warsaw,52.202156,21.046738,90,2024-08,streetview
data/images/warsaw/52.202156_21.046738_h180.jpg,warsaw,52.202156,21.046738,180,2024-08,streetview
data/images/warsaw/52.202156_21.046738_h270.jpg,warsaw,52.202156,21.046738,270,2024-08,streetview
data/images/warsaw/52.267912_20.967615_h0.jpg,warsaw,52.267912,20.967615,0,2021-04,streetview
data/images/warsaw/52.267912_20.967615_h90.jpg,warsaw,52.267912,20.967615,90,2021-04,streetview
data/images/warsaw/52.267912_20.967615_h180.jpg,warsaw,52.267912,20.967615,180,2021-04,streetview
data/images/warsaw/52.267912_20.967615_h270.jpg,warsaw,52.267912,20.967615,270,2021-04,streetview
data/images/warsaw/52.232339_21.060884_h0.jpg,warsaw,52.232339,21.060884,0,2024-08,streetview
data/images/warsaw/52.232339_21.060884_h90.jpg,warsaw,52.232339,21.060884,90,2024-08,streetview
data/images/warsaw/52.232339_21.060884_h180.jpg,warsaw,52.232339,21.060884,180,2024-08,streetview
data/images/warsaw/52.232339_21.060884_h270.jpg,warsaw,52.232339,21.060884,270,2024-08,streetview
data/images/warsaw/52.215092_21.039729_h0.jpg,warsaw,52.215092,21.039729,0,2024-08,streetview
data/images/warsaw/52.215092_21.039729_h90.jpg,warsaw,52.215092,21.039729,90,2024-08,streetview
data/images/warsaw/52.215092_21.039729_h180.jpg,warsaw,52.215092,21.039729,180,2024-08,streetview
data/images/warsaw/52.215092_21.039729_h270.jpg,warsaw,52.215092,21.039729,270,2024-08,streetview
data/images/warsaw/52.251743_21.008108_h0.jpg,warsaw,52.251743,21.008108,0,2023-04,streetview
data/images/warsaw/52.251743_21.008108_h90.jpg,warsaw,52.251743,21.008108,90,2023-04,streetview
data/images/warsaw/52.251743_21.008108_h180.jpg,warsaw,52.251743,21.008108,180,2023-04,streetview
data/images/warsaw/52.251743_21.008108_h270.jpg,warsaw,52.251743,21.008108,270,2023-04,streetview
data/images/warsaw/52.204312_20.951759_h0.jpg,warsaw,52.204312,20.951759,0,2022-07,streetview
data/images/warsaw/52.204312_20.951759_h90.jpg,warsaw,52.204312,20.951759,90,2022-07,streetview
data/images/warsaw/52.204312_20.951759_h180.jpg,warsaw,52.204312,20.951759,180,2022-07,streetview
data/images/warsaw/52.204312_20.951759_h270.jpg,warsaw,52.204312,20.951759,270,2022-07,streetview
data/images/warsaw/52.276536_20.978189_h0.jpg,warsaw,52.276536,20.978189,0,2022-10,streetview
data/images/warsaw/52.276536_20.978189_h90.jpg,warsaw,52.276536,20.978189,90,2022-10,streetview
data/images/warsaw/52.276536_20.978189_h180.jpg,warsaw,52.276536,20.978189,180,2022-10,streetview
data/images/warsaw/52.276536_20.978189_h270.jpg,warsaw,52.276536,20.978189,270,2022-10,streetview
data/images/warsaw/52.234495_21.030967_h0.jpg,warsaw,52.234495,21.030967,0,2018-07,streetview
data/images/warsaw/52.234495_21.030967_h90.jpg,warsaw,52.234495,21.030967,90,2018-07,streetview
data/images/warsaw/52.234495_21.030967_h180.jpg,warsaw,52.234495,21.030967,180,2018-07,streetview
data/images/warsaw/52.234495_21.030967_h270.jpg,warsaw,52.234495,21.030967,270,2018-07,streetview
data/images/warsaw/52.247431_20.997538_h0.jpg,warsaw,52.247431,20.997538,0,2024-08,streetview
data/images/warsaw/52.247431_20.997538_h90.jpg,warsaw,52.247431,20.997538,90,2024-08,streetview
data/images/warsaw/52.247431_20.997538_h180.jpg,warsaw,52.247431,20.997538,180,2024-08,streetview
data/images/warsaw/52.247431_20.997538_h270.jpg,warsaw,52.247431,20.997538,270,2024-08,streetview
data/images/warsaw/52.206468_21.00453_h0.jpg,warsaw,52.206468,21.00453,0,2025-10,streetview
data/images/warsaw/52.206468_21.00453_h90.jpg,warsaw,52.206468,21.00453,90,2025-10,streetview
data/images/warsaw/52.206468_21.00453_h180.jpg,warsaw,52.206468,21.00453,180,2025-10,streetview
data/images/warsaw/52.206468_21.00453_h270.jpg,warsaw,52.206468,21.00453,270,2025-10,streetview
data/images/warsaw/52.20539_21.044986_h0.jpg,warsaw,52.20539,21.044986,0,2024-08,streetview
data/images/warsaw/52.20539_21.044986_h90.jpg,warsaw,52.20539,21.044986,90,2024-08,streetview
data/images/warsaw/52.20539_21.044986_h180.jpg,warsaw,52.20539,21.044986,180,2024-08,streetview
data/images/warsaw/52.20539_21.044986_h270.jpg,warsaw,52.20539,21.044986,270,2024-08,streetview
data/images/warsaw/52.278692_21.041619_h0.jpg,warsaw,52.278692,21.041619,0,2018-03,streetview
data/images/warsaw/52.278692_21.041619_h90.jpg,warsaw,52.278692,21.041619,90,2018-03,streetview
data/images/warsaw/52.278692_21.041619_h180.jpg,warsaw,52.278692,21.041619,180,2018-03,streetview
data/images/warsaw/52.278692_21.041619_h270.jpg,warsaw,52.278692,21.041619,270,2018-03,streetview
data/images/warsaw/52.267912_21.022221_h0.jpg,warsaw,52.267912,21.022221,0,2022-07,streetview
data/images/warsaw/52.267912_21.022221_h90.jpg,warsaw,52.267912,21.022221,90,2022-07,streetview
data/images/warsaw/52.267912_21.022221_h180.jpg,warsaw,52.267912,21.022221,180,2022-07,streetview
data/images/warsaw/52.267912_21.022221_h270.jpg,warsaw,52.267912,21.022221,270,2022-07,streetview
data/images/warsaw/52.233417_21.057367_h0.jpg,warsaw,52.233417,21.057367,0,2022-06,streetview
data/images/warsaw/52.233417_21.057367_h90.jpg,warsaw,52.233417,21.057367,90,2022-06,streetview
data/images/warsaw/52.233417_21.057367_h180.jpg,warsaw,52.233417,21.057367,180,2022-06,streetview
data/images/warsaw/52.233417_21.057367_h270.jpg,warsaw,52.233417,21.057367,270,2022-06,streetview
data/images/warsaw/52.212936_21.066114_h0.jpg,warsaw,52.212936,21.066114,0,2022-07,streetview
data/images/warsaw/52.212936_21.066114_h90.jpg,warsaw,52.212936,21.066114,90,2022-07,streetview
data/images/warsaw/52.212936_21.066114_h180.jpg,warsaw,52.212936,21.066114,180,2022-07,streetview
data/images/warsaw/52.212936_21.066114_h270.jpg,warsaw,52.212936,21.066114,270,2022-07,streetview
data/images/warsaw/52.230183_21.036239_h0.jpg,warsaw,52.230183,21.036239,0,2024-08,streetview
data/images/warsaw/52.230183_21.036239_h90.jpg,warsaw,52.230183,21.036239,90,2024-08,streetview
data/images/warsaw/52.230183_21.036239_h180.jpg,warsaw,52.230183,21.036239,180,2024-08,streetview
data/images/warsaw/52.230183_21.036239_h270.jpg,warsaw,52.230183,21.036239,270,2024-08,streetview
data/images/warsaw/52.209702_21.036199_h0.jpg,warsaw,52.209702,21.036199,0,2022-07,streetview
data/images/warsaw/52.209702_21.036199_h90.jpg,warsaw,52.209702,21.036199,90,2022-07,streetview
data/images/warsaw/52.209702_21.036199_h180.jpg,warsaw,52.209702,21.036199,180,2022-07,streetview
data/images/warsaw/52.209702_21.036199_h270.jpg,warsaw,52.209702,21.036199,270,2022-07,streetview
data/images/warsaw/52.237729_20.972884_h0.jpg,warsaw,52.237729,20.972884,0,2022-06,streetview
data/images/warsaw/52.237729_20.972884_h90.jpg,warsaw,52.237729,20.972884,90,2022-06,streetview
data/images/warsaw/52.237729_20.972884_h180.jpg,warsaw,52.237729,20.972884,180,2022-06,streetview
data/images/warsaw/52.237729_20.972884_h270.jpg,warsaw,52.237729,20.972884,270,2022-06,streetview
data/images/warsaw/52.266834_20.979944_h0.jpg,warsaw,52.266834,20.979944,0,2024-08,streetview
data/images/warsaw/52.266834_20.979944_h90.jpg,warsaw,52.266834,20.979944,90,2024-08,streetview
data/images/warsaw/52.266834_20.979944_h180.jpg,warsaw,52.266834,20.979944,180,2024-08,streetview
data/images/warsaw/52.266834_20.979944_h270.jpg,warsaw,52.266834,20.979944,270,2024-08,streetview
data/images/warsaw/52.261444_21.055673_h0.jpg,warsaw,52.261444,21.055673,0,2022-05,streetview
data/images/warsaw/52.261444_21.055673_h90.jpg,warsaw,52.261444,21.055673,90,2022-05,streetview
data/images/warsaw/52.261444_21.055673_h180.jpg,warsaw,52.261444,21.055673,180,2022-05,streetview
data/images/warsaw/52.261444_21.055673_h270.jpg,warsaw,52.261444,21.055673,270,2022-05,streetview
data/images/warsaw/52.281926_21.064532_h0.jpg,warsaw,52.281926,21.064532,0,2024-08,streetview
data/images/warsaw/52.281926_21.064532_h90.jpg,warsaw,52.281926,21.064532,90,2024-08,streetview
data/images/warsaw/52.281926_21.064532_h180.jpg,warsaw,52.281926,21.064532,180,2024-08,streetview
data/images/warsaw/52.281926_21.064532_h270.jpg,warsaw,52.281926,21.064532,270,2024-08,streetview
data/images/warsaw/52.228027_21.059114_h0.jpg,warsaw,52.228027,21.059114,0,2024-08,streetview
data/images/warsaw/52.228027_21.059114_h90.jpg,warsaw,52.228027,21.059114,90,2024-08,streetview
data/images/warsaw/52.228027_21.059114_h180.jpg,warsaw,52.228027,21.059114,180,2024-08,streetview
data/images/warsaw/52.228027_21.059114_h270.jpg,warsaw,52.228027,21.059114,270,2024-08,streetview
data/images/warsaw/52.226949_20.957039_h0.jpg,warsaw,52.226949,20.957039,0,2024-07,streetview
data/images/warsaw/52.226949_20.957039_h90.jpg,warsaw,52.226949,20.957039,90,2024-07,streetview
data/images/warsaw/52.226949_20.957039_h180.jpg,warsaw,52.226949,20.957039,180,2024-07,streetview
data/images/warsaw/52.226949_20.957039_h270.jpg,warsaw,52.226949,20.957039,270,2024-07,streetview
data/images/warsaw/52.284082_20.97467_h0.jpg,warsaw,52.284082,20.97467,0,2022-11,streetview
data/images/warsaw/52.284082_20.97467_h90.jpg,warsaw,52.284082,20.97467,90,2022-11,streetview
data/images/warsaw/52.284082_20.97467_h180.jpg,warsaw,52.284082,20.97467,180,2022-11,streetview
data/images/warsaw/52.284082_20.97467_h270.jpg,warsaw,52.284082,20.97467,270,2022-11,streetview
data/images/warsaw/52.252821_21.046848_h0.jpg,warsaw,52.252821,21.046848,0,2022-05,streetview
data/images/warsaw/52.252821_21.046848_h90.jpg,warsaw,52.252821,21.046848,90,2022-05,streetview
data/images/warsaw/52.252821_21.046848_h180.jpg,warsaw,52.252821,21.046848,180,2022-05,streetview
data/images/warsaw/52.252821_21.046848_h270.jpg,warsaw,52.252821,21.046848,270,2022-05,streetview
data/images/warsaw/52.235573_21.020408_h0.jpg,warsaw,52.235573,21.020408,0,2024-08,streetview
data/images/warsaw/52.235573_21.020408_h90.jpg,warsaw,52.235573,21.020408,90,2024-08,streetview
data/images/warsaw/52.235573_21.020408_h180.jpg,warsaw,52.235573,21.020408,180,2024-08,streetview
data/images/warsaw/52.235573_21.020408_h270.jpg,warsaw,52.235573,21.020408,270,2024-08,streetview
data/images/warsaw/52.201078_20.971106_h0.jpg,warsaw,52.201078,20.971106,0,2024-07,streetview
data/images/warsaw/52.201078_20.971106_h90.jpg,warsaw,52.201078,20.971106,90,2024-07,streetview
data/images/warsaw/52.201078_20.971106_h180.jpg,warsaw,52.201078,20.971106,180,2024-07,streetview
data/images/warsaw/52.201078_20.971106_h270.jpg,warsaw,52.201078,20.971106,270,2024-07,streetview
data/images/warsaw/52.27977_21.036336_h0.jpg,warsaw,52.27977,21.036336,0,2018-03,streetview
data/images/warsaw/52.27977_21.036336_h90.jpg,warsaw,52.27977,21.036336,90,2018-03,streetview
data/images/warsaw/52.27977_21.036336_h180.jpg,warsaw,52.27977,21.036336,180,2018-03,streetview
data/images/warsaw/52.27977_21.036336_h270.jpg,warsaw,52.27977,21.036336,270,2018-03,streetview
data/images/warsaw/52.288394_21.01873_h0.jpg,warsaw,52.288394,21.01873,0,2022-05,streetview
data/images/warsaw/52.288394_21.01873_h90.jpg,warsaw,52.288394,21.01873,90,2022-05,streetview
data/images/warsaw/52.288394_21.01873_h180.jpg,warsaw,52.288394,21.01873,180,2022-05,streetview
data/images/warsaw/52.288394_21.01873_h270.jpg,warsaw,52.288394,21.01873,270,2022-05,streetview
data/images/warsaw/52.212936_21.023891_h0.jpg,warsaw,52.212936,21.023891,0,2022-07,streetview
data/images/warsaw/52.212936_21.023891_h90.jpg,warsaw,52.212936,21.023891,90,2022-07,streetview
data/images/warsaw/52.212936_21.023891_h180.jpg,warsaw,52.212936,21.023891,180,2022-07,streetview
data/images/warsaw/52.212936_21.023891_h270.jpg,warsaw,52.212936,21.023891,270,2022-07,streetview
data/images/warsaw/52.261444_20.96409_h0.jpg,warsaw,52.261444,20.96409,0,2020-10,streetview
data/images/warsaw/52.261444_20.96409_h90.jpg,warsaw,52.261444,20.96409,90,2020-10,streetview
data/images/warsaw/52.261444_20.96409_h180.jpg,warsaw,52.261444,20.96409,180,2020-10,streetview
data/images/warsaw/52.261444_20.96409_h270.jpg,warsaw,52.261444,20.96409,270,2020-10,streetview
data/images/warsaw/52.280848_21.059244_h0.jpg,warsaw,52.280848,21.059244,0,2022-05,streetview
data/images/warsaw/52.280848_21.059244_h90.jpg,warsaw,52.280848,21.059244,90,2022-05,streetview
data/images/warsaw/52.280848_21.059244_h180.jpg,warsaw,52.280848,21.059244,180,2022-05,streetview
data/images/warsaw/52.280848_21.059244_h270.jpg,warsaw,52.280848,21.059244,270,2022-05,streetview
data/images/warsaw/52.28516_21.078638_h0.jpg,warsaw,52.28516,21.078638,0,2023-04,streetview
data/images/warsaw/52.28516_21.078638_h90.jpg,warsaw,52.28516,21.078638,90,2023-04,streetview
data/images/warsaw/52.28516_21.078638_h180.jpg,warsaw,52.28516,21.078638,180,2023-04,streetview
data/images/warsaw/52.28516_21.078638_h270.jpg,warsaw,52.28516,21.078638,270,2023-04,streetview
data/images/warsaw/52.242041_20.964084_h0.jpg,warsaw,52.242041,20.964084,0,2022-06,streetview
data/images/warsaw/52.242041_20.964084_h90.jpg,warsaw,52.242041,20.964084,90,2022-06,streetview
data/images/warsaw/52.242041_20.964084_h180.jpg,warsaw,52.242041,20.964084,180,2022-06,streetview
data/images/warsaw/52.242041_20.964084_h270.jpg,warsaw,52.242041,20.964084,270,2022-06,streetview
data/images/warsaw/52.27438_20.983473_h0.jpg,warsaw,52.27438,20.983473,0,2019-09,streetview
data/images/warsaw/52.27438_20.983473_h90.jpg,warsaw,52.27438,20.983473,90,2019-09,streetview
data/images/warsaw/52.27438_20.983473_h180.jpg,warsaw,52.27438,20.983473,180,2019-09,streetview
data/images/warsaw/52.27438_20.983473_h270.jpg,warsaw,52.27438,20.983473,270,2019-09,streetview
data/images/warsaw/52.248509_21.009864_h0.jpg,warsaw,52.248509,21.009864,0,2022-08,streetview
data/images/warsaw/52.248509_21.009864_h90.jpg,warsaw,52.248509,21.009864,90,2022-08,streetview
data/images/warsaw/52.248509_21.009864_h180.jpg,warsaw,52.248509,21.009864,180,2022-08,streetview
data/images/warsaw/52.248509_21.009864_h270.jpg,warsaw,52.248509,21.009864,270,2022-08,streetview
data/images/warsaw/52.237729_20.957041_h0.jpg,warsaw,52.237729,20.957041,0,2024-08,streetview
data/images/warsaw/52.237729_20.957041_h90.jpg,warsaw,52.237729,20.957041,90,2024-08,streetview
data/images/warsaw/52.237729_20.957041_h180.jpg,warsaw,52.237729,20.957041,180,2024-08,streetview
data/images/warsaw/52.237729_20.957041_h270.jpg,warsaw,52.237729,20.957041,270,2024-08,streetview
data/images/warsaw/52.289472_20.95_h0.jpg,warsaw,52.289472,20.95,0,2024-08,streetview
data/images/warsaw/52.289472_20.95_h90.jpg,warsaw,52.289472,20.95,90,2024-08,streetview
data/images/warsaw/52.289472_20.95_h180.jpg,warsaw,52.289472,20.95,180,2024-08,streetview
data/images/warsaw/52.289472_20.95_h270.jpg,warsaw,52.289472,20.95,270,2024-08,streetview
data/images/warsaw/52.218326_21.043254_h0.jpg,warsaw,52.218326,21.043254,0,2018-01,streetview
data/images/warsaw/52.218326_21.043254_h90.jpg,warsaw,52.218326,21.043254,90,2018-01,streetview
data/images/warsaw/52.218326_21.043254_h180.jpg,warsaw,52.218326,21.043254,180,2018-01,streetview
data/images/warsaw/52.218326_21.043254_h270.jpg,warsaw,52.218326,21.043254,270,2018-01,streetview
data/images/prague/50.060481_14.435561_h0.jpg,prague,50.060481,14.435561,0,2023-11,streetview
data/images/prague/50.060481_14.435561_h90.jpg,prague,50.060481,14.435561,90,2023-11,streetview
data/images/prague/50.060481_14.435561_h180.jpg,prague,50.060481,14.435561,180,2023-11,streetview
data/images/prague/50.060481_14.435561_h270.jpg,prague,50.060481,14.435561,270,2023-11,streetview
data/images/prague/50.105756_14.393615_h0.jpg,prague,50.105756,14.393615,0,2025-09,streetview
data/images/prague/50.105756_14.393615_h90.jpg,prague,50.105756,14.393615,90,2025-09,streetview
data/images/prague/50.105756_14.393615_h180.jpg,prague,50.105756,14.393615,180,2025-09,streetview
data/images/prague/50.105756_14.393615_h270.jpg,prague,50.105756,14.393615,270,2025-09,streetview
data/images/prague/50.073417_14.464135_h0.jpg,prague,50.073417,14.464135,0,2025-09,streetview
data/images/prague/50.073417_14.464135_h90.jpg,prague,50.073417,14.464135,90,2025-09,streetview
data/images/prague/50.073417_14.464135_h180.jpg,prague,50.073417,14.464135,180,2025-09,streetview
data/images/prague/50.073417_14.464135_h270.jpg,prague,50.073417,14.464135,270,2025-09,streetview
data/images/prague/50.102522_14.422183_h0.jpg,prague,50.102522,14.422183,0,2025-09,streetview
data/images/prague/50.102522_14.422183_h90.jpg,prague,50.102522,14.422183,90,2025-09,streetview
data/images/prague/50.102522_14.422183_h180.jpg,prague,50.102522,14.422183,180,2025-09,streetview
data/images/prague/50.102522_14.422183_h270.jpg,prague,50.102522,14.422183,270,2025-09,streetview
data/images/prague/50.062637_14.38183_h0.jpg,prague,50.062637,14.38183,0,2025-09,streetview
data/images/prague/50.062637_14.38183_h90.jpg,prague,50.062637,14.38183,90,2025-09,streetview
data/images/prague/50.062637_14.38183_h180.jpg,prague,50.062637,14.38183,180,2025-09,streetview
data/images/prague/50.062637_14.38183_h270.jpg,prague,50.062637,14.38183,270,2025-09,streetview
data/images/prague/50.099289_14.445706_h0.jpg,prague,50.099289,14.445706,0,2024-10,streetview
data/images/prague/50.099289_14.445706_h90.jpg,prague,50.099289,14.445706,90,2024-10,streetview
data/images/prague/50.099289_14.445706_h180.jpg,prague,50.099289,14.445706,180,2024-10,streetview
data/images/prague/50.099289_14.445706_h270.jpg,prague,50.099289,14.445706,270,2024-10,streetview
data/images/prague/50.099289_14.433942_h0.jpg,prague,50.099289,14.433942,0,2023-03,streetview
data/images/prague/50.099289_14.433942_h90.jpg,prague,50.099289,14.433942,90,2023-03,streetview
data/images/prague/50.099289_14.433942_h180.jpg,prague,50.099289,14.433942,180,2023-03,streetview
data/images/prague/50.099289_14.433942_h270.jpg,prague,50.099289,14.433942,270,2023-03,streetview
data/images/prague/50.101444_14.415459_h0.jpg,prague,50.101444,14.415459,0,2025-04,streetview
data/images/prague/50.101444_14.415459_h90.jpg,prague,50.101444,14.415459,90,2025-04,streetview
data/images/prague/50.101444_14.415459_h180.jpg,prague,50.101444,14.415459,180,2025-04,streetview
data/images/prague/50.101444_14.415459_h270.jpg,prague,50.101444,14.415459,270,2025-04,streetview
data/images/prague/50.04_14.442243_h0.jpg,prague,50.04,14.442243,0,2025-09,streetview
data/images/prague/50.04_14.442243_h90.jpg,prague,50.04,14.442243,90,2025-09,streetview
data/images/prague/50.04_14.442243_h180.jpg,prague,50.04,14.442243,180,2025-09,streetview
data/images/prague/50.04_14.442243_h270.jpg,prague,50.04,14.442243,270,2025-09,streetview
data/images/prague/50.086353_14.385201_h0.jpg,prague,50.086353,14.385201,0,2019-05,streetview
data/images/prague/50.086353_14.385201_h90.jpg,prague,50.086353,14.385201,90,2019-05,streetview
data/images/prague/50.086353_14.385201_h180.jpg,prague,50.086353,14.385201,180,2019-05,streetview
data/images/prague/50.086353_14.385201_h270.jpg,prague,50.086353,14.385201,270,2019-05,streetview
data/images/prague/50.069105_14.365038_h0.jpg,prague,50.069105,14.365038,0,2024-05,streetview
data/images/prague/50.069105_14.365038_h90.jpg,prague,50.069105,14.365038,90,2024-05,streetview
data/images/prague/50.069105_14.365038_h180.jpg,prague,50.069105,14.365038,180,2024-05,streetview
data/images/prague/50.069105_14.365038_h270.jpg,prague,50.069105,14.365038,270,2024-05,streetview
data/images/prague/50.101444_14.398653_h0.jpg,prague,50.101444,14.398653,0,2025-02,streetview
data/images/prague/50.101444_14.398653_h90.jpg,prague,50.101444,14.398653,90,2025-02,streetview
data/images/prague/50.101444_14.398653_h180.jpg,prague,50.101444,14.398653,180,2025-02,streetview
data/images/prague/50.101444_14.398653_h270.jpg,prague,50.101444,14.398653,270,2025-02,streetview
data/images/prague/50.055092_14.370074_h0.jpg,prague,50.055092,14.370074,0,2024-05,streetview
data/images/prague/50.055092_14.370074_h90.jpg,prague,50.055092,14.370074,90,2024-05,streetview
data/images/prague/50.055092_14.370074_h180.jpg,prague,50.055092,14.370074,180,2024-05,streetview
data/images/prague/50.055092_14.370074_h270.jpg,prague,50.055092,14.370074,270,2024-05,streetview
data/images/prague/50.078807_14.477585_h0.jpg,prague,50.078807,14.477585,0,2019-07,streetview
data/images/prague/50.078807_14.477585_h90.jpg,prague,50.078807,14.477585,90,2019-07,streetview
data/images/prague/50.078807_14.477585_h180.jpg,prague,50.078807,14.477585,180,2019-07,streetview
data/images/prague/50.078807_14.477585_h270.jpg,prague,50.078807,14.477585,270,2019-07,streetview
data/images/prague/50.090665_14.469213_h0.jpg,prague,50.090665,14.469213,0,2025-09,streetview
data/images/prague/50.090665_14.469213_h90.jpg,prague,50.090665,14.469213,90,2025-09,streetview
data/images/prague/50.090665_14.469213_h180.jpg,prague,50.090665,14.469213,180,2025-09,streetview
data/images/prague/50.090665_14.469213_h270.jpg,prague,50.090665,14.469213,270,2025-09,streetview
data/images/prague/50.048624_14.469117_h0.jpg,prague,50.048624,14.469117,0,2025-09,streetview
data/images/prague/50.048624_14.469117_h90.jpg,prague,50.048624,14.469117,90,2025-09,streetview
data/images/prague/50.048624_14.469117_h180.jpg,prague,50.048624,14.469117,180,2025-09,streetview
data/images/prague/50.048624_14.469117_h270.jpg,prague,50.048624,14.469117,270,2025-09,streetview
data/images/prague/50.100367_14.368403_h0.jpg,prague,50.100367,14.368403,0,2025-09,streetview
data/images/prague/50.100367_14.368403_h90.jpg,prague,50.100367,14.368403,90,2025-09,streetview
data/images/prague/50.100367_14.368403_h180.jpg,prague,50.100367,14.368403,180,2025-09,streetview
data/images/prague/50.100367_14.368403_h270.jpg,prague,50.100367,14.368403,270,2025-09,streetview
data/images/prague/50.060481_14.442278_h0.jpg,prague,50.060481,14.442278,0,2025-09,streetview
data/images/prague/50.060481_14.442278_h90.jpg,prague,50.060481,14.442278,90,2025-09,streetview
data/images/prague/50.060481_14.442278_h180.jpg,prague,50.060481,14.442278,180,2025-09,streetview
data/images/prague/50.060481_14.442278_h270.jpg,prague,50.060481,14.442278,270,2025-09,streetview
data/images/prague/50.070183_14.442295_h0.jpg,prague,50.070183,14.442295,0,2024-05,streetview
data/images/prague/50.070183_14.442295_h90.jpg,prague,50.070183,14.442295,90,2024-05,streetview
data/images/prague/50.070183_14.442295_h180.jpg,prague,50.070183,14.442295,180,2024-05,streetview
data/images/prague/50.070183_14.442295_h270.jpg,prague,50.070183,14.442295,270,2024-05,streetview
data/images/prague/50.048624_14.42547_h0.jpg,prague,50.048624,14.42547,0,2025-08,streetview
data/images/prague/50.048624_14.42547_h90.jpg,prague,50.048624,14.42547,90,2025-08,streetview
data/images/prague/50.048624_14.42547_h180.jpg,prague,50.048624,14.42547,180,2025-08,streetview
data/images/prague/50.048624_14.42547_h270.jpg,prague,50.048624,14.42547,270,2025-08,streetview
data/images/prague/50.073417_14.455737_h0.jpg,prague,50.073417,14.455737,0,2024-08,streetview
data/images/prague/50.073417_14.455737_h90.jpg,prague,50.073417,14.455737,90,2024-08,streetview
data/images/prague/50.073417_14.455737_h180.jpg,prague,50.073417,14.455737,180,2024-08,streetview
data/images/prague/50.073417_14.455737_h270.jpg,prague,50.073417,14.455737,270,2024-08,streetview
data/images/prague/50.090665_14.383523_h0.jpg,prague,50.090665,14.383523,0,2024-05,streetview
data/images/prague/50.090665_14.383523_h90.jpg,prague,50.090665,14.383523,90,2024-05,streetview
data/images/prague/50.090665_14.383523_h180.jpg,prague,50.090665,14.383523,180,2024-05,streetview
data/images/prague/50.090665_14.383523_h270.jpg,prague,50.090665,14.383523,270,2024-05,streetview
data/images/prague/50.060481_14.470823_h0.jpg,prague,50.060481,14.470823,0,2019-07,streetview
data/images/prague/50.060481_14.470823_h90.jpg,prague,50.060481,14.470823,90,2019-07,streetview
data/images/prague/50.060481_14.470823_h180.jpg,prague,50.060481,14.470823,180,2019-07,streetview
data/images/prague/50.060481_14.470823_h270.jpg,prague,50.060481,14.470823,270,2019-07,streetview
data/images/prague/50.099289_14.450747_h0.jpg,prague,50.099289,14.450747,0,2023-05,streetview
data/images/prague/50.099289_14.450747_h90.jpg,prague,50.099289,14.450747,90,2023-05,streetview
data/images/prague/50.099289_14.450747_h180.jpg,prague,50.099289,14.450747,180,2023-05,streetview
data/images/prague/50.099289_14.450747_h270.jpg,prague,50.099289,14.450747,270,2023-05,streetview
data/images/prague/50.093899_14.373443_h0.jpg,prague,50.093899,14.373443,0,2024-05,streetview
data/images/prague/50.093899_14.373443_h90.jpg,prague,50.093899,14.373443,90,2024-05,streetview
data/images/prague/50.093899_14.373443_h180.jpg,prague,50.093899,14.373443,180,2024-05,streetview
data/images/prague/50.093899_14.373443_h270.jpg,prague,50.093899,14.373443,270,2024-05,streetview
data/images/prague/50.096055_14.371763_h0.jpg,prague,50.096055,14.371763,0,2025-09,streetview
data/images/prague/50.096055_14.371763_h90.jpg,prague,50.096055,14.371763,90,2025-09,streetview
data/images/prague/50.096055_14.371763_h180.jpg,prague,50.096055,14.371763,180,2025-09,streetview
data/images/prague/50.096055_14.371763_h270.jpg,prague,50.096055,14.371763,270,2025-09,streetview
data/images/prague/50.094977_14.460821_h0.jpg,prague,50.094977,14.460821,0,2019-07,streetview
data/images/prague/50.094977_14.460821_h90.jpg,prague,50.094977,14.460821,90,2019-07,streetview
data/images/prague/50.094977_14.460821_h180.jpg,prague,50.094977,14.460821,180,2019-07,streetview
data/images/prague/50.094977_14.460821_h270.jpg,prague,50.094977,14.460821,270,2019-07,streetview
data/images/prague/50.10899_14.472616_h0.jpg,prague,50.10899,14.472616,0,2025-09,streetview
data/images/prague/50.10899_14.472616_h90.jpg,prague,50.10899,14.472616,90,2025-09,streetview
data/images/prague/50.10899_14.472616_h180.jpg,prague,50.10899,14.472616,180,2025-09,streetview
data/images/prague/50.10899_14.472616_h270.jpg,prague,50.10899,14.472616,270,2025-09,streetview
data/images/prague/50.101444_14.395292_h0.jpg,prague,50.101444,14.395292,0,2019-09,streetview
data/images/prague/50.101444_14.395292_h90.jpg,prague,50.101444,14.395292,90,2019-09,streetview
data/images/prague/50.101444_14.395292_h180.jpg,prague,50.101444,14.395292,180,2019-09,streetview
data/images/prague/50.101444_14.395292_h270.jpg,prague,50.101444,14.395292,270,2019-09,streetview
data/images/prague/50.062637_14.413735_h0.jpg,prague,50.062637,14.413735,0,2024-05,streetview
data/images/prague/50.062637_14.413735_h90.jpg,prague,50.062637,14.413735,90,2024-05,streetview
data/images/prague/50.062637_14.413735_h180.jpg,prague,50.062637,14.413735,180,2024-05,streetview
data/images/prague/50.062637_14.413735_h270.jpg,prague,50.062637,14.413735,270,2024-05,streetview
data/images/prague/50.099289_14.39361_h0.jpg,prague,50.099289,14.39361,0,2024-05,streetview
data/images/prague/50.099289_14.39361_h90.jpg,prague,50.099289,14.39361,90,2024-05,streetview
data/images/prague/50.099289_14.39361_h180.jpg,prague,50.099289,14.39361,180,2024-05,streetview
data/images/prague/50.099289_14.39361_h270.jpg,prague,50.099289,14.39361,270,2024-05,streetview
data/images/prague/50.044312_14.450643_h0.jpg,prague,50.044312,14.450643,0,2024-06,streetview
data/images/prague/50.044312_14.450643_h90.jpg,prague,50.044312,14.450643,90,2024-06,streetview
data/images/prague/50.044312_14.450643_h180.jpg,prague,50.044312,14.450643,180,2024-06,streetview
data/images/prague/50.044312_14.450643_h270.jpg,prague,50.044312,14.450643,270,2024-06,streetview
data/images/prague/50.082041_14.410397_h0.jpg,prague,50.082041,14.410397,0,2024-09,streetview
data/images/prague/50.082041_14.410397_h90.jpg,prague,50.082041,14.410397,90,2024-09,streetview
data/images/prague/50.082041_14.410397_h180.jpg,prague,50.082041,14.410397,180,2024-09,streetview
data/images/prague/50.082041_14.410397_h270.jpg,prague,50.082041,14.410397,270,2024-09,streetview
data/images/prague/50.044312_14.462393_h0.jpg,prague,50.044312,14.462393,0,2025-11,streetview
data/images/prague/50.044312_14.462393_h90.jpg,prague,50.044312,14.462393,90,2025-11,streetview
data/images/prague/50.044312_14.462393_h180.jpg,prague,50.044312,14.462393,180,2025-11,streetview
data/images/prague/50.044312_14.462393_h270.jpg,prague,50.044312,14.462393,270,2025-11,streetview
data/images/prague/50.068027_14.386871_h0.jpg,prague,50.068027,14.386871,0,2025-09,streetview
data/images/prague/50.068027_14.386871_h90.jpg,prague,50.068027,14.386871,90,2025-09,streetview
data/images/prague/50.068027_14.386871_h180.jpg,prague,50.068027,14.386871,180,2025-09,streetview
data/images/prague/50.068027_14.386871_h270.jpg,prague,50.068027,14.386871,270,2025-09,streetview
data/images/prague/50.041078_14.440566_h0.jpg,prague,50.041078,14.440566,0,2025-09,streetview
data/images/prague/50.041078_14.440566_h90.jpg,prague,50.041078,14.440566,90,2025-09,streetview
data/images/prague/50.041078_14.440566_h180.jpg,prague,50.041078,14.440566,180,2025-09,streetview
data/images/prague/50.041078_14.440566_h270.jpg,prague,50.041078,14.440566,270,2025-09,streetview
data/images/prague/50.084197_14.440639_h0.jpg,prague,50.084197,14.440639,0,2025-09,streetview
data/images/prague/50.084197_14.440639_h90.jpg,prague,50.084197,14.440639,90,2025-09,streetview
data/images/prague/50.084197_14.440639_h180.jpg,prague,50.084197,14.440639,180,2025-09,streetview
data/images/prague/50.084197_14.440639_h270.jpg,prague,50.084197,14.440639,270,2025-09,streetview
data/images/prague/50.04_14.450635_h0.jpg,prague,50.04,14.450635,0,2025-09,streetview
data/images/prague/50.04_14.450635_h90.jpg,prague,50.04,14.450635,90,2025-09,streetview
data/images/prague/50.04_14.450635_h180.jpg,prague,50.04,14.450635,180,2025-09,streetview
data/images/prague/50.04_14.450635_h270.jpg,prague,50.04,14.450635,270,2025-09,streetview
data/images/prague/50.043234_14.415392_h0.jpg,prague,50.043234,14.415392,0,2025-08,streetview
data/images/prague/50.043234_14.415392_h90.jpg,prague,50.043234,14.415392,90,2025-08,streetview
data/images/prague/50.043234_14.415392_h180.jpg,prague,50.043234,14.415392,180,2025-08,streetview
data/images/prague/50.043234_14.415392_h270.jpg,prague,50.043234,14.415392,270,2025-08,streetview
data/images/prague/50.091743_14.380163_h0.jpg,prague,50.091743,14.380163,0,2025-09,streetview
data/images/prague/50.091743_14.380163_h90.jpg,prague,50.091743,14.380163,90,2025-09,streetview
data/images/prague/50.091743_14.380163_h180.jpg,prague,50.091743,14.380163,180,2025-09,streetview
data/images/prague/50.091743_14.380163_h270.jpg,prague,50.091743,14.380163,270,2025-09,streetview
data/images/prague/50.071261_14.422142_h0.jpg,prague,50.071261,14.422142,0,2018-10,streetview
data/images/prague/50.071261_14.422142_h90.jpg,prague,50.071261,14.422142,90,2018-10,streetview
data/images/prague/50.071261_14.422142_h180.jpg,prague,50.071261,14.422142,180,2018-10,streetview
data/images/prague/50.071261_14.422142_h270.jpg,prague,50.071261,14.422142,270,2018-10,streetview
data/images/prague/50.078807_14.385197_h0.jpg,prague,50.078807,14.385197,0,2025-09,streetview
data/images/prague/50.078807_14.385197_h90.jpg,prague,50.078807,14.385197,90,2025-09,streetview
data/images/prague/50.078807_14.385197_h180.jpg,prague,50.078807,14.385197,180,2025-09,streetview
data/images/prague/50.078807_14.385197_h270.jpg,prague,50.078807,14.385197,270,2025-09,streetview
data/images/prague/50.091743_14.415448_h0.jpg,prague,50.091743,14.415448,0,2019-08,streetview
data/images/prague/50.091743_14.415448_h90.jpg,prague,50.091743,14.415448,90,2019-08,streetview
data/images/prague/50.091743_14.415448_h180.jpg,prague,50.091743,14.415448,180,2019-08,streetview
data/images/prague/50.091743_14.415448_h270.jpg,prague,50.091743,14.415448,270,2019-08,streetview
data/images/prague/50.058326_14.442274_h0.jpg,prague,50.058326,14.442274,0,2025-09,streetview
data/images/prague/50.058326_14.442274_h90.jpg,prague,50.058326,14.442274,90,2025-09,streetview
data/images/prague/50.058326_14.442274_h180.jpg,prague,50.058326,14.442274,180,2025-09,streetview
data/images/prague/50.058326_14.442274_h270.jpg,prague,50.058326,14.442274,270,2025-09,streetview
data/images/prague/50.107912_14.386893_h0.jpg,prague,50.107912,14.386893,0,2025-09,streetview
data/images/prague/50.107912_14.386893_h90.jpg,prague,50.107912,14.386893,90,2025-09,streetview
data/images/prague/50.107912_14.386893_h180.jpg,prague,50.107912,14.386893,180,2025-09,streetview
data/images/prague/50.107912_14.386893_h270.jpg,prague,50.107912,14.386893,270,2025-09,streetview
data/images/prague/50.068027_14.405344_h0.jpg,prague,50.068027,14.405344,0,2025-08,streetview
data/images/prague/50.068027_14.405344_h90.jpg,prague,50.068027,14.405344,90,2025-08,streetview
data/images/prague/50.068027_14.405344_h180.jpg,prague,50.068027,14.405344,180,2025-08,streetview
data/images/prague/50.068027_14.405344_h270.jpg,prague,50.068027,14.405344,270,2025-08,streetview
data/images/prague/50.078807_14.43391_h0.jpg,prague,50.078807,14.43391,0,2025-09,streetview
data/images/prague/50.078807_14.43391_h90.jpg,prague,50.078807,14.43391,90,2025-09,streetview
data/images/prague/50.078807_14.43391_h180.jpg,prague,50.078807,14.43391,180,2025-09,streetview
data/images/prague/50.078807_14.43391_h270.jpg,prague,50.078807,14.43391,270,2025-09,streetview
data/images/prague/50.079885_14.445671_h0.jpg,prague,50.079885,14.445671,0,2024-05,streetview
data/images/prague/50.079885_14.445671_h90.jpg,prague,50.079885,14.445671,90,2024-05,streetview
data/images/prague/50.079885_14.445671_h180.jpg,prague,50.079885,14.445671,180,2024-05,streetview
data/images/prague/50.079885_14.445671_h270.jpg,prague,50.079885,14.445671,270,2024-05,streetview
data/images/prague/50.048624_14.432185_h0.jpg,prague,50.048624,14.432185,0,2024-08,streetview
data/images/prague/50.048624_14.432185_h90.jpg,prague,50.048624,14.432185,90,2024-08,streetview
data/images/prague/50.048624_14.432185_h180.jpg,prague,50.048624,14.432185,180,2024-08,streetview
data/images/prague/50.048624_14.432185_h270.jpg,prague,50.048624,14.432185,270,2024-08,streetview
data/images/prague/50.087431_14.450725_h0.jpg,prague,50.087431,14.450725,0,2023-01,streetview
data/images/prague/50.087431_14.450725_h90.jpg,prague,50.087431,14.450725,90,2023-01,streetview
data/images/prague/50.087431_14.450725_h180.jpg,prague,50.087431,14.450725,180,2023-01,streetview
data/images/prague/50.087431_14.450725_h270.jpg,prague,50.087431,14.450725,270,2023-01,streetview
data/images/prague/50.091743_14.474256_h0.jpg,prague,50.091743,14.474256,0,2025-02,streetview
data/images/prague/50.091743_14.474256_h90.jpg,prague,50.091743,14.474256,90,2025-02,streetview
data/images/prague/50.091743_14.474256_h180.jpg,prague,50.091743,14.474256,180,2025-02,streetview
data/images/prague/50.091743_14.474256_h270.jpg,prague,50.091743,14.474256,270,2025-02,streetview
data/images/prague/50.061559_14.395263_h0.jpg,prague,50.061559,14.395263,0,2025-09,streetview
data/images/prague/50.061559_14.395263_h90.jpg,prague,50.061559,14.395263,90,2025-09,streetview
data/images/prague/50.061559_14.395263_h180.jpg,prague,50.061559,14.395263,180,2025-09,streetview
data/images/prague/50.061559_14.395263_h270.jpg,prague,50.061559,14.395263,270,2025-09,streetview
data/images/prague/50.063715_14.40534_h0.jpg,prague,50.063715,14.40534,0,2024-09,streetview
data/images/prague/50.063715_14.40534_h90.jpg,prague,50.063715,14.40534,90,2024-09,streetview
data/images/prague/50.063715_14.40534_h180.jpg,prague,50.063715,14.40534,180,2024-09,streetview
data/images/prague/50.063715_14.40534_h270.jpg,prague,50.063715,14.40534,270,2024-09,streetview
data/images/prague/50.090665_14.432249_h0.jpg,prague,50.090665,14.432249,0,2025-09,streetview
data/images/prague/50.090665_14.432249_h90.jpg,prague,50.090665,14.432249,90,2025-09,streetview
data/images/prague/50.090665_14.432249_h180.jpg,prague,50.090665,14.432249,180,2025-09,streetview
data/images/prague/50.090665_14.432249_h270.jpg,prague,50.090665,14.432249,270,2025-09,streetview
data/images/prague/50.043234_14.462391_h0.jpg,prague,50.043234,14.462391,0,2025-09,streetview
data/images/prague/50.043234_14.462391_h90.jpg,prague,50.043234,14.462391,90,2025-09,streetview
data/images/prague/50.043234_14.462391_h180.jpg,prague,50.043234,14.462391,180,2025-09,streetview
data/images/prague/50.043234_14.462391_h270.jpg,prague,50.043234,14.462391,270,2025-09,streetview
data/images/prague/50.078807_14.405354_h0.jpg,prague,50.078807,14.405354,0,2019-06,streetview
data/images/prague/50.078807_14.405354_h90.jpg,prague,50.078807,14.405354,90,2019-06,streetview
data/images/prague/50.078807_14.405354_h180.jpg,prague,50.078807,14.405354,180,2019-06,streetview
data/images/prague/50.078807_14.405354_h270.jpg,prague,50.078807,14.405354,270,2019-06,streetview
data/images/prague/50.082041_14.405357_h0.jpg,prague,50.082041,14.405357,0,2019-06,streetview
data/images/prague/50.082041_14.405357_h90.jpg,prague,50.082041,14.405357,90,2019-06,streetview
data/images/prague/50.082041_14.405357_h180.jpg,prague,50.082041,14.405357,180,2019-06,streetview
data/images/prague/50.082041_14.405357_h270.jpg,prague,50.082041,14.405357,270,2019-06,streetview
data/images/prague/50.092821_14.459136_h0.jpg,prague,50.092821,14.459136,0,2024-05,streetview
data/images/prague/50.092821_14.459136_h90.jpg,prague,50.092821,14.459136,90,2024-05,streetview
data/images/prague/50.092821_14.459136_h180.jpg,prague,50.092821,14.459136,180,2024-05,streetview
data/images/prague/50.092821_14.459136_h270.jpg,prague,50.092821,14.459136,270,2024-05,streetview
data/images/prague/50.061559_14.467468_h0.jpg,prague,50.061559,14.467468,0,2024-03,streetview
data/images/prague/50.061559_14.467468_h90.jpg,prague,50.061559,14.467468,90,2024-03,streetview
data/images/prague/50.061559_14.467468_h180.jpg,prague,50.061559,14.467468,180,2024-03,streetview
data/images/prague/50.061559_14.467468_h270.jpg,prague,50.061559,14.467468,270,2024-03,streetview
data/images/prague/50.080963_14.391917_h0.jpg,prague,50.080963,14.391917,0,2023-09,streetview
data/images/prague/50.080963_14.391917_h90.jpg,prague,50.080963,14.391917,90,2023-09,streetview
data/images/prague/50.080963_14.391917_h180.jpg,prague,50.080963,14.391917,180,2023-09,streetview
data/images/prague/50.080963_14.391917_h270.jpg,prague,50.080963,14.391917,270,2023-09,streetview
data/images/prague/50.096055_14.383525_h0.jpg,prague,50.096055,14.383525,0,2019-06,streetview
data/images/prague/50.096055_14.383525_h90.jpg,prague,50.096055,14.383525,90,2019-06,streetview
data/images/prague/50.096055_14.383525_h180.jpg,prague,50.096055,14.383525,180,2019-06,streetview
data/images/prague/50.096055_14.383525_h270.jpg,prague,50.096055,14.383525,270,2019-06,streetview
data/images/prague/50.098211_14.398651_h0.jpg,prague,50.098211,14.398651,0,2024-05,streetview
data/images/prague/50.098211_14.398651_h90.jpg,prague,50.098211,14.398651,90,2024-05,streetview
data/images/prague/50.098211_14.398651_h180.jpg,prague,50.098211,14.398651,180,2024-05,streetview
data/images/prague/50.098211_14.398651_h270.jpg,prague,50.098211,14.398651,270,2024-05,streetview
data/images/prague/50.063715_14.452359_h0.jpg,prague,50.063715,14.452359,0,2024-08,streetview
data/images/prague/50.063715_14.452359_h90.jpg,prague,50.063715,14.452359,90,2024-08,streetview
data/images/prague/50.063715_14.452359_h180.jpg,prague,50.063715,14.452359,180,2024-08,streetview
data/images/prague/50.063715_14.452359_h270.jpg,prague,50.063715,14.452359,270,2024-08,streetview
data/images/prague/50.073417_14.447339_h0.jpg,prague,50.073417,14.447339,0,2024-05,streetview
data/images/prague/50.073417_14.447339_h90.jpg,prague,50.073417,14.447339,90,2024-05,streetview
data/images/prague/50.073417_14.447339_h180.jpg,prague,50.073417,14.447339,180,2024-05,streetview
data/images/prague/50.073417_14.447339_h270.jpg,prague,50.073417,14.447339,270,2024-05,streetview
data/images/prague/50.100367_14.449069_h0.jpg,prague,50.100367,14.449069,0,2023-06,streetview
data/images/prague/50.100367_14.449069_h90.jpg,prague,50.100367,14.449069,90,2023-06,streetview
data/images/prague/50.100367_14.449069_h180.jpg,prague,50.100367,14.449069,180,2023-06,streetview
data/images/prague/50.100367_14.449069_h270.jpg,prague,50.100367,14.449069,270,2023-06,streetview
data/images/prague/50.091743_14.36_h0.jpg,prague,50.091743,14.36,0,2025-09,streetview
data/images/prague/50.091743_14.36_h90.jpg,prague,50.091743,14.36,90,2025-09,streetview
data/images/prague/50.091743_14.36_h180.jpg,prague,50.091743,14.36,180,2025-09,streetview
data/images/prague/50.091743_14.36_h270.jpg,prague,50.091743,14.36,270,2025-09,streetview
data/images/prague/50.091743_14.42889_h0.jpg,prague,50.091743,14.42889,0,2024-05,streetview
data/images/prague/50.091743_14.42889_h90.jpg,prague,50.091743,14.42889,90,2024-05,streetview
data/images/prague/50.091743_14.42889_h180.jpg,prague,50.091743,14.42889,180,2024-05,streetview
data/images/prague/50.091743_14.42889_h270.jpg,prague,50.091743,14.42889,270,2024-05,streetview
data/images/prague/50.080963_14.396957_h0.jpg,prague,50.080963,14.396957,0,2025-07,streetview
data/images/prague/50.080963_14.396957_h90.jpg,prague,50.080963,14.396957,90,2025-07,streetview
data/images/prague/50.080963_14.396957_h180.jpg,prague,50.080963,14.396957,180,2025-07,streetview
data/images/prague/50.080963_14.396957_h270.jpg,prague,50.080963,14.396957,270,2025-07,streetview
data/images/prague/50.05617_14.472492_h0.jpg,prague,50.05617,14.472492,0,2019-07,streetview
data/images/prague/50.05617_14.472492_h90.jpg,prague,50.05617,14.472492,90,2019-07,streetview
data/images/prague/50.05617_14.472492_h180.jpg,prague,50.05617,14.472492,180,2019-07,streetview
data/images/prague/50.05617_14.472492_h270.jpg,prague,50.05617,14.472492,270,2019-07,streetview
data/images/prague/50.107912_14.378489_h0.jpg,prague,50.107912,14.378489,0,2019-06,streetview
data/images/prague/50.107912_14.378489_h90.jpg,prague,50.107912,14.378489,90,2019-06,streetview
data/images/prague/50.107912_14.378489_h180.jpg,prague,50.107912,14.378489,180,2019-06,streetview
data/images/prague/50.107912_14.378489_h270.jpg,prague,50.107912,14.378489,270,2019-06,streetview
data/images/prague/50.097133_14.433939_h0.jpg,prague,50.097133,14.433939,0,2025-09,streetview
data/images/prague/50.097133_14.433939_h90.jpg,prague,50.097133,14.433939,90,2025-09,streetview
data/images/prague/50.097133_14.433939_h180.jpg,prague,50.097133,14.433939,180,2025-09,streetview
data/images/prague/50.097133_14.433939_h270.jpg,prague,50.097133,14.433939,270,2025-09,streetview
data/images/prague/50.071261_14.459092_h0.jpg,prague,50.071261,14.459092,0,2024-07,streetview
data/images/prague/50.071261_14.459092_h90.jpg,prague,50.071261,14.459092,90,2024-07,streetview
data/images/prague/50.071261_14.459092_h180.jpg,prague,50.071261,14.459092,180,2024-07,streetview
data/images/prague/50.071261_14.459092_h270.jpg,prague,50.071261,14.459092,270,2024-07,streetview
data/images/prague/50.066949_14.405343_h0.jpg,prague,50.066949,14.405343,0,2025-12,streetview
data/images/prague/50.066949_14.405343_h90.jpg,prague,50.066949,14.405343,90,2025-12,streetview
data/images/prague/50.066949_14.405343_h180.jpg,prague,50.066949,14.405343,180,2025-12,streetview
data/images/prague/50.066949_14.405343_h270.jpg,prague,50.066949,14.405343,270,2025-12,streetview
data/images/prague/50.094977_14.383525_h0.jpg,prague,50.094977,14.383525,0,2019-06,streetview
data/images/prague/50.094977_14.383525_h90.jpg,prague,50.094977,14.383525,90,2019-06,streetview
data/images/prague/50.094977_14.383525_h180.jpg,prague,50.094977,14.383525,180,2019-06,streetview
data/images/prague/50.094977_14.383525_h270.jpg,prague,50.094977,14.383525,270,2019-06,streetview
data/images/prague/50.049702_14.462405_h0.jpg,prague,50.049702,14.462405,0,2024-05,streetview
data/images/prague/50.049702_14.462405_h90.jpg,prague,50.049702,14.462405,90,2024-05,streetview
data/images/prague/50.049702_14.462405_h180.jpg,prague,50.049702,14.462405,180,2024-05,streetview
data/images/prague/50.049702_14.462405_h270.jpg,prague,50.049702,14.462405,270,2024-05,streetview
data/images/prague/50.041078_14.390212_h0.jpg,prague,50.041078,14.390212,0,2021-10,streetview
data/images/prague/50.041078_14.390212_h90.jpg,prague,50.041078,14.390212,90,2021-10,streetview
data/images/prague/50.041078_14.390212_h180.jpg,prague,50.041078,14.390212,180,2021-10,streetview
data/images/prague/50.041078_14.390212_h270.jpg,prague,50.041078,14.390212,270,2021-10,streetview
data/images/prague/50.060481_14.430524_h0.jpg,prague,50.060481,14.430524,0,2024-02,streetview
data/images/prague/50.060481_14.430524_h90.jpg,prague,50.060481,14.430524,90,2024-02,streetview
data/images/prague/50.060481_14.430524_h180.jpg,prague,50.060481,14.430524,180,2024-02,streetview
data/images/prague/50.060481_14.430524_h270.jpg,prague,50.060481,14.430524,270,2024-02,streetview
data/images/prague/50.091743_14.36168_h0.jpg,prague,50.091743,14.36168,0,2025-09,streetview
data/images/prague/50.091743_14.36168_h90.jpg,prague,50.091743,14.36168,90,2025-09,streetview
data/images/prague/50.091743_14.36168_h180.jpg,prague,50.091743,14.36168,180,2025-09,streetview
data/images/prague/50.091743_14.36168_h270.jpg,prague,50.091743,14.36168,270,2025-09,streetview
data/images/prague/50.107912_14.376808_h0.jpg,prague,50.107912,14.376808,0,2025-09,streetview
data/images/prague/50.107912_14.376808_h90.jpg,prague,50.107912,14.376808,90,2025-09,streetview
data/images/prague/50.107912_14.376808_h180.jpg,prague,50.107912,14.376808,180,2025-09,streetview
data/images/prague/50.107912_14.376808_h270.jpg,prague,50.107912,14.376808,270,2025-09,streetview
data/images/prague/50.096055_14.398649_h0.jpg,prague,50.096055,14.398649,0,2019-06,streetview
data/images/prague/50.096055_14.398649_h90.jpg,prague,50.096055,14.398649,90,2019-06,streetview
data/images/prague/50.096055_14.398649_h180.jpg,prague,50.096055,14.398649,180,2019-06,streetview
data/images/prague/50.096055_14.398649_h270.jpg,prague,50.096055,14.398649,270,2019-06,streetview
data/images/prague/50.061559_14.381829_h0.jpg,prague,50.061559,14.381829,0,2025-09,streetview
data/images/prague/50.061559_14.381829_h90.jpg,prague,50.061559,14.381829,90,2025-09,streetview
data/images/prague/50.061559_14.381829_h180.jpg,prague,50.061559,14.381829,180,2025-09,streetview
data/images/prague/50.061559_14.381829_h270.jpg,prague,50.061559,14.381829,270,2025-09,streetview
data/images/prague/50.054014_14.440588_h0.jpg,prague,50.054014,14.440588,0,2025-09,streetview
data/images/prague/50.054014_14.440588_h90.jpg,prague,50.054014,14.440588,90,2025-09,streetview
data/images/prague/50.054014_14.440588_h180.jpg,prague,50.054014,14.440588,180,2025-09,streetview
data/images/prague/50.054014_14.440588_h270.jpg,prague,50.054014,14.440588,270,2025-09,streetview
data/images/prague/50.087431_14.417123_h0.jpg,prague,50.087431,14.417123,0,2024-03,streetview
data/images/prague/50.087431_14.417123_h90.jpg,prague,50.087431,14.417123,90,2024-03,streetview
data/images/prague/50.087431_14.417123_h180.jpg,prague,50.087431,14.417123,180,2024-03,streetview
data/images/prague/50.087431_14.417123_h270.jpg,prague,50.087431,14.417123,270,2024-03,streetview
data/images/prague/50.096055_14.363361_h0.jpg,prague,50.096055,14.363361,0,2025-09,streetview
data/images/prague/50.096055_14.363361_h90.jpg,prague,50.096055,14.363361,90,2025-09,streetview
data/images/prague/50.096055_14.363361_h180.jpg,prague,50.096055,14.363361,180,2025-09,streetview
data/images/prague/50.096055_14.363361_h270.jpg,prague,50.096055,14.363361,270,2025-09,streetview
data/images/prague/50.084197_14.474238_h0.jpg,prague,50.084197,14.474238,0,2024-07,streetview
data/images/prague/50.084197_14.474238_h90.jpg,prague,50.084197,14.474238,90,2024-07,streetview
data/images/prague/50.084197_14.474238_h180.jpg,prague,50.084197,14.474238,180,2024-07,streetview
data/images/prague/50.084197_14.474238_h270.jpg,prague,50.084197,14.474238,270,2024-07,streetview
data/images/prague/50.074495_14.440622_h0.jpg,prague,50.074495,14.440622,0,2024-05,streetview
data/images/prague/50.074495_14.440622_h90.jpg,prague,50.074495,14.440622,90,2024-05,streetview
data/images/prague/50.074495_14.440622_h180.jpg,prague,50.074495,14.440622,180,2024-05,streetview
data/images/prague/50.074495_14.440622_h270.jpg,prague,50.074495,14.440622,270,2024-05,streetview
data/images/prague/50.059404_14.37847_h0.jpg,prague,50.059404,14.37847,0,2025-09,streetview
data/images/prague/50.059404_14.37847_h90.jpg,prague,50.059404,14.37847,90,2025-09,streetview
data/images/prague/50.059404_14.37847_h180.jpg,prague,50.059404,14.37847,180,2025-09,streetview
data/images/prague/50.059404_14.37847_h270.jpg,prague,50.059404,14.37847,270,2025-09,streetview
data/images/prague/50.043234_14.420427_h0.jpg,prague,50.043234,14.420427,0,2025-08,streetview
data/images/prague/50.043234_14.420427_h90.jpg,prague,50.043234,14.420427,90,2025-08,streetview
data/images/prague/50.043234_14.420427_h180.jpg,prague,50.043234,14.420427,180,2025-08,streetview
data/images/prague/50.043234_14.420427_h270.jpg,prague,50.043234,14.420427,270,2025-08,streetview
data/images/prague/50.051858_14.427154_h0.jpg,prague,50.051858,14.427154,0,2025-09,streetview
data/images/prague/50.051858_14.427154_h90.jpg,prague,50.051858,14.427154,90,2025-09,streetview
data/images/prague/50.051858_14.427154_h180.jpg,prague,50.051858,14.427154,180,2025-09,streetview
data/images/prague/50.051858_14.427154_h270.jpg,prague,50.051858,14.427154,270,2025-09,streetview
data/images/prague/50.074495_14.395272_h0.jpg,prague,50.074495,14.395272,0,2025-09,streetview
data/images/prague/50.074495_14.395272_h90.jpg,prague,50.074495,14.395272,90,2025-09,streetview
data/images/prague/50.074495_14.395272_h180.jpg,prague,50.074495,14.395272,180,2025-09,streetview
data/images/prague/50.074495_14.395272_h270.jpg,prague,50.074495,14.395272,270,2025-09,streetview
data/images/prague/50.105756_14.36_h0.jpg,prague,50.105756,14.36,0,2025-06,streetview
data/images/prague/50.105756_14.36_h90.jpg,prague,50.105756,14.36,90,2025-06,streetview
data/images/prague/50.105756_14.36_h180.jpg,prague,50.105756,14.36,180,2025-06,streetview
data/images/prague/50.105756_14.36_h270.jpg,prague,50.105756,14.36,270,2025-06,streetview
data/images/prague/50.049702_14.445617_h0.jpg,prague,50.049702,14.445617,0,2024-05,streetview
data/images/prague/50.049702_14.445617_h90.jpg,prague,50.049702,14.445617,90,2024-05,streetview
data/images/prague/50.049702_14.445617_h180.jpg,prague,50.049702,14.445617,180,2024-05,streetview
data/images/prague/50.049702_14.445617_h270.jpg,prague,50.049702,14.445617,270,2024-05,streetview
data/images/prague/50.100367_14.388569_h0.jpg,prague,50.100367,14.388569,0,2025-09,streetview
data/images/prague/50.100367_14.388569_h90.jpg,prague,50.100367,14.388569,90,2025-09,streetview
data/images/prague/50.100367_14.388569_h180.jpg,prague,50.100367,14.388569,180,2025-09,streetview
data/images/prague/50.100367_14.388569_h270.jpg,prague,50.100367,14.388569,270,2025-09,streetview
data/images/prague/50.079885_14.432232_h0.jpg,prague,50.079885,14.432232,0,2018-10,streetview
data/images/prague/50.079885_14.432232_h90.jpg,prague,50.079885,14.432232,90,2018-10,streetview
data/images/prague/50.079885_14.432232_h180.jpg,prague,50.079885,14.432232,180,2018-10,streetview
data/images/prague/50.079885_14.432232_h270.jpg,prague,50.079885,14.432232,270,2018-10,streetview
data/images/prague/50.072339_14.479249_h0.jpg,prague,50.072339,14.479249,0,2025-07,streetview
data/images/prague/50.072339_14.479249_h90.jpg,prague,50.072339,14.479249,90,2025-07,streetview
data/images/prague/50.072339_14.479249_h180.jpg,prague,50.072339,14.479249,180,2025-07,streetview
data/images/prague/50.072339_14.479249_h270.jpg,prague,50.072339,14.479249,270,2025-07,streetview
data/images/prague/50.104678_14.465884_h0.jpg,prague,50.104678,14.465884,0,2023-09,streetview
data/images/prague/50.104678_14.465884_h90.jpg,prague,50.104678,14.465884,90,2023-09,streetview
data/images/prague/50.104678_14.465884_h180.jpg,prague,50.104678,14.465884,180,2023-09,streetview
data/images/prague/50.104678_14.465884_h270.jpg,prague,50.104678,14.465884,270,2023-09,streetview
data/images/prague/50.041078_14.417068_h0.jpg,prague,50.041078,14.417068,0,2019-04,streetview
data/images/prague/50.041078_14.417068_h90.jpg,prague,50.041078,14.417068,90,2019-04,streetview
data/images/prague/50.041078_14.417068_h180.jpg,prague,50.041078,14.417068,180,2019-04,streetview
data/images/prague/50.041078_14.417068_h270.jpg,prague,50.041078,14.417068,270,2019-04,streetview
data/images/prague/50.086353_14.403681_h0.jpg,prague,50.086353,14.403681,0,2020-10,streetview
data/images/prague/50.086353_14.403681_h90.jpg,prague,50.086353,14.403681,90,2020-10,streetview
data/images/prague/50.086353_14.403681_h180.jpg,prague,50.086353,14.403681,180,2020-10,streetview
data/images/prague/50.086353_14.403681_h270.jpg,prague,50.086353,14.403681,270,2020-10,streetview
data/images/prague/50.092821_14.386884_h0.jpg,prague,50.092821,14.386884,0,2024-09,streetview
data/images/prague/50.092821_14.386884_h180.jpg,prague,50.092821,14.386884,180,2024-09,streetview
data/images/prague/50.092821_14.386884_h270.jpg,prague,50.092821,14.386884,270,2024-09,streetview
data/images/prague/50.105756_14.465886_h0.jpg,prague,50.105756,14.465886,0,2025-09,streetview
data/images/prague/50.105756_14.465886_h90.jpg,prague,50.105756,14.465886,90,2025-09,streetview
data/images/prague/50.105756_14.465886_h180.jpg,prague,50.105756,14.465886,180,2025-09,streetview
data/images/prague/50.105756_14.465886_h270.jpg,prague,50.105756,14.465886,270,2025-09,streetview
data/images/prague/50.099289_14.437303_h0.jpg,prague,50.099289,14.437303,0,2024-10,streetview
data/images/prague/50.099289_14.437303_h90.jpg,prague,50.099289,14.437303,90,2024-10,streetview
data/images/prague/50.099289_14.437303_h180.jpg,prague,50.099289,14.437303,180,2024-10,streetview
data/images/prague/50.099289_14.437303_h270.jpg,prague,50.099289,14.437303,270,2024-10,streetview
data/images/prague/50.068027_14.36_h0.jpg,prague,50.068027,14.36,0,2024-05,streetview
data/images/prague/50.068027_14.36_h90.jpg,prague,50.068027,14.36,90,2024-05,streetview
data/images/prague/50.068027_14.36_h180.jpg,prague,50.068027,14.36,180,2024-05,streetview
data/images/prague/50.068027_14.36_h270.jpg,prague,50.068027,14.36,270,2024-05,streetview
data/images/prague/50.041078_14.445602_h0.jpg,prague,50.041078,14.445602,0,2025-09,streetview
data/images/prague/50.041078_14.445602_h90.jpg,prague,50.041078,14.445602,90,2025-09,streetview
data/images/prague/50.041078_14.445602_h180.jpg,prague,50.041078,14.445602,180,2025-09,streetview
data/images/prague/50.041078_14.445602_h270.jpg,prague,50.041078,14.445602,270,2025-09,streetview
data/images/prague/50.070183_14.415423_h0.jpg,prague,50.070183,14.415423,0,2025-09,streetview
data/images/prague/50.070183_14.415423_h90.jpg,prague,50.070183,14.415423,90,2025-09,streetview
data/images/prague/50.070183_14.415423_h180.jpg,prague,50.070183,14.415423,180,2025-09,streetview
data/images/prague/50.070183_14.415423_h270.jpg,prague,50.070183,14.415423,270,2025-09,streetview
data/images/prague/50.096055_14.380165_h0.jpg,prague,50.096055,14.380165,0,2019-06,streetview
data/images/prague/50.096055_14.380165_h90.jpg,prague,50.096055,14.380165,90,2019-06,streetview
data/images/prague/50.096055_14.380165_h180.jpg,prague,50.096055,14.380165,180,2019-06,streetview
data/images/prague/50.096055_14.380165_h270.jpg,prague,50.096055,14.380165,270,2019-06,streetview
data/images/prague/50.069105_14.474202_h0.jpg,prague,50.069105,14.474202,0,2025-07,streetview
data/images/prague/50.069105_14.474202_h90.jpg,prague,50.069105,14.474202,90,2025-07,streetview
data/images/prague/50.069105_14.474202_h180.jpg,prague,50.069105,14.474202,180,2025-07,streetview
data/images/prague/50.069105_14.474202_h270.jpg,prague,50.069105,14.474202,270,2025-07,streetview
data/images/prague/50.072339_14.403668_h0.jpg,prague,50.072339,14.403668,0,2019-08,streetview
data/images/prague/50.072339_14.403668_h90.jpg,prague,50.072339,14.403668,90,2019-08,streetview
data/images/prague/50.072339_14.403668_h180.jpg,prague,50.072339,14.403668,180,2019-08,streetview
data/images/prague/50.072339_14.403668_h270.jpg,prague,50.072339,14.403668,270,2019-08,streetview
data/images/prague/50.080963_14.430554_h0.jpg,prague,50.080963,14.430554,0,2023-03,streetview
data/images/prague/50.080963_14.430554_h90.jpg,prague,50.080963,14.430554,90,2023-03,streetview
data/images/prague/50.080963_14.430554_h180.jpg,prague,50.080963,14.430554,180,2023-03,streetview
data/images/prague/50.080963_14.430554_h270.jpg,prague,50.080963,14.430554,270,2023-03,streetview
data/images/prague/50.052936_14.417082_h0.jpg,prague,50.052936,14.417082,0,2024-05,streetview
data/images/prague/50.052936_14.417082_h90.jpg,prague,50.052936,14.417082,90,2024-05,streetview
data/images/prague/50.052936_14.417082_h180.jpg,prague,50.052936,14.417082,180,2024-05,streetview
data/images/prague/50.052936_14.417082_h270.jpg,prague,50.052936,14.417082,270,2024-05,streetview
data/images/prague/50.107912_14.472614_h0.jpg,prague,50.107912,14.472614,0,2025-04,streetview
data/images/prague/50.107912_14.472614_h90.jpg,prague,50.107912,14.472614,90,2025-04,streetview
data/images/prague/50.107912_14.472614_h180.jpg,prague,50.107912,14.472614,180,2025-04,streetview
data/images/prague/50.107912_14.472614_h270.jpg,prague,50.107912,14.472614,270,2025-04,streetview
data/images/prague/50.044312_14.4305_h0.jpg,prague,50.044312,14.4305,0,2024-05,streetview
data/images/prague/50.044312_14.4305_h90.jpg,prague,50.044312,14.4305,90,2024-05,streetview
data/images/prague/50.044312_14.4305_h180.jpg,prague,50.044312,14.4305,180,2024-05,streetview
data/images/prague/50.044312_14.4305_h270.jpg,prague,50.044312,14.4305,270,2024-05,streetview
data/images/prague/50.069105_14.361679_h0.jpg,prague,50.069105,14.361679,0,2024-05,streetview
data/images/prague/50.069105_14.361679_h90.jpg,prague,50.069105,14.361679,90,2024-05,streetview
data/images/prague/50.069105_14.361679_h180.jpg,prague,50.069105,14.361679,180,2024-05,streetview
data/images/prague/50.069105_14.361679_h270.jpg,prague,50.069105,14.361679,270,2024-05,streetview
data/images/prague/50.096055_14.467545_h0.jpg,prague,50.096055,14.467545,0,2024-08,streetview
data/images/prague/50.096055_14.467545_h90.jpg,prague,50.096055,14.467545,90,2024-08,streetview
data/images/prague/50.096055_14.467545_h180.jpg,prague,50.096055,14.467545,180,2024-08,streetview
data/images/prague/50.096055_14.467545_h270.jpg,prague,50.096055,14.467545,270,2024-08,streetview
data/images/prague/50.098211_14.410414_h0.jpg,prague,50.098211,14.410414,0,2025-09,streetview
data/images/prague/50.098211_14.410414_h90.jpg,prague,50.098211,14.410414,90,2025-09,streetview
data/images/prague/50.098211_14.410414_h180.jpg,prague,50.098211,14.410414,180,2025-09,streetview
data/images/prague/50.098211_14.410414_h270.jpg,prague,50.098211,14.410414,270,2025-09,streetview
data/images/prague/50.106834_14.373446_h0.jpg,prague,50.106834,14.373446,0,2019-06,streetview
data/images/prague/50.106834_14.373446_h90.jpg,prague,50.106834,14.373446,90,2019-06,streetview
data/images/prague/50.106834_14.373446_h180.jpg,prague,50.106834,14.373446,180,2019-06,streetview
data/images/prague/50.106834_14.373446_h270.jpg,prague,50.106834,14.373446,270,2019-06,streetview
data/images/prague/50.072339_14.386873_h0.jpg,prague,50.072339,14.386873,0,2025-09,streetview
data/images/prague/50.072339_14.386873_h90.jpg,prague,50.072339,14.386873,90,2025-09,streetview
data/images/prague/50.072339_14.386873_h180.jpg,prague,50.072339,14.386873,180,2025-09,streetview
data/images/prague/50.072339_14.386873_h270.jpg,prague,50.072339,14.386873,270,2025-09,streetview
data/images/prague/50.097133_14.368402_h0.jpg,prague,50.097133,14.368402,0,2019-07,streetview
data/images/prague/50.097133_14.368402_h90.jpg,prague,50.097133,14.368402,90,2019-07,streetview
data/images/prague/50.097133_14.368402_h180.jpg,prague,50.097133,14.368402,180,2019-07,streetview
data/images/prague/50.097133_14.368402_h270.jpg,prague,50.097133,14.368402,270,2019-07,streetview
data/images/prague/50.077729_14.418791_h0.jpg,prague,50.077729,14.418791,0,2019-11,streetview
data/images/prague/50.077729_14.418791_h90.jpg,prague,50.077729,14.418791,90,2019-11,streetview
data/images/prague/50.077729_14.418791_h180.jpg,prague,50.077729,14.418791,180,2019-11,streetview
data/images/prague/50.077729_14.418791_h270.jpg,prague,50.077729,14.418791,270,2019-11,streetview
data/images/prague/50.072339_14.462453_h0.jpg,prague,50.072339,14.462453,0,2018-10,streetview
data/images/prague/50.072339_14.462453_h90.jpg,prague,50.072339,14.462453,90,2018-10,streetview
data/images/prague/50.072339_14.462453_h180.jpg,prague,50.072339,14.462453,180,2018-10,streetview
data/images/prague/50.072339_14.462453_h270.jpg,prague,50.072339,14.462453,270,2018-10,streetview
data/images/prague/50.04_14.438886_h0.jpg,prague,50.04,14.438886,0,2025-09,streetview
data/images/prague/50.04_14.438886_h90.jpg,prague,50.04,14.438886,90,2025-09,streetview
data/images/prague/50.04_14.438886_h180.jpg,prague,50.04,14.438886,180,2025-09,streetview
data/images/prague/50.04_14.438886_h270.jpg,prague,50.04,14.438886,270,2025-09,streetview
data/images/prague/50.051858_14.47584_h0.jpg,prague,50.051858,14.47584,0,2025-09,streetview
data/images/prague/50.051858_14.47584_h90.jpg,prague,50.051858,14.47584,90,2025-09,streetview
data/images/prague/50.051858_14.47584_h180.jpg,prague,50.051858,14.47584,180,2025-09,streetview
data/images/prague/50.051858_14.47584_h270.jpg,prague,50.051858,14.47584,270,2025-09,streetview
data/images/prague/50.065871_14.477553_h0.jpg,prague,50.065871,14.477553,0,2024-03,streetview
data/images/prague/50.065871_14.477553_h90.jpg,prague,50.065871,14.477553,90,2024-03,streetview
data/images/prague/50.065871_14.477553_h180.jpg,prague,50.065871,14.477553,180,2024-03,streetview
data/images/prague/50.065871_14.477553_h270.jpg,prague,50.065871,14.477553,270,2024-03,streetview
data/images/prague/50.063715_14.443963_h0.jpg,prague,50.063715,14.443963,0,2025-09,streetview
data/images/prague/50.063715_14.443963_h90.jpg,prague,50.063715,14.443963,90,2025-09,streetview
data/images/prague/50.063715_14.443963_h180.jpg,prague,50.063715,14.443963,180,2025-09,streetview
data/images/prague/50.063715_14.443963_h270.jpg,prague,50.063715,14.443963,270,2025-09,streetview
data/images/prague/50.072339_14.36_h0.jpg,prague,50.072339,14.36,0,2019-08,streetview
data/images/prague/50.072339_14.36_h90.jpg,prague,50.072339,14.36,90,2019-08,streetview
data/images/prague/50.072339_14.36_h180.jpg,prague,50.072339,14.36,180,2019-08,streetview
data/images/prague/50.072339_14.36_h270.jpg,prague,50.072339,14.36,270,2019-08,streetview
data/images/prague/50.05617_14.442271_h0.jpg,prague,50.05617,14.442271,0,2025-09,streetview
data/images/prague/50.05617_14.442271_h90.jpg,prague,50.05617,14.442271,90,2025-09,streetview
data/images/prague/50.05617_14.442271_h180.jpg,prague,50.05617,14.442271,180,2025-09,streetview
data/images/prague/50.05617_14.442271_h270.jpg,prague,50.05617,14.442271,270,2025-09,streetview
data/images/prague/50.104678_14.43395_h0.jpg,prague,50.104678,14.43395,0,2024-05,streetview
data/images/prague/50.104678_14.43395_h90.jpg,prague,50.104678,14.43395,90,2024-05,streetview
data/images/prague/50.104678_14.43395_h180.jpg,prague,50.104678,14.43395,180,2024-05,streetview
data/images/prague/50.104678_14.43395_h270.jpg,prague,50.104678,14.43395,270,2024-05,streetview
data/images/prague/50.054014_14.454019_h0.jpg,prague,50.054014,14.454019,0,2024-05,streetview
data/images/prague/50.054014_14.454019_h90.jpg,prague,50.054014,14.454019,90,2024-05,streetview
data/images/prague/50.054014_14.454019_h180.jpg,prague,50.054014,14.454019,180,2024-05,streetview
data/images/prague/50.054014_14.454019_h270.jpg,prague,50.054014,14.454019,270,2024-05,streetview
data/images/prague/50.101444_14.423862_h0.jpg,prague,50.101444,14.423862,0,2019-08,streetview
data/images/prague/50.101444_14.423862_h90.jpg,prague,50.101444,14.423862,90,2019-08,streetview
data/images/prague/50.101444_14.423862_h180.jpg,prague,50.101444,14.423862,180,2019-08,streetview
data/images/prague/50.101444_14.423862_h270.jpg,prague,50.101444,14.423862,270,2019-08,streetview
data/images/prague/50.093899_14.449057_h0.jpg,prague,50.093899,14.449057,0,2020-01,streetview
data/images/prague/50.093899_14.449057_h90.jpg,prague,50.093899,14.449057,90,2020-01,streetview
data/images/prague/50.093899_14.449057_h180.jpg,prague,50.093899,14.449057,180,2020-01,streetview
data/images/prague/50.093899_14.449057_h270.jpg,prague,50.093899,14.449057,270,2020-01,streetview
data/images/prague/50.104678_14.417143_h0.jpg,prague,50.104678,14.417143,0,2024-09,streetview
data/images/prague/50.104678_14.417143_h90.jpg,prague,50.104678,14.417143,90,2024-09,streetview
data/images/prague/50.104678_14.417143_h180.jpg,prague,50.104678,14.417143,180,2024-09,streetview
data/images/prague/50.104678_14.417143_h270.jpg,prague,50.104678,14.417143,270,2024-09,streetview
data/images/prague/50.05078_14.44394_h0.jpg,prague,50.05078,14.44394,0,2019-07,streetview
data/images/prague/50.05078_14.44394_h90.jpg,prague,50.05078,14.44394,90,2019-07,streetview
data/images/prague/50.05078_14.44394_h180.jpg,prague,50.05078,14.44394,180,2019-07,streetview
data/images/prague/50.05078_14.44394_h270.jpg,prague,50.05078,14.44394,270,2019-07,streetview
data/images/prague/50.089587_14.427206_h0.jpg,prague,50.089587,14.427206,0,2024-09,streetview
data/images/prague/50.089587_14.427206_h90.jpg,prague,50.089587,14.427206,90,2024-09,streetview
data/images/prague/50.089587_14.427206_h180.jpg,prague,50.089587,14.427206,180,2024-09,streetview
data/images/prague/50.089587_14.427206_h270.jpg,prague,50.089587,14.427206,270,2024-09,streetview
data/images/prague/50.076651_14.385196_h0.jpg,prague,50.076651,14.385196,0,2019-08,streetview
data/images/prague/50.076651_14.385196_h90.jpg,prague,50.076651,14.385196,90,2019-08,streetview
data/images/prague/50.076651_14.385196_h180.jpg,prague,50.076651,14.385196,180,2019-08,streetview
data/images/prague/50.076651_14.385196_h270.jpg,prague,50.076651,14.385196,270,2019-08,streetview
data/images/prague/50.054014_14.427157_h0.jpg,prague,50.054014,14.427157,0,2024-05,streetview
data/images/prague/50.054014_14.427157_h90.jpg,prague,50.054014,14.427157,90,2024-05,streetview
data/images/prague/50.054014_14.427157_h180.jpg,prague,50.054014,14.427157,180,2024-05,streetview
data/images/prague/50.054014_14.427157_h270.jpg,prague,50.054014,14.427157,270,2024-05,streetview
data/images/prague/50.076651_14.383516_h0.jpg,prague,50.076651,14.383516,0,2019-08,streetview
data/images/prague/50.076651_14.383516_h90.jpg,prague,50.076651,14.383516,90,2019-08,streetview
data/images/prague/50.076651_14.383516_h180.jpg,prague,50.076651,14.383516,180,2019-08,streetview
data/images/prague/50.076651_14.383516_h270.jpg,prague,50.076651,14.383516,270,2019-08,streetview
data/images/prague/50.087431_14.433924_h0.jpg,prague,50.087431,14.433924,0,2018-09,streetview
data/images/prague/50.087431_14.433924_h90.jpg,prague,50.087431,14.433924,90,2018-09,streetview
data/images/prague/50.087431_14.433924_h180.jpg,prague,50.087431,14.433924,180,2018-09,streetview
data/images/prague/50.087431_14.433924_h270.jpg,prague,50.087431,14.433924,270,2018-09,streetview
data/images/prague/50.068027_14.460764_h0.jpg,prague,50.068027,14.460764,0,2024-07,streetview
data/images/prague/50.068027_14.460764_h90.jpg,prague,50.068027,14.460764,90,2024-07,streetview
data/images/prague/50.068027_14.460764_h180.jpg,prague,50.068027,14.460764,180,2024-07,streetview
data/images/prague/50.068027_14.460764_h270.jpg,prague,50.068027,14.460764,270,2024-07,streetview
data/images/prague/50.1036_14.433949_h0.jpg,prague,50.1036,14.433949,0,2024-05,streetview
data/images/prague/50.1036_14.433949_h90.jpg,prague,50.1036,14.433949,90,2024-05,streetview
data/images/prague/50.1036_14.433949_h180.jpg,prague,50.1036,14.433949,180,2024-05,streetview
data/images/prague/50.1036_14.433949_h270.jpg,prague,50.1036,14.433949,270,2024-05,streetview
data/images/prague/50.060481_14.448995_h0.jpg,prague,50.060481,14.448995,0,2025-09,streetview
data/images/prague/50.060481_14.448995_h90.jpg,prague,50.060481,14.448995,90,2025-09,streetview
data/images/prague/50.060481_14.448995_h180.jpg,prague,50.060481,14.448995,180,2025-09,streetview
data/images/prague/50.060481_14.448995_h270.jpg,prague,50.060481,14.448995,270,2025-09,streetview
data/images/prague/50.051858_14.428832_h0.jpg,prague,50.051858,14.428832,0,2025-09,streetview
data/images/prague/50.051858_14.428832_h90.jpg,prague,50.051858,14.428832,90,2025-09,streetview
data/images/prague/50.051858_14.428832_h180.jpg,prague,50.051858,14.428832,180,2025-09,streetview
data/images/prague/50.051858_14.428832_h270.jpg,prague,50.051858,14.428832,270,2025-09,streetview
data/images/prague/50.085275_14.36336_h0.jpg,prague,50.085275,14.36336,0,2025-09,streetview
data/images/prague/50.085275_14.36336_h90.jpg,prague,50.085275,14.36336,90,2025-09,streetview
data/images/prague/50.085275_14.36336_h180.jpg,prague,50.085275,14.36336,180,2025-09,streetview
data/images/prague/50.085275_14.36336_h270.jpg,prague,50.085275,14.36336,270,2025-09,streetview
data/images/prague/50.099289_14.385208_h0.jpg,prague,50.099289,14.385208,0,2025-09,streetview
data/images/prague/50.099289_14.385208_h90.jpg,prague,50.099289,14.385208,90,2025-09,streetview
data/images/prague/50.099289_14.385208_h180.jpg,prague,50.099289,14.385208,180,2025-09,streetview
data/images/prague/50.099289_14.385208_h270.jpg,prague,50.099289,14.385208,270,2025-09,streetview
data/images/prague/50.04539_14.425466_h0.jpg,prague,50.04539,14.425466,0,2024-05,streetview
data/images/prague/50.04539_14.425466_h90.jpg,prague,50.04539,14.425466,90,2024-05,streetview
data/images/prague/50.04539_14.425466_h180.jpg,prague,50.04539,14.425466,180,2024-05,streetview
data/images/prague/50.04539_14.425466_h270.jpg,prague,50.04539,14.425466,270,2024-05,streetview
data/images/prague/50.083119_14.420478_h0.jpg,prague,50.083119,14.420478,0,2024-10,streetview
data/images/prague/50.083119_14.420478_h90.jpg,prague,50.083119,14.420478,90,2024-10,streetview
data/images/prague/50.083119_14.420478_h180.jpg,prague,50.083119,14.420478,180,2024-10,streetview
data/images/prague/50.083119_14.420478_h270.jpg,prague,50.083119,14.420478,270,2024-10,streetview
data/images/prague/50.083119_14.438957_h0.jpg,prague,50.083119,14.438957,0,2024-09,streetview
data/images/prague/50.083119_14.438957_h90.jpg,prague,50.083119,14.438957,90,2024-09,streetview
data/images/prague/50.083119_14.438957_h180.jpg,prague,50.083119,14.438957,180,2024-09,streetview
data/images/prague/50.083119_14.438957_h270.jpg,prague,50.083119,14.438957,270,2024-09,streetview
data/images/prague/50.072339_14.405348_h0.jpg,prague,50.072339,14.405348,0,2024-05,streetview
data/images/prague/50.072339_14.405348_h90.jpg,prague,50.072339,14.405348,90,2024-05,streetview
data/images/prague/50.072339_14.405348_h180.jpg,prague,50.072339,14.405348,180,2024-05,streetview
data/images/prague/50.072339_14.405348_h270.jpg,prague,50.072339,14.405348,270,2024-05,streetview
data/images/prague/50.073417_14.452378_h0.jpg,prague,50.073417,14.452378,0,2025-09,streetview
data/images/prague/50.073417_14.452378_h90.jpg,prague,50.073417,14.452378,90,2025-09,streetview
data/images/prague/50.073417_14.452378_h180.jpg,prague,50.073417,14.452378,180,2025-09,streetview
data/images/prague/50.073417_14.452378_h270.jpg,prague,50.073417,14.452378,270,2025-09,streetview
data/images/prague/50.093899_14.460819_h0.jpg,prague,50.093899,14.460819,0,2024-10,streetview
data/images/prague/50.093899_14.460819_h90.jpg,prague,50.093899,14.460819,90,2024-10,streetview
data/images/prague/50.093899_14.460819_h180.jpg,prague,50.093899,14.460819,180,2024-10,streetview
data/images/prague/50.093899_14.460819_h270.jpg,prague,50.093899,14.460819,270,2024-10,streetview
data/images/prague/50.041078_14.460708_h0.jpg,prague,50.041078,14.460708,0,2024-06,streetview
data/images/prague/50.041078_14.460708_h90.jpg,prague,50.041078,14.460708,90,2024-06,streetview
data/images/prague/50.041078_14.460708_h180.jpg,prague,50.041078,14.460708,180,2024-06,streetview
data/images/prague/50.041078_14.460708_h270.jpg,prague,50.041078,14.460708,270,2024-06,streetview
data/images/prague/50.057248_14.371753_h0.jpg,prague,50.057248,14.371753,0,2024-05,streetview
data/images/prague/50.057248_14.371753_h90.jpg,prague,50.057248,14.371753,90,2024-05,streetview
data/images/prague/50.057248_14.371753_h180.jpg,prague,50.057248,14.371753,180,2024-05,streetview
data/images/prague/50.057248_14.371753_h270.jpg,prague,50.057248,14.371753,270,2024-05,streetview
data/images/prague/50.107912_14.435636_h0.jpg,prague,50.107912,14.435636,0,2024-09,streetview
data/images/prague/50.107912_14.435636_h90.jpg,prague,50.107912,14.435636,90,2024-09,streetview
data/images/prague/50.107912_14.435636_h180.jpg,prague,50.107912,14.435636,180,2024-09,streetview
data/images/prague/50.107912_14.435636_h270.jpg,prague,50.107912,14.435636,270,2024-09,streetview
data/images/prague/50.075573_14.442304_h0.jpg,prague,50.075573,14.442304,0,2023-06,streetview
data/images/prague/50.075573_14.442304_h90.jpg,prague,50.075573,14.442304,90,2023-06,streetview
data/images/prague/50.075573_14.442304_h180.jpg,prague,50.075573,14.442304,180,2023-06,streetview
data/images/prague/50.075573_14.442304_h270.jpg,prague,50.075573,14.442304,270,2023-06,streetview
data/images/prague/50.068027_14.418779_h0.jpg,prague,50.068027,14.418779,0,2025-09,streetview
data/images/prague/50.068027_14.418779_h90.jpg,prague,50.068027,14.418779,90,2025-09,streetview
data/images/prague/50.068027_14.418779_h180.jpg,prague,50.068027,14.418779,180,2025-09,streetview
data/images/prague/50.068027_14.418779_h270.jpg,prague,50.068027,14.418779,270,2025-09,streetview
data/images/prague/50.088509_14.402003_h0.jpg,prague,50.088509,14.402003,0,2022-02,streetview
data/images/prague/50.088509_14.402003_h90.jpg,prague,50.088509,14.402003,90,2022-02,streetview
data/images/prague/50.088509_14.402003_h180.jpg,prague,50.088509,14.402003,180,2022-02,streetview
data/images/prague/50.088509_14.402003_h270.jpg,prague,50.088509,14.402003,270,2022-02,streetview
data/images/prague/50.073417_14.430543_h0.jpg,prague,50.073417,14.430543,0,2019-10,streetview
data/images/prague/50.073417_14.430543_h90.jpg,prague,50.073417,14.430543,90,2019-10,streetview
data/images/prague/50.073417_14.430543_h180.jpg,prague,50.073417,14.430543,180,2019-10,streetview
data/images/prague/50.073417_14.430543_h270.jpg,prague,50.073417,14.430543,270,2019-10,streetview
data/images/prague/50.060481_14.393583_h0.jpg,prague,50.060481,14.393583,0,2025-09,streetview
data/images/prague/50.060481_14.393583_h90.jpg,prague,50.060481,14.393583,90,2025-09,streetview
data/images/prague/50.060481_14.393583_h180.jpg,prague,50.060481,14.393583,180,2025-09,streetview
data/images/prague/50.060481_14.393583_h270.jpg,prague,50.060481,14.393583,270,2025-09,streetview
data/images/prague/50.070183_14.368397_h0.jpg,prague,50.070183,14.368397,0,2024-02,streetview
data/images/prague/50.070183_14.368397_h90.jpg,prague,50.070183,14.368397,90,2024-02,streetview
data/images/prague/50.070183_14.368397_h180.jpg,prague,50.070183,14.368397,180,2024-02,streetview
data/images/prague/50.070183_14.368397_h270.jpg,prague,50.070183,14.368397,270,2024-02,streetview
data/images/prague/50.088509_14.413764_h0.jpg,prague,50.088509,14.413764,0,2024-09,streetview
data/images/prague/50.088509_14.413764_h90.jpg,prague,50.088509,14.413764,90,2024-09,streetview
data/images/prague/50.088509_14.413764_h180.jpg,prague,50.088509,14.413764,180,2024-09,streetview
data/images/prague/50.088509_14.413764_h270.jpg,prague,50.088509,14.413764,270,2024-09,streetview
data/images/prague/50.099289_14.469233_h0.jpg,prague,50.099289,14.469233,0,2025-09,streetview
data/images/prague/50.099289_14.469233_h90.jpg,prague,50.099289,14.469233,90,2025-09,streetview
data/images/prague/50.099289_14.469233_h180.jpg,prague,50.099289,14.469233,180,2025-09,streetview
data/images/prague/50.099289_14.469233_h270.jpg,prague,50.099289,14.469233,270,2025-09,streetview
data/images/prague/50.085275_14.43224_h0.jpg,prague,50.085275,14.43224,0,2018-03,streetview
data/images/prague/50.085275_14.43224_h90.jpg,prague,50.085275,14.43224,90,2018-03,streetview
data/images/prague/50.085275_14.43224_h180.jpg,prague,50.085275,14.43224,180,2018-03,streetview
data/images/prague/50.085275_14.43224_h270.jpg,prague,50.085275,14.43224,270,2018-03,streetview
data/images/prague/50.088509_14.435606_h0.jpg,prague,50.088509,14.435606,0,2025-09,streetview
data/images/prague/50.088509_14.435606_h90.jpg,prague,50.088509,14.435606,90,2025-09,streetview
data/images/prague/50.088509_14.435606_h180.jpg,prague,50.088509,14.435606,180,2025-09,streetview
data/images/prague/50.088509_14.435606_h270.jpg,prague,50.088509,14.435606,270,2025-09,streetview
data/images/prague/50.089587_14.46249_h0.jpg,prague,50.089587,14.46249,0,2025-09,streetview
data/images/prague/50.089587_14.46249_h90.jpg,prague,50.089587,14.46249,90,2025-09,streetview
data/images/prague/50.089587_14.46249_h180.jpg,prague,50.089587,14.46249,180,2025-09,streetview
data/images/prague/50.089587_14.46249_h270.jpg,prague,50.089587,14.46249,270,2025-09,streetview
data/images/prague/50.101444_14.402014_h0.jpg,prague,50.101444,14.402014,0,2024-05,streetview
data/images/prague/50.101444_14.402014_h90.jpg,prague,50.101444,14.402014,90,2024-05,streetview
data/images/prague/50.101444_14.402014_h180.jpg,prague,50.101444,14.402014,180,2024-05,streetview
data/images/prague/50.101444_14.402014_h270.jpg,prague,50.101444,14.402014,270,2024-05,streetview
data/images/prague/50.077729_14.470863_h0.jpg,prague,50.077729,14.470863,0,2025-08,streetview
data/images/prague/50.077729_14.470863_h90.jpg,prague,50.077729,14.470863,90,2025-08,streetview
data/images/prague/50.077729_14.470863_h180.jpg,prague,50.077729,14.470863,180,2025-08,streetview
data/images/prague/50.077729_14.470863_h270.jpg,prague,50.077729,14.470863,270,2025-08,streetview
data/images/prague/50.098211_14.36_h0.jpg,prague,50.098211,14.36,0,2025-04,streetview
data/images/prague/50.098211_14.36_h90.jpg,prague,50.098211,14.36,90,2025-04,streetview
data/images/prague/50.098211_14.36_h180.jpg,prague,50.098211,14.36,180,2025-04,streetview
data/images/prague/50.098211_14.36_h270.jpg,prague,50.098211,14.36,270,2025-04,streetview
data/images/prague/50.076651_14.410391_h0.jpg,prague,50.076651,14.410391,0,2018-08,streetview
data/images/prague/50.076651_14.410391_h90.jpg,prague,50.076651,14.410391,90,2018-08,streetview
data/images/prague/50.076651_14.410391_h180.jpg,prague,50.076651,14.410391,180,2018-08,streetview
data/images/prague/50.076651_14.410391_h270.jpg,prague,50.076651,14.410391,270,2018-08,streetview
data/images/prague/50.102522_14.433947_h0.jpg,prague,50.102522,14.433947,0,2025-09,streetview
data/images/prague/50.102522_14.433947_h90.jpg,prague,50.102522,14.433947,90,2025-09,streetview
data/images/prague/50.102522_14.433947_h180.jpg,prague,50.102522,14.433947,180,2025-09,streetview
data/images/prague/50.102522_14.433947_h270.jpg,prague,50.102522,14.433947,270,2025-09,streetview
data/images/prague/50.073417_14.44398_h0.jpg,prague,50.073417,14.44398,0,2025-09,streetview
data/images/prague/50.073417_14.44398_h90.jpg,prague,50.073417,14.44398,90,2025-09,streetview
data/images/prague/50.073417_14.44398_h180.jpg,prague,50.073417,14.44398,180,2025-09,streetview
data/images/prague/50.073417_14.44398_h270.jpg,prague,50.073417,14.44398,270,2025-09,streetview
data/images/prague/50.061559_14.454034_h0.jpg,prague,50.061559,14.454034,0,2024-08,streetview
data/images/prague/50.061559_14.454034_h90.jpg,prague,50.061559,14.454034,90,2024-08,streetview
data/images/prague/50.061559_14.454034_h180.jpg,prague,50.061559,14.454034,180,2024-08,streetview
data/images/prague/50.061559_14.454034_h270.jpg,prague,50.061559,14.454034,270,2024-08,streetview
data/images/prague/50.088509_14.417124_h0.jpg,prague,50.088509,14.417124,0,2019-08,streetview
data/images/prague/50.088509_14.417124_h90.jpg,prague,50.088509,14.417124,90,2019-08,streetview
data/images/prague/50.088509_14.417124_h180.jpg,prague,50.088509,14.417124,180,2019-08,streetview
data/images/prague/50.088509_14.417124_h270.jpg,prague,50.088509,14.417124,270,2019-08,streetview
data/images/prague/50.083119_14.393599_h0.jpg,prague,50.083119,14.393599,0,2025-07,streetview
data/images/prague/50.083119_14.393599_h90.jpg,prague,50.083119,14.393599,90,2025-07,streetview
data/images/prague/50.083119_14.393599_h180.jpg,prague,50.083119,14.393599,180,2025-07,streetview
data/images/prague/50.083119_14.393599_h270.jpg,prague,50.083119,14.393599,270,2025-07,streetview
data/images/prague/50.094977_14.45578_h0.jpg,prague,50.094977,14.45578,0,2025-09,streetview
data/images/prague/50.094977_14.45578_h90.jpg,prague,50.094977,14.45578,90,2025-09,streetview
data/images/prague/50.094977_14.45578_h180.jpg,prague,50.094977,14.45578,180,2025-09,streetview
data/images/prague/50.094977_14.45578_h270.jpg,prague,50.094977,14.45578,270,2025-09,streetview
data/images/prague/50.044312_14.460715_h0.jpg,prague,50.044312,14.460715,0,2019-07,streetview
data/images/prague/50.044312_14.460715_h90.jpg,prague,50.044312,14.460715,90,2019-07,streetview
data/images/prague/50.044312_14.460715_h180.jpg,prague,50.044312,14.460715,180,2019-07,streetview
data/images/prague/50.044312_14.460715_h270.jpg,prague,50.044312,14.460715,270,2019-07,streetview
data/images/prague/50.093899_14.455778_h0.jpg,prague,50.093899,14.455778,0,2025-09,streetview
data/images/prague/50.093899_14.455778_h90.jpg,prague,50.093899,14.455778,90,2025-09,streetview
data/images/prague/50.093899_14.455778_h180.jpg,prague,50.093899,14.455778,180,2025-09,streetview
data/images/prague/50.093899_14.455778_h270.jpg,prague,50.093899,14.455778,270,2025-09,streetview
data/images/prague/50.091743_14.470896_h0.jpg,prague,50.091743,14.470896,0,2024-08,streetview
data/images/prague/50.091743_14.470896_h90.jpg,prague,50.091743,14.470896,90,2024-08,streetview
data/images/prague/50.091743_14.470896_h180.jpg,prague,50.091743,14.470896,180,2024-08,streetview
data/images/prague/50.091743_14.470896_h270.jpg,prague,50.091743,14.470896,270,2024-08,streetview
data/images/prague/50.075573_14.425507_h0.jpg,prague,50.075573,14.425507,0,2019-07,streetview
data/images/prague/50.075573_14.425507_h90.jpg,prague,50.075573,14.425507,90,2019-07,streetview
data/images/prague/50.075573_14.425507_h180.jpg,prague,50.075573,14.425507,180,2019-07,streetview
data/images/prague/50.075573_14.425507_h270.jpg,prague,50.075573,14.425507,270,2019-07,streetview
data/images/prague/50.041078_14.432174_h0.jpg,prague,50.041078,14.432174,0,2025-09,streetview
data/images/prague/50.041078_14.432174_h90.jpg,prague,50.041078,14.432174,90,2025-09,streetview
data/images/prague/50.041078_14.432174_h180.jpg,prague,50.041078,14.432174,180,2025-09,streetview
data/images/prague/50.041078_14.432174_h270.jpg,prague,50.041078,14.432174,270,2025-09,streetview
data/images/prague/50.087431_14.457445_h0.jpg,prague,50.087431,14.457445,0,2021-09,streetview
data/images/prague/50.087431_14.457445_h90.jpg,prague,50.087431,14.457445,90,2021-09,streetview
data/images/prague/50.087431_14.457445_h180.jpg,prague,50.087431,14.457445,180,2021-09,streetview
data/images/prague/50.087431_14.457445_h270.jpg,prague,50.087431,14.457445,270,2021-09,streetview
data/images/prague/50.087431_14.435604_h0.jpg,prague,50.087431,14.435604,0,2024-06,streetview
data/images/prague/50.087431_14.435604_h90.jpg,prague,50.087431,14.435604,90,2024-06,streetview
data/images/prague/50.087431_14.435604_h180.jpg,prague,50.087431,14.435604,180,2024-06,streetview
data/images/prague/50.087431_14.435604_h270.jpg,prague,50.087431,14.435604,270,2024-06,streetview
data/images/prague/50.065871_14.427173_h0.jpg,prague,50.065871,14.427173,0,2025-09,streetview
data/images/prague/50.065871_14.427173_h90.jpg,prague,50.065871,14.427173,90,2025-09,streetview
data/images/prague/50.065871_14.427173_h180.jpg,prague,50.065871,14.427173,180,2025-09,streetview
data/images/prague/50.065871_14.427173_h270.jpg,prague,50.065871,14.427173,270,2025-09,streetview
data/images/prague/50.099289_14.378486_h0.jpg,prague,50.099289,14.378486,0,2024-05,streetview
data/images/prague/50.099289_14.378486_h90.jpg,prague,50.099289,14.378486,90,2024-05,streetview
data/images/prague/50.099289_14.378486_h180.jpg,prague,50.099289,14.378486,180,2024-05,streetview
data/images/prague/50.099289_14.378486_h270.jpg,prague,50.099289,14.378486,270,2024-05,streetview
data/images/prague/50.048624_14.464081_h0.jpg,prague,50.048624,14.464081,0,2025-09,streetview
data/images/prague/50.048624_14.464081_h90.jpg,prague,50.048624,14.464081,90,2025-09,streetview
data/images/prague/50.048624_14.464081_h180.jpg,prague,50.048624,14.464081,180,2025-09,streetview
data/images/prague/50.048624_14.464081_h270.jpg,prague,50.048624,14.464081,270,2025-09,streetview
data/images/prague/50.074495_14.393593_h0.jpg,prague,50.074495,14.393593,0,2025-09,streetview
data/images/prague/50.074495_14.393593_h90.jpg,prague,50.074495,14.393593,90,2025-09,streetview
data/images/prague/50.074495_14.393593_h180.jpg,prague,50.074495,14.393593,180,2025-09,streetview
data/images/prague/50.074495_14.393593_h270.jpg,prague,50.074495,14.393593,270,2025-09,streetview
data/images/prague/50.061559_14.432205_h0.jpg,prague,50.061559,14.432205,0,2024-08,streetview
data/images/prague/50.061559_14.432205_h90.jpg,prague,50.061559,14.432205,90,2024-08,streetview
data/images/prague/50.061559_14.432205_h180.jpg,prague,50.061559,14.432205,180,2024-08,streetview
data/images/prague/50.061559_14.432205_h270.jpg,prague,50.061559,14.432205,270,2024-08,streetview
data/images/prague/50.063715_14.442284_h0.jpg,prague,50.063715,14.442284,0,2025-09,streetview
data/images/prague/50.063715_14.442284_h90.jpg,prague,50.063715,14.442284,90,2025-09,streetview
data/images/prague/50.063715_14.442284_h180.jpg,prague,50.063715,14.442284,180,2025-09,streetview
data/images/prague/50.063715_14.442284_h270.jpg,prague,50.063715,14.442284,270,2025-09,streetview
data/images/prague/50.048624_14.36_h0.jpg,prague,50.048624,14.36,0,2024-05,streetview
data/images/prague/50.048624_14.36_h90.jpg,prague,50.048624,14.36,90,2024-05,streetview
data/images/prague/50.048624_14.36_h180.jpg,prague,50.048624,14.36,180,2024-05,streetview
data/images/prague/50.048624_14.36_h270.jpg,prague,50.048624,14.36,270,2024-05,streetview
data/images/prague/50.074495_14.433904_h0.jpg,prague,50.074495,14.433904,0,2025-09,streetview
data/images/prague/50.074495_14.433904_h90.jpg,prague,50.074495,14.433904,90,2025-09,streetview
data/images/prague/50.074495_14.433904_h180.jpg,prague,50.074495,14.433904,180,2025-09,streetview
data/images/prague/50.074495_14.433904_h270.jpg,prague,50.074495,14.433904,270,2025-09,streetview
data/images/prague/50.064793_14.442285_h0.jpg,prague,50.064793,14.442285,0,2022-08,streetview
data/images/prague/50.064793_14.442285_h90.jpg,prague,50.064793,14.442285,90,2022-08,streetview
data/images/prague/50.064793_14.442285_h180.jpg,prague,50.064793,14.442285,180,2022-08,streetview
data/images/prague/50.064793_14.442285_h270.jpg,prague,50.064793,14.442285,270,2022-08,streetview
data/images/prague/50.05617_14.42716_h0.jpg,prague,50.05617,14.42716,0,2024-05,streetview
data/images/prague/50.05617_14.42716_h90.jpg,prague,50.05617,14.42716,90,2024-05,streetview
data/images/prague/50.05617_14.42716_h180.jpg,prague,50.05617,14.42716,180,2024-05,streetview
data/images/prague/50.05617_14.42716_h270.jpg,prague,50.05617,14.42716,270,2024-05,streetview
data/images/prague/50.10899_14.395298_h0.jpg,prague,50.10899,14.395298,0,2025-08,streetview
data/images/prague/50.10899_14.395298_h90.jpg,prague,50.10899,14.395298,90,2025-08,streetview
data/images/prague/50.10899_14.395298_h180.jpg,prague,50.10899,14.395298,180,2025-08,streetview
data/images/prague/50.10899_14.395298_h270.jpg,prague,50.10899,14.395298,270,2025-08,streetview
data/images/prague/50.049702_14.479192_h0.jpg,prague,50.049702,14.479192,0,2025-09,streetview
data/images/prague/50.049702_14.479192_h90.jpg,prague,50.049702,14.479192,90,2025-09,streetview
data/images/prague/50.049702_14.479192_h180.jpg,prague,50.049702,14.479192,180,2025-09,streetview
data/images/prague/50.049702_14.479192_h270.jpg,prague,50.049702,14.479192,270,2025-09,streetview
data/images/prague/50.04_14.474133_h0.jpg,prague,50.04,14.474133,0,2026-04,streetview
data/images/prague/50.04_14.474133_h90.jpg,prague,50.04,14.474133,90,2026-04,streetview
data/images/prague/50.04_14.474133_h180.jpg,prague,50.04,14.474133,180,2026-04,streetview
data/images/prague/50.04_14.474133_h270.jpg,prague,50.04,14.474133,270,2026-04,streetview
data/images/prague/50.096055_14.381845_h0.jpg,prague,50.096055,14.381845,0,2019-06,streetview
data/images/prague/50.096055_14.381845_h90.jpg,prague,50.096055,14.381845,90,2019-06,streetview
data/images/prague/50.096055_14.381845_h180.jpg,prague,50.096055,14.381845,180,2019-06,streetview
data/images/prague/50.096055_14.381845_h270.jpg,prague,50.096055,14.381845,270,2019-06,streetview
data/images/prague/50.054014_14.361679_h0.jpg,prague,50.054014,14.361679,0,2019-09,streetview
data/images/prague/50.054014_14.361679_h90.jpg,prague,50.054014,14.361679,90,2019-09,streetview
data/images/prague/50.054014_14.361679_h180.jpg,prague,50.054014,14.361679,180,2019-09,streetview
data/images/prague/50.054014_14.361679_h270.jpg,prague,50.054014,14.361679,270,2019-09,streetview
data/images/prague/50.085275_14.444001_h0.jpg,prague,50.085275,14.444001,0,2025-08,streetview
data/images/prague/50.085275_14.444001_h90.jpg,prague,50.085275,14.444001,90,2025-08,streetview
data/images/prague/50.085275_14.444001_h180.jpg,prague,50.085275,14.444001,180,2025-08,streetview
data/images/prague/50.085275_14.444001_h270.jpg,prague,50.085275,14.444001,270,2025-08,streetview
data/images/prague/50.105756_14.444036_h0.jpg,prague,50.105756,14.444036,0,2024-10,streetview
data/images/prague/50.105756_14.444036_h90.jpg,prague,50.105756,14.444036,90,2024-10,streetview
data/images/prague/50.105756_14.444036_h180.jpg,prague,50.105756,14.444036,180,2024-10,streetview
data/images/prague/50.105756_14.444036_h270.jpg,prague,50.105756,14.444036,270,2024-10,streetview
data/images/prague/50.072339_14.39695_h0.jpg,prague,50.072339,14.39695,0,2025-09,streetview
data/images/prague/50.072339_14.39695_h90.jpg,prague,50.072339,14.39695,90,2025-09,streetview
data/images/prague/50.072339_14.39695_h180.jpg,prague,50.072339,14.39695,180,2025-09,streetview
data/images/prague/50.072339_14.39695_h270.jpg,prague,50.072339,14.39695,270,2025-09,streetview
data/images/prague/50.084197_14.475918_h0.jpg,prague,50.084197,14.475918,0,2024-08,streetview
data/images/prague/50.084197_14.475918_h90.jpg,prague,50.084197,14.475918,90,2024-08,streetview
data/images/prague/50.084197_14.475918_h180.jpg,prague,50.084197,14.475918,180,2024-08,streetview
data/images/prague/50.084197_14.475918_h270.jpg,prague,50.084197,14.475918,270,2024-08,streetview
data/images/prague/50.048624_14.459045_h0.jpg,prague,50.048624,14.459045,0,2023-09,streetview
data/images/prague/50.048624_14.459045_h90.jpg,prague,50.048624,14.459045,90,2023-09,streetview
data/images/prague/50.048624_14.459045_h180.jpg,prague,50.048624,14.459045,180,2023-09,streetview
data/images/prague/50.048624_14.459045_h270.jpg,prague,50.048624,14.459045,270,2023-09,streetview
data/images/prague/50.085275_14.37008_h0.jpg,prague,50.085275,14.37008,0,2024-09,streetview
data/images/prague/50.085275_14.37008_h90.jpg,prague,50.085275,14.37008,90,2024-09,streetview
data/images/prague/50.085275_14.37008_h180.jpg,prague,50.085275,14.37008,180,2024-09,streetview
data/images/prague/50.085275_14.37008_h270.jpg,prague,50.085275,14.37008,270,2024-09,streetview
data/images/prague/50.074495_14.410389_h0.jpg,prague,50.074495,14.410389,0,2022-10,streetview
data/images/prague/50.074495_14.410389_h90.jpg,prague,50.074495,14.410389,90,2022-10,streetview
data/images/prague/50.074495_14.410389_h180.jpg,prague,50.074495,14.410389,180,2022-10,streetview
data/images/prague/50.074495_14.410389_h270.jpg,prague,50.074495,14.410389,270,2022-10,streetview
data/images/prague/50.090665_14.438969_h0.jpg,prague,50.090665,14.438969,0,2023-06,streetview
data/images/prague/50.090665_14.438969_h90.jpg,prague,50.090665,14.438969,90,2023-06,streetview
data/images/prague/50.090665_14.438969_h180.jpg,prague,50.090665,14.438969,180,2023-06,streetview
data/images/prague/50.090665_14.438969_h270.jpg,prague,50.090665,14.438969,270,2023-06,streetview
data/images/prague/50.079885_14.36336_h0.jpg,prague,50.079885,14.36336,0,2025-09,streetview
data/images/prague/50.079885_14.36336_h90.jpg,prague,50.079885,14.36336,90,2025-09,streetview
data/images/prague/50.079885_14.36336_h180.jpg,prague,50.079885,14.36336,180,2025-09,streetview
data/images/prague/50.079885_14.36336_h270.jpg,prague,50.079885,14.36336,270,2025-09,streetview
data/images/prague/50.096055_14.385206_h0.jpg,prague,50.096055,14.385206,0,2024-05,streetview
data/images/prague/50.096055_14.385206_h90.jpg,prague,50.096055,14.385206,90,2024-05,streetview
data/images/prague/50.096055_14.385206_h180.jpg,prague,50.096055,14.385206,180,2024-05,streetview
data/images/prague/50.096055_14.385206_h270.jpg,prague,50.096055,14.385206,270,2024-05,streetview
data/images/prague/50.10899_14.447404_h0.jpg,prague,50.10899,14.447404,0,2024-08,streetview
data/images/prague/50.10899_14.447404_h90.jpg,prague,50.10899,14.447404,90,2024-08,streetview
data/images/prague/50.10899_14.447404_h180.jpg,prague,50.10899,14.447404,180,2024-08,streetview
data/images/prague/50.10899_14.447404_h270.jpg,prague,50.10899,14.447404,270,2024-08,streetview
data/images/prague/50.05617_14.420444_h0.jpg,prague,50.05617,14.420444,0,2025-09,streetview
data/images/prague/50.05617_14.420444_h90.jpg,prague,50.05617,14.420444,90,2025-09,streetview
data/images/prague/50.05617_14.420444_h180.jpg,prague,50.05617,14.420444,180,2025-09,streetview
data/images/prague/50.05617_14.420444_h270.jpg,prague,50.05617,14.420444,270,2025-09,streetview
data/images/prague/50.05078_14.363358_h0.jpg,prague,50.05078,14.363358,0,2025-07,streetview
data/images/prague/50.05078_14.363358_h90.jpg,prague,50.05078,14.363358,90,2025-07,streetview
data/images/prague/50.05078_14.363358_h180.jpg,prague,50.05078,14.363358,180,2025-07,streetview
data/images/prague/50.05078_14.363358_h270.jpg,prague,50.05078,14.363358,270,2025-07,streetview
data/images/prague/50.058326_14.403656_h0.jpg,prague,50.058326,14.403656,0,2025-09,streetview
data/images/prague/50.058326_14.403656_h90.jpg,prague,50.058326,14.403656,90,2025-09,streetview
data/images/prague/50.058326_14.403656_h180.jpg,prague,50.058326,14.403656,180,2025-09,streetview
data/images/prague/50.058326_14.403656_h270.jpg,prague,50.058326,14.403656,270,2025-09,streetview
data/images/prague/50.086353_14.36504_h0.jpg,prague,50.086353,14.36504,0,2019-09,streetview
data/images/prague/50.086353_14.36504_h90.jpg,prague,50.086353,14.36504,90,2019-09,streetview
data/images/prague/50.086353_14.36504_h180.jpg,prague,50.086353,14.36504,180,2019-09,streetview
data/images/prague/50.086353_14.36504_h270.jpg,prague,50.086353,14.36504,270,2019-09,streetview
data/images/prague/50.076651_14.457423_h0.jpg,prague,50.076651,14.457423,0,2025-08,streetview
data/images/prague/50.076651_14.457423_h90.jpg,prague,50.076651,14.457423,90,2025-08,streetview
data/images/prague/50.076651_14.457423_h180.jpg,prague,50.076651,14.457423,180,2025-08,streetview
data/images/prague/50.076651_14.457423_h270.jpg,prague,50.076651,14.457423,270,2025-08,streetview
data/images/prague/50.074495_14.40703_h0.jpg,prague,50.074495,14.40703,0,2025-09,streetview
data/images/prague/50.074495_14.40703_h90.jpg,prague,50.074495,14.40703,90,2025-09,streetview
data/images/prague/50.074495_14.40703_h180.jpg,prague,50.074495,14.40703,180,2025-09,streetview
data/images/prague/50.074495_14.40703_h270.jpg,prague,50.074495,14.40703,270,2025-09,streetview
data/images/prague/50.047546_14.443934_h0.jpg,prague,50.047546,14.443934,0,2024-05,streetview
data/images/prague/50.047546_14.443934_h90.jpg,prague,50.047546,14.443934,90,2024-05,streetview
data/images/prague/50.047546_14.443934_h180.jpg,prague,50.047546,14.443934,180,2024-05,streetview
data/images/prague/50.047546_14.443934_h270.jpg,prague,50.047546,14.443934,270,2024-05,streetview
data/images/prague/50.1036_14.460839_h0.jpg,prague,50.1036,14.460839,0,2018-02,streetview
data/images/prague/50.1036_14.460839_h90.jpg,prague,50.1036,14.460839,90,2018-02,streetview
data/images/prague/50.1036_14.460839_h180.jpg,prague,50.1036,14.460839,180,2018-02,streetview
data/images/prague/50.1036_14.460839_h270.jpg,prague,50.1036,14.460839,270,2018-02,streetview
data/images/prague/50.085275_14.37512_h0.jpg,prague,50.085275,14.37512,0,2024-05,streetview
data/images/prague/50.085275_14.37512_h90.jpg,prague,50.085275,14.37512,90,2024-05,streetview
data/images/prague/50.085275_14.37512_h180.jpg,prague,50.085275,14.37512,180,2024-05,streetview
data/images/prague/50.085275_14.37512_h270.jpg,prague,50.085275,14.37512,270,2024-05,streetview
data/images/prague/50.071261_14.386872_h0.jpg,prague,50.071261,14.386872,0,2024-02,streetview
data/images/prague/50.071261_14.386872_h90.jpg,prague,50.071261,14.386872,90,2024-02,streetview
data/images/prague/50.071261_14.386872_h180.jpg,prague,50.071261,14.386872,180,2024-02,streetview
data/images/prague/50.071261_14.386872_h270.jpg,prague,50.071261,14.386872,270,2024-02,streetview
data/images/prague/50.049702_14.428829_h0.jpg,prague,50.049702,14.428829,0,2025-09,streetview
data/images/prague/50.049702_14.428829_h90.jpg,prague,50.049702,14.428829,90,2025-09,streetview
data/images/prague/50.049702_14.428829_h180.jpg,prague,50.049702,14.428829,180,2025-09,streetview
data/images/prague/50.049702_14.428829_h270.jpg,prague,50.049702,14.428829,270,2025-09,streetview
data/images/prague/50.10899_14.385213_h0.jpg,prague,50.10899,14.385213,0,2025-09,streetview
data/images/prague/50.10899_14.385213_h90.jpg,prague,50.10899,14.385213,90,2025-09,streetview
data/images/prague/50.10899_14.385213_h180.jpg,prague,50.10899,14.385213,180,2025-09,streetview
data/images/prague/50.10899_14.385213_h270.jpg,prague,50.10899,14.385213,270,2025-09,streetview
data/images/prague/50.098211_14.470911_h0.jpg,prague,50.098211,14.470911,0,2023-05,streetview
data/images/prague/50.098211_14.470911_h90.jpg,prague,50.098211,14.470911,90,2023-05,streetview
data/images/prague/50.098211_14.470911_h180.jpg,prague,50.098211,14.470911,180,2023-05,streetview
data/images/prague/50.098211_14.470911_h270.jpg,prague,50.098211,14.470911,270,2023-05,streetview
data/images/prague/50.05617_14.371753_h0.jpg,prague,50.05617,14.371753,0,2020-10,streetview
data/images/prague/50.05617_14.371753_h90.jpg,prague,50.05617,14.371753,90,2020-10,streetview
data/images/prague/50.05617_14.371753_h180.jpg,prague,50.05617,14.371753,180,2020-10,streetview
data/images/prague/50.05617_14.371753_h270.jpg,prague,50.05617,14.371753,270,2020-10,streetview
data/images/prague/50.052936_14.457375_h0.jpg,prague,50.052936,14.457375,0,2024-05,streetview
data/images/prague/50.052936_14.457375_h90.jpg,prague,50.052936,14.457375,90,2024-05,streetview
data/images/prague/50.052936_14.457375_h180.jpg,prague,50.052936,14.457375,180,2024-05,streetview
data/images/prague/50.052936_14.457375_h270.jpg,prague,50.052936,14.457375,270,2024-05,streetview
data/images/prague/50.078807_14.425512_h0.jpg,prague,50.078807,14.425512,0,2024-05,streetview
data/images/prague/50.078807_14.425512_h90.jpg,prague,50.078807,14.425512,90,2024-05,streetview
data/images/prague/50.078807_14.425512_h180.jpg,prague,50.078807,14.425512,180,2024-05,streetview
data/images/prague/50.078807_14.425512_h270.jpg,prague,50.078807,14.425512,270,2024-05,streetview
data/images/prague/50.089587_14.375121_h0.jpg,prague,50.089587,14.375121,0,2025-09,streetview
data/images/prague/50.089587_14.375121_h90.jpg,prague,50.089587,14.375121,90,2025-09,streetview
data/images/prague/50.089587_14.375121_h180.jpg,prague,50.089587,14.375121,180,2025-09,streetview
data/images/prague/50.089587_14.375121_h270.jpg,prague,50.089587,14.375121,270,2025-09,streetview
data/images/prague/50.093899_14.46754_h0.jpg,prague,50.093899,14.46754,0,2024-08,streetview
data/images/prague/50.093899_14.46754_h90.jpg,prague,50.093899,14.46754,90,2024-08,streetview
data/images/prague/50.093899_14.46754_h180.jpg,prague,50.093899,14.46754,180,2024-08,streetview
data/images/prague/50.093899_14.46754_h270.jpg,prague,50.093899,14.46754,270,2024-08,streetview
data/images/prague/50.097133_14.363361_h0.jpg,prague,50.097133,14.363361,0,2025-09,streetview
data/images/prague/50.097133_14.363361_h90.jpg,prague,50.097133,14.363361,90,2025-09,streetview
data/images/prague/50.097133_14.363361_h180.jpg,prague,50.097133,14.363361,180,2025-09,streetview
data/images/prague/50.097133_14.363361_h270.jpg,prague,50.097133,14.363361,270,2025-09,streetview
data/images/prague/50.065871_14.418777_h0.jpg,prague,50.065871,14.418777,0,2024-08,streetview
data/images/prague/50.065871_14.418777_h90.jpg,prague,50.065871,14.418777,90,2024-08,streetview
data/images/prague/50.065871_14.418777_h180.jpg,prague,50.065871,14.418777,180,2024-08,streetview
data/images/prague/50.065871_14.418777_h270.jpg,prague,50.065871,14.418777,270,2024-08,streetview
data/images/prague/50.075573_14.46414_h0.jpg,prague,50.075573,14.46414,0,2025-01,streetview
data/images/prague/50.075573_14.46414_h90.jpg,prague,50.075573,14.46414,90,2025-01,streetview
data/images/prague/50.075573_14.46414_h180.jpg,prague,50.075573,14.46414,180,2025-01,streetview
data/images/prague/50.075573_14.46414_h270.jpg,prague,50.075573,14.46414,270,2025-01,streetview
data/images/prague/50.054014_14.408689_h0.jpg,prague,50.054014,14.408689,0,2025-09,streetview
data/images/prague/50.054014_14.408689_h90.jpg,prague,50.054014,14.408689,90,2025-09,streetview
data/images/prague/50.054014_14.408689_h180.jpg,prague,50.054014,14.408689,180,2025-09,streetview
data/images/prague/50.054014_14.408689_h270.jpg,prague,50.054014,14.408689,270,2025-09,streetview
data/images/prague/50.047546_14.445613_h0.jpg,prague,50.047546,14.445613,0,2025-09,streetview
data/images/prague/50.047546_14.445613_h90.jpg,prague,50.047546,14.445613,90,2025-09,streetview
data/images/prague/50.047546_14.445613_h180.jpg,prague,50.047546,14.445613,180,2025-09,streetview
data/images/prague/50.047546_14.445613_h270.jpg,prague,50.047546,14.445613,270,2025-09,streetview
data/images/prague/50.100367_14.445708_h0.jpg,prague,50.100367,14.445708,0,2023-05,streetview
data/images/prague/50.100367_14.445708_h90.jpg,prague,50.100367,14.445708,90,2023-05,streetview
data/images/prague/50.100367_14.445708_h180.jpg,prague,50.100367,14.445708,180,2023-05,streetview
data/images/prague/50.100367_14.445708_h270.jpg,prague,50.100367,14.445708,270,2023-05,streetview
data/images/prague/50.092821_14.427211_h0.jpg,prague,50.092821,14.427211,0,2025-04,streetview
data/images/prague/50.092821_14.427211_h90.jpg,prague,50.092821,14.427211,90,2025-04,streetview
data/images/prague/50.092821_14.427211_h180.jpg,prague,50.092821,14.427211,180,2025-04,streetview
data/images/prague/50.092821_14.427211_h270.jpg,prague,50.092821,14.427211,270,2025-04,streetview
data/images/prague/50.072339_14.422144_h0.jpg,prague,50.072339,14.422144,0,2025-09,streetview
data/images/prague/50.072339_14.422144_h90.jpg,prague,50.072339,14.422144,90,2025-09,streetview
data/images/prague/50.072339_14.422144_h180.jpg,prague,50.072339,14.422144,180,2025-09,streetview
data/images/prague/50.072339_14.422144_h270.jpg,prague,50.072339,14.422144,270,2025-09,streetview
data/images/prague/50.048624_14.470796_h0.jpg,prague,50.048624,14.470796,0,2024-05,streetview
data/images/prague/50.048624_14.470796_h90.jpg,prague,50.048624,14.470796,90,2024-05,streetview
data/images/prague/50.048624_14.470796_h180.jpg,prague,50.048624,14.470796,180,2024-05,streetview
data/images/prague/50.048624_14.470796_h270.jpg,prague,50.048624,14.470796,270,2024-05,streetview
data/images/prague/50.107912_14.479337_h0.jpg,prague,50.107912,14.479337,0,2019-07,streetview
data/images/prague/50.107912_14.479337_h90.jpg,prague,50.107912,14.479337,90,2019-07,streetview
data/images/prague/50.107912_14.479337_h180.jpg,prague,50.107912,14.479337,180,2019-07,streetview
data/images/prague/50.107912_14.479337_h270.jpg,prague,50.107912,14.479337,270,2019-07,streetview
data/images/prague/50.105756_14.395295_h0.jpg,prague,50.105756,14.395295,0,2019-09,streetview
data/images/prague/50.105756_14.395295_h90.jpg,prague,50.105756,14.395295,90,2019-09,streetview
data/images/prague/50.105756_14.395295_h180.jpg,prague,50.105756,14.395295,180,2019-09,streetview
data/images/prague/50.105756_14.395295_h270.jpg,prague,50.105756,14.395295,270,2019-09,streetview
data/images/prague/50.048624_14.46576_h0.jpg,prague,50.048624,14.46576,0,2025-09,streetview
data/images/prague/50.048624_14.46576_h90.jpg,prague,50.048624,14.46576,90,2025-09,streetview
data/images/prague/50.048624_14.46576_h180.jpg,prague,50.048624,14.46576,180,2025-09,streetview
data/images/prague/50.048624_14.46576_h270.jpg,prague,50.048624,14.46576,270,2025-09,streetview
data/images/prague/50.046468_14.432182_h0.jpg,prague,50.046468,14.432182,0,2019-03,streetview
data/images/prague/50.046468_14.432182_h90.jpg,prague,50.046468,14.432182,90,2019-03,streetview
data/images/prague/50.046468_14.432182_h180.jpg,prague,50.046468,14.432182,180,2019-03,streetview
data/images/prague/50.046468_14.432182_h270.jpg,prague,50.046468,14.432182,270,2019-03,streetview
data/images/prague/50.102522_14.460837_h0.jpg,prague,50.102522,14.460837,0,2025-09,streetview
data/images/prague/50.102522_14.460837_h90.jpg,prague,50.102522,14.460837,90,2025-09,streetview
data/images/prague/50.102522_14.460837_h180.jpg,prague,50.102522,14.460837,180,2025-09,streetview
data/images/prague/50.102522_14.460837_h270.jpg,prague,50.102522,14.460837,270,2025-09,streetview
data/images/prague/50.076651_14.380157_h0.jpg,prague,50.076651,14.380157,0,2024-05,streetview
data/images/prague/50.076651_14.380157_h90.jpg,prague,50.076651,14.380157,90,2024-05,streetview
data/images/prague/50.076651_14.380157_h180.jpg,prague,50.076651,14.380157,180,2024-05,streetview
data/images/prague/50.076651_14.380157_h270.jpg,prague,50.076651,14.380157,270,2024-05,streetview
data/images/prague/50.047546_14.474151_h0.jpg,prague,50.047546,14.474151,0,2025-09,streetview
data/images/prague/50.047546_14.474151_h90.jpg,prague,50.047546,14.474151,90,2025-09,streetview
data/images/prague/50.047546_14.474151_h180.jpg,prague,50.047546,14.474151,180,2025-09,streetview
data/images/prague/50.047546_14.474151_h270.jpg,prague,50.047546,14.474151,270,2025-09,streetview
data/images/prague/50.076651_14.4759_h0.jpg,prague,50.076651,14.4759,0,2020-09,streetview
data/images/prague/50.076651_14.4759_h90.jpg,prague,50.076651,14.4759,90,2020-09,streetview
data/images/prague/50.076651_14.4759_h180.jpg,prague,50.076651,14.4759,180,2020-09,streetview
data/images/prague/50.076651_14.4759_h270.jpg,prague,50.076651,14.4759,270,2020-09,streetview
data/images/prague/50.090665_14.391924_h0.jpg,prague,50.090665,14.391924,0,2019-07,streetview
data/images/prague/50.090665_14.391924_h90.jpg,prague,50.090665,14.391924,90,2019-07,streetview
data/images/prague/50.090665_14.391924_h180.jpg,prague,50.090665,14.391924,180,2019-07,streetview
data/images/prague/50.090665_14.391924_h270.jpg,prague,50.090665,14.391924,270,2019-07,streetview
data/images/prague/50.051858_14.43219_h0.jpg,prague,50.051858,14.43219,0,2024-08,streetview
data/images/prague/50.051858_14.43219_h90.jpg,prague,50.051858,14.43219,90,2024-08,streetview
data/images/prague/50.051858_14.43219_h180.jpg,prague,50.051858,14.43219,180,2024-08,streetview
data/images/prague/50.051858_14.43219_h270.jpg,prague,50.051858,14.43219,270,2024-08,streetview
data/images/prague/50.061559_14.42045_h0.jpg,prague,50.061559,14.42045,0,2025-09,streetview
data/images/prague/50.061559_14.42045_h90.jpg,prague,50.061559,14.42045,90,2025-09,streetview
data/images/prague/50.061559_14.42045_h180.jpg,prague,50.061559,14.42045,180,2025-09,streetview
data/images/prague/50.061559_14.42045_h270.jpg,prague,50.061559,14.42045,270,2025-09,streetview
data/images/prague/50.092821_14.42049_h0.jpg,prague,50.092821,14.42049,0,2025-09,streetview
data/images/prague/50.092821_14.42049_h90.jpg,prague,50.092821,14.42049,90,2025-09,streetview
data/images/prague/50.092821_14.42049_h180.jpg,prague,50.092821,14.42049,180,2025-09,streetview
data/images/prague/50.092821_14.42049_h270.jpg,prague,50.092821,14.42049,270,2025-09,streetview
data/images/prague/50.042156_14.401963_h0.jpg,prague,50.042156,14.401963,0,2025-08,streetview
data/images/prague/50.042156_14.401963_h90.jpg,prague,50.042156,14.401963,90,2025-08,streetview
data/images/prague/50.042156_14.401963_h180.jpg,prague,50.042156,14.401963,180,2025-08,streetview
data/images/prague/50.042156_14.401963_h270.jpg,prague,50.042156,14.401963,270,2025-08,streetview
data/images/prague/50.096055_14.396969_h0.jpg,prague,50.096055,14.396969,0,2024-09,streetview
data/images/prague/50.096055_14.396969_h90.jpg,prague,50.096055,14.396969,90,2024-09,streetview
data/images/prague/50.096055_14.396969_h180.jpg,prague,50.096055,14.396969,180,2024-09,streetview
data/images/prague/50.096055_14.396969_h270.jpg,prague,50.096055,14.396969,270,2024-09,streetview
data/images/prague/50.066949_14.363359_h0.jpg,prague,50.066949,14.363359,0,2025-08,streetview
data/images/prague/50.066949_14.363359_h90.jpg,prague,50.066949,14.363359,90,2025-08,streetview
data/images/prague/50.066949_14.363359_h180.jpg,prague,50.066949,14.363359,180,2025-08,streetview
data/images/prague/50.066949_14.363359_h270.jpg,prague,50.066949,14.363359,270,2025-08,streetview
data/images/prague/50.082041_14.373439_h0.jpg,prague,50.082041,14.373439,0,2024-09,streetview
data/images/prague/50.082041_14.373439_h90.jpg,prague,50.082041,14.373439,90,2024-09,streetview
data/images/prague/50.082041_14.373439_h180.jpg,prague,50.082041,14.373439,180,2024-09,streetview
data/images/prague/50.082041_14.373439_h270.jpg,prague,50.082041,14.373439,270,2024-09,streetview
data/images/prague/50.094977_14.366721_h0.jpg,prague,50.094977,14.366721,0,2019-09,streetview
data/images/prague/50.094977_14.366721_h90.jpg,prague,50.094977,14.366721,90,2019-09,streetview
data/images/prague/50.094977_14.366721_h180.jpg,prague,50.094977,14.366721,180,2019-09,streetview
data/images/prague/50.094977_14.366721_h270.jpg,prague,50.094977,14.366721,270,2019-09,streetview
data/images/prague/50.096055_14.375123_h0.jpg,prague,50.096055,14.375123,0,2019-09,streetview
data/images/prague/50.096055_14.375123_h90.jpg,prague,50.096055,14.375123,90,2019-09,streetview
data/images/prague/50.096055_14.375123_h180.jpg,prague,50.096055,14.375123,180,2019-09,streetview
data/images/prague/50.096055_14.375123_h270.jpg,prague,50.096055,14.375123,270,2019-09,streetview
data/images/prague/50.085275_14.442321_h0.jpg,prague,50.085275,14.442321,0,2025-09,streetview
data/images/prague/50.085275_14.442321_h90.jpg,prague,50.085275,14.442321,90,2025-09,streetview
data/images/prague/50.085275_14.442321_h180.jpg,prague,50.085275,14.442321,180,2025-09,streetview
data/images/prague/50.085275_14.442321_h270.jpg,prague,50.085275,14.442321,270,2025-09,streetview
data/images/prague/50.072339_14.375116_h0.jpg,prague,50.072339,14.375116,0,2025-09,streetview
data/images/prague/50.072339_14.375116_h90.jpg,prague,50.072339,14.375116,90,2025-09,streetview
data/images/prague/50.072339_14.375116_h180.jpg,prague,50.072339,14.375116,180,2025-09,streetview
data/images/prague/50.072339_14.375116_h270.jpg,prague,50.072339,14.375116,270,2025-09,streetview
data/images/prague/50.055092_14.361679_h0.jpg,prague,50.055092,14.361679,0,2025-08,streetview
data/images/prague/50.055092_14.361679_h90.jpg,prague,50.055092,14.361679,90,2025-08,streetview
data/images/prague/50.055092_14.361679_h180.jpg,prague,50.055092,14.361679,180,2025-08,streetview
data/images/prague/50.055092_14.361679_h270.jpg,prague,50.055092,14.361679,270,2025-08,streetview
data/images/prague/50.083119_14.443997_h0.jpg,prague,50.083119,14.443997,0,2024-03,streetview
data/images/prague/50.083119_14.443997_h90.jpg,prague,50.083119,14.443997,90,2024-03,streetview
data/images/prague/50.083119_14.443997_h180.jpg,prague,50.083119,14.443997,180,2024-03,streetview
data/images/prague/50.083119_14.443997_h270.jpg,prague,50.083119,14.443997,270,2024-03,streetview
data/images/prague/50.090665_14.36336_h0.jpg,prague,50.090665,14.36336,0,2025-09,streetview
data/images/prague/50.090665_14.36336_h90.jpg,prague,50.090665,14.36336,90,2025-09,streetview
data/images/prague/50.090665_14.36336_h180.jpg,prague,50.090665,14.36336,180,2025-09,streetview
data/images/prague/50.090665_14.36336_h270.jpg,prague,50.090665,14.36336,270,2025-09,streetview
data/images/prague/50.100367_14.427222_h0.jpg,prague,50.100367,14.427222,0,2019-04,streetview
data/images/prague/50.100367_14.427222_h90.jpg,prague,50.100367,14.427222,90,2019-04,streetview
data/images/prague/50.100367_14.427222_h180.jpg,prague,50.100367,14.427222,180,2019-04,streetview
data/images/prague/50.100367_14.427222_h270.jpg,prague,50.100367,14.427222,270,2019-04,streetview
data/images/prague/50.098211_14.474272_h0.jpg,prague,50.098211,14.474272,0,2025-09,streetview
data/images/prague/50.098211_14.474272_h90.jpg,prague,50.098211,14.474272,90,2025-09,streetview
data/images/prague/50.098211_14.474272_h180.jpg,prague,50.098211,14.474272,180,2025-09,streetview
data/images/prague/50.098211_14.474272_h270.jpg,prague,50.098211,14.474272,270,2025-09,streetview
data/images/prague/50.090665_14.393604_h0.jpg,prague,50.090665,14.393604,0,2025-07,streetview
data/images/prague/50.090665_14.393604_h90.jpg,prague,50.090665,14.393604,90,2025-07,streetview
data/images/prague/50.090665_14.393604_h180.jpg,prague,50.090665,14.393604,180,2025-07,streetview
data/images/prague/50.090665_14.393604_h270.jpg,prague,50.090665,14.393604,270,2025-07,streetview
data/images/prague/50.066949_14.41374_h0.jpg,prague,50.066949,14.41374,0,2024-08,streetview
data/images/prague/50.066949_14.41374_h90.jpg,prague,50.066949,14.41374,90,2024-08,streetview
data/images/prague/50.066949_14.41374_h180.jpg,prague,50.066949,14.41374,180,2024-08,streetview
data/images/prague/50.066949_14.41374_h270.jpg,prague,50.066949,14.41374,270,2024-08,streetview
data/images/prague/50.080963_14.472551_h0.jpg,prague,50.080963,14.472551,0,2023-01,streetview
data/images/prague/50.080963_14.472551_h90.jpg,prague,50.080963,14.472551,90,2023-01,streetview
data/images/prague/50.080963_14.472551_h180.jpg,prague,50.080963,14.472551,180,2023-01,streetview
data/images/prague/50.080963_14.472551_h270.jpg,prague,50.080963,14.472551,270,2023-01,streetview
data/images/prague/50.077729_14.408713_h0.jpg,prague,50.077729,14.408713,0,2022-10,streetview
data/images/prague/50.077729_14.408713_h90.jpg,prague,50.077729,14.408713,90,2022-10,streetview
data/images/prague/50.077729_14.408713_h180.jpg,prague,50.077729,14.408713,180,2022-10,streetview
data/images/prague/50.077729_14.408713_h270.jpg,prague,50.077729,14.408713,270,2022-10,streetview
data/images/prague/50.078807_14.428871_h0.jpg,prague,50.078807,14.428871,0,2022-09,streetview
data/images/prague/50.078807_14.428871_h90.jpg,prague,50.078807,14.428871,90,2022-09,streetview
data/images/prague/50.078807_14.428871_h180.jpg,prague,50.078807,14.428871,180,2022-09,streetview
data/images/prague/50.078807_14.428871_h270.jpg,prague,50.078807,14.428871,270,2022-09,streetview
data/images/prague/50.044312_14.427143_h0.jpg,prague,50.044312,14.427143,0,2025-09,streetview
data/images/prague/50.044312_14.427143_h90.jpg,prague,50.044312,14.427143,90,2025-09,streetview
data/images/prague/50.044312_14.427143_h180.jpg,prague,50.044312,14.427143,180,2025-09,streetview
data/images/prague/50.044312_14.427143_h270.jpg,prague,50.044312,14.427143,270,2025-09,streetview
data/images/prague/50.048624_14.462402_h0.jpg,prague,50.048624,14.462402,0,2025-09,streetview
data/images/prague/50.048624_14.462402_h90.jpg,prague,50.048624,14.462402,90,2025-09,streetview
data/images/prague/50.048624_14.462402_h180.jpg,prague,50.048624,14.462402,180,2025-09,streetview
data/images/prague/50.048624_14.462402_h270.jpg,prague,50.048624,14.462402,270,2025-09,streetview
data/images/prague/50.062637_14.442282_h0.jpg,prague,50.062637,14.442282,0,2024-05,streetview
data/images/prague/50.062637_14.442282_h90.jpg,prague,50.062637,14.442282,90,2024-05,streetview
data/images/prague/50.062637_14.442282_h180.jpg,prague,50.062637,14.442282,180,2024-05,streetview
data/images/prague/50.062637_14.442282_h270.jpg,prague,50.062637,14.442282,270,2024-05,streetview
data/images/prague/50.057248_14.440593_h0.jpg,prague,50.057248,14.440593,0,2025-09,streetview
data/images/prague/50.057248_14.440593_h90.jpg,prague,50.057248,14.440593,90,2025-09,streetview
data/images/prague/50.057248_14.440593_h180.jpg,prague,50.057248,14.440593,180,2025-09,streetview
data/images/prague/50.057248_14.440593_h270.jpg,prague,50.057248,14.440593,270,2025-09,streetview
data/images/prague/50.10899_14.388574_h0.jpg,prague,50.10899,14.388574,0,2025-09,streetview
data/images/prague/50.10899_14.388574_h90.jpg,prague,50.10899,14.388574,90,2025-09,streetview
data/images/prague/50.10899_14.388574_h180.jpg,prague,50.10899,14.388574,180,2025-09,streetview
data/images/prague/50.10899_14.388574_h270.jpg,prague,50.10899,14.388574,270,2025-09,streetview
data/images/prague/50.077729_14.438948_h0.jpg,prague,50.077729,14.438948,0,2019-03,streetview
data/images/prague/50.077729_14.438948_h90.jpg,prague,50.077729,14.438948,90,2019-03,streetview
data/images/prague/50.077729_14.438948_h180.jpg,prague,50.077729,14.438948,180,2019-03,streetview
data/images/prague/50.077729_14.438948_h270.jpg,prague,50.077729,14.438948,270,2019-03,streetview
data/images/prague/50.041078_14.44728_h0.jpg,prague,50.041078,14.44728,0,2025-09,streetview
data/images/prague/50.041078_14.44728_h90.jpg,prague,50.041078,14.44728,90,2025-09,streetview
data/images/prague/50.041078_14.44728_h180.jpg,prague,50.041078,14.44728,180,2025-09,streetview
data/images/prague/50.041078_14.44728_h270.jpg,prague,50.041078,14.44728,270,2025-09,streetview
data/images/prague/50.101444_14.376806_h0.jpg,prague,50.101444,14.376806,0,2025-09,streetview
data/images/prague/50.101444_14.376806_h90.jpg,prague,50.101444,14.376806,90,2025-09,streetview
data/images/prague/50.101444_14.376806_h180.jpg,prague,50.101444,14.376806,180,2025-09,streetview
data/images/prague/50.101444_14.376806_h270.jpg,prague,50.101444,14.376806,270,2025-09,streetview
data/images/prague/50.072339_14.428862_h0.jpg,prague,50.072339,14.428862,0,2025-07,streetview
data/images/prague/50.072339_14.428862_h90.jpg,prague,50.072339,14.428862,90,2025-07,streetview
data/images/prague/50.072339_14.428862_h180.jpg,prague,50.072339,14.428862,180,2025-07,streetview
data/images/prague/50.072339_14.428862_h270.jpg,prague,50.072339,14.428862,270,2025-07,streetview
data/images/prague/50.089587_14.405364_h0.jpg,prague,50.089587,14.405364,0,2025-09,streetview
data/images/prague/50.089587_14.405364_h90.jpg,prague,50.089587,14.405364,90,2025-09,streetview
data/images/prague/50.089587_14.405364_h180.jpg,prague,50.089587,14.405364,180,2025-09,streetview
data/images/prague/50.089587_14.405364_h270.jpg,prague,50.089587,14.405364,270,2025-09,streetview
data/images/prague/50.060481_14.440599_h0.jpg,prague,50.060481,14.440599,0,2025-09,streetview
data/images/prague/50.060481_14.440599_h90.jpg,prague,50.060481,14.440599,90,2025-09,streetview
data/images/prague/50.060481_14.440599_h180.jpg,prague,50.060481,14.440599,180,2025-09,streetview
data/images/prague/50.060481_14.440599_h270.jpg,prague,50.060481,14.440599,270,2025-09,streetview
data/images/prague/50.10899_14.452446_h0.jpg,prague,50.10899,14.452446,0,2025-12,streetview
data/images/prague/50.10899_14.452446_h90.jpg,prague,50.10899,14.452446,90,2025-12,streetview
data/images/prague/50.10899_14.452446_h180.jpg,prague,50.10899,14.452446,180,2025-12,streetview
data/images/prague/50.10899_14.452446_h270.jpg,prague,50.10899,14.452446,270,2025-12,streetview
data/images/prague/50.063715_14.462435_h0.jpg,prague,50.063715,14.462435,0,2024-05,streetview
data/images/prague/50.063715_14.462435_h90.jpg,prague,50.063715,14.462435,90,2024-05,streetview
data/images/prague/50.063715_14.462435_h180.jpg,prague,50.063715,14.462435,180,2024-05,streetview
data/images/prague/50.063715_14.462435_h270.jpg,prague,50.063715,14.462435,270,2024-05,streetview
data/images/prague/50.100367_14.398652_h0.jpg,prague,50.100367,14.398652,0,2024-05,streetview
data/images/prague/50.100367_14.398652_h90.jpg,prague,50.100367,14.398652,90,2024-05,streetview
data/images/prague/50.100367_14.398652_h180.jpg,prague,50.100367,14.398652,180,2024-05,streetview
data/images/prague/50.100367_14.398652_h270.jpg,prague,50.100367,14.398652,270,2024-05,streetview
data/images/prague/50.076651_14.430548_h0.jpg,prague,50.076651,14.430548,0,2019-10,streetview
data/images/prague/50.076651_14.430548_h90.jpg,prague,50.076651,14.430548,90,2019-10,streetview
data/images/prague/50.076651_14.430548_h180.jpg,prague,50.076651,14.430548,180,2019-10,streetview
data/images/prague/50.076651_14.430548_h270.jpg,prague,50.076651,14.430548,270,2019-10,streetview
data/images/prague/50.055092_14.425479_h0.jpg,prague,50.055092,14.425479,0,2025-09,streetview
data/images/prague/50.055092_14.425479_h90.jpg,prague,50.055092,14.425479,90,2025-09,streetview
data/images/prague/50.055092_14.425479_h180.jpg,prague,50.055092,14.425479,180,2025-09,streetview
data/images/prague/50.055092_14.425479_h270.jpg,prague,50.055092,14.425479,270,2025-09,streetview
data/images/prague/50.061559_14.410375_h0.jpg,prague,50.061559,14.410375,0,2023-04,streetview
data/images/prague/50.061559_14.410375_h90.jpg,prague,50.061559,14.410375,90,2023-04,streetview
data/images/prague/50.061559_14.410375_h180.jpg,prague,50.061559,14.410375,180,2023-04,streetview
data/images/prague/50.061559_14.410375_h270.jpg,prague,50.061559,14.410375,270,2023-04,streetview
data/images/prague/50.100367_14.395291_h0.jpg,prague,50.100367,14.395291,0,2019-09,streetview
data/images/prague/50.100367_14.395291_h90.jpg,prague,50.100367,14.395291,90,2019-09,streetview
data/images/prague/50.100367_14.395291_h180.jpg,prague,50.100367,14.395291,180,2019-09,streetview
data/images/prague/50.100367_14.395291_h270.jpg,prague,50.100367,14.395291,270,2019-09,streetview
data/images/prague/50.090665_14.412086_h0.jpg,prague,50.090665,14.412086,0,2024-09,streetview
data/images/prague/50.090665_14.412086_h90.jpg,prague,50.090665,14.412086,90,2024-09,streetview
data/images/prague/50.090665_14.412086_h180.jpg,prague,50.090665,14.412086,180,2024-09,streetview
data/images/prague/50.090665_14.412086_h270.jpg,prague,50.090665,14.412086,270,2024-09,streetview
data/images/prague/50.054014_14.423799_h0.jpg,prague,50.054014,14.423799,0,2024-05,streetview
data/images/prague/50.054014_14.423799_h90.jpg,prague,50.054014,14.423799,90,2024-05,streetview
data/images/prague/50.054014_14.423799_h180.jpg,prague,50.054014,14.423799,180,2024-05,streetview
data/images/prague/50.054014_14.423799_h270.jpg,prague,50.054014,14.423799,270,2024-05,streetview
data/images/prague/50.085275_14.40368_h0.jpg,prague,50.085275,14.40368,0,2018-06,streetview
data/images/prague/50.085275_14.40368_h90.jpg,prague,50.085275,14.40368,90,2018-06,streetview
data/images/prague/50.085275_14.40368_h180.jpg,prague,50.085275,14.40368,180,2018-06,streetview
data/images/prague/50.085275_14.40368_h270.jpg,prague,50.085275,14.40368,270,2018-06,streetview
data/images/prague/50.1036_14.455797_h0.jpg,prague,50.1036,14.455797,0,2025-09,streetview
data/images/prague/50.1036_14.455797_h90.jpg,prague,50.1036,14.455797,90,2025-09,streetview
data/images/prague/50.1036_14.455797_h180.jpg,prague,50.1036,14.455797,180,2025-09,streetview
data/images/prague/50.1036_14.455797_h270.jpg,prague,50.1036,14.455797,270,2025-09,streetview
data/images/prague/50.04_14.443921_h0.jpg,prague,50.04,14.443921,0,2025-09,streetview
data/images/prague/50.04_14.443921_h90.jpg,prague,50.04,14.443921,90,2025-09,streetview
data/images/prague/50.04_14.443921_h180.jpg,prague,50.04,14.443921,180,2025-09,streetview
data/images/prague/50.04_14.443921_h270.jpg,prague,50.04,14.443921,270,2025-09,streetview
data/images/prague/50.100367_14.371764_h0.jpg,prague,50.100367,14.371764,0,2024-05,streetview
data/images/prague/50.100367_14.371764_h90.jpg,prague,50.100367,14.371764,90,2024-05,streetview
data/images/prague/50.100367_14.371764_h180.jpg,prague,50.100367,14.371764,180,2024-05,streetview
data/images/prague/50.100367_14.371764_h270.jpg,prague,50.100367,14.371764,270,2024-05,streetview
data/images/prague/50.100367_14.444027_h0.jpg,prague,50.100367,14.444027,0,2023-06,streetview
data/images/prague/50.100367_14.444027_h90.jpg,prague,50.100367,14.444027,90,2023-06,streetview
data/images/prague/50.100367_14.444027_h180.jpg,prague,50.100367,14.444027,180,2023-06,streetview
data/images/prague/50.100367_14.444027_h270.jpg,prague,50.100367,14.444027,270,2023-06,streetview
data/images/prague/50.088509_14.395283_h0.jpg,prague,50.088509,14.395283,0,2019-07,streetview
data/images/prague/50.088509_14.395283_h90.jpg,prague,50.088509,14.395283,90,2019-07,streetview
data/images/prague/50.088509_14.395283_h180.jpg,prague,50.088509,14.395283,180,2019-07,streetview
data/images/prague/50.088509_14.395283_h270.jpg,prague,50.088509,14.395283,270,2019-07,streetview
data/images/prague/50.098211_14.393609_h0.jpg,prague,50.098211,14.393609,0,2025-09,streetview
data/images/prague/50.098211_14.393609_h90.jpg,prague,50.098211,14.393609,90,2025-09,streetview
data/images/prague/50.098211_14.393609_h180.jpg,prague,50.098211,14.393609,180,2025-09,streetview
data/images/prague/50.098211_14.393609_h270.jpg,prague,50.098211,14.393609,270,2025-09,streetview
data/images/prague/50.094977_14.45746_h0.jpg,prague,50.094977,14.45746,0,2024-09,streetview
data/images/prague/50.094977_14.45746_h90.jpg,prague,50.094977,14.45746,90,2024-09,streetview
data/images/prague/50.094977_14.45746_h180.jpg,prague,50.094977,14.45746,180,2024-09,streetview
data/images/prague/50.094977_14.45746_h270.jpg,prague,50.094977,14.45746,270,2024-09,streetview
data/images/prague/50.106834_14.452442_h0.jpg,prague,50.106834,14.452442,0,2024-10,streetview
data/images/prague/50.106834_14.452442_h90.jpg,prague,50.106834,14.452442,90,2024-10,streetview
data/images/prague/50.106834_14.452442_h180.jpg,prague,50.106834,14.452442,180,2024-10,streetview
data/images/prague/50.106834_14.452442_h270.jpg,prague,50.106834,14.452442,270,2024-10,streetview
data/images/prague/50.082041_14.395278_h0.jpg,prague,50.082041,14.395278,0,2019-09,streetview
data/images/prague/50.082041_14.395278_h90.jpg,prague,50.082041,14.395278,90,2019-09,streetview
data/images/prague/50.082041_14.395278_h180.jpg,prague,50.082041,14.395278,180,2019-09,streetview
data/images/prague/50.082041_14.395278_h270.jpg,prague,50.082041,14.395278,270,2019-09,streetview
data/images/prague/50.1036_14.383529_h0.jpg,prague,50.1036,14.383529,0,2025-09,streetview
data/images/prague/50.1036_14.383529_h90.jpg,prague,50.1036,14.383529,90,2025-09,streetview
data/images/prague/50.1036_14.383529_h180.jpg,prague,50.1036,14.383529,180,2025-09,streetview
data/images/prague/50.1036_14.383529_h270.jpg,prague,50.1036,14.383529,270,2025-09,streetview
data/images/prague/50.042156_14.388535_h0.jpg,prague,50.042156,14.388535,0,2019-09,streetview
data/images/prague/50.042156_14.388535_h90.jpg,prague,50.042156,14.388535,90,2019-09,streetview
data/images/prague/50.042156_14.388535_h180.jpg,prague,50.042156,14.388535,180,2019-09,streetview
data/images/prague/50.042156_14.388535_h270.jpg,prague,50.042156,14.388535,270,2019-09,streetview
data/images/prague/50.064793_14.45572_h0.jpg,prague,50.064793,14.45572,0,2025-09,streetview
data/images/prague/50.064793_14.45572_h90.jpg,prague,50.064793,14.45572,90,2025-09,streetview
data/images/prague/50.064793_14.45572_h180.jpg,prague,50.064793,14.45572,180,2025-09,streetview
data/images/prague/50.064793_14.45572_h270.jpg,prague,50.064793,14.45572,270,2025-09,streetview
data/images/prague/50.084197_14.437279_h0.jpg,prague,50.084197,14.437279,0,2023-01,streetview
data/images/prague/50.084197_14.437279_h90.jpg,prague,50.084197,14.437279,90,2023-01,streetview
data/images/prague/50.084197_14.437279_h180.jpg,prague,50.084197,14.437279,180,2023-01,streetview
data/images/prague/50.084197_14.437279_h270.jpg,prague,50.084197,14.437279,270,2023-01,streetview
data/images/prague/50.04_14.45567_h0.jpg,prague,50.04,14.45567,0,2024-06,streetview
data/images/prague/50.04_14.45567_h90.jpg,prague,50.04,14.45567,90,2024-06,streetview
data/images/prague/50.04_14.45567_h180.jpg,prague,50.04,14.45567,180,2024-06,streetview
data/images/prague/50.04_14.45567_h270.jpg,prague,50.04,14.45567,270,2024-06,streetview
data/images/prague/50.089587_14.393603_h0.jpg,prague,50.089587,14.393603,0,2024-05,streetview
data/images/prague/50.089587_14.393603_h90.jpg,prague,50.089587,14.393603,90,2024-05,streetview
data/images/prague/50.089587_14.393603_h180.jpg,prague,50.089587,14.393603,180,2024-05,streetview
data/images/prague/50.089587_14.393603_h270.jpg,prague,50.089587,14.393603,270,2024-05,streetview
data/images/prague/50.079885_14.427193_h0.jpg,prague,50.079885,14.427193,0,2024-01,streetview
data/images/prague/50.079885_14.427193_h90.jpg,prague,50.079885,14.427193,90,2024-01,streetview
data/images/prague/50.079885_14.427193_h180.jpg,prague,50.079885,14.427193,180,2024-01,streetview
data/images/prague/50.079885_14.427193_h270.jpg,prague,50.079885,14.427193,270,2024-01,streetview
data/images/prague/50.092821_14.433932_h0.jpg,prague,50.092821,14.433932,0,2025-09,streetview
data/images/prague/50.092821_14.433932_h90.jpg,prague,50.092821,14.433932,90,2025-09,streetview
data/images/prague/50.092821_14.433932_h180.jpg,prague,50.092821,14.433932,180,2025-09,streetview
data/images/prague/50.092821_14.433932_h270.jpg,prague,50.092821,14.433932,270,2025-09,streetview
data/images/prague/50.061559_14.428846_h0.jpg,prague,50.061559,14.428846,0,2024-09,streetview
data/images/prague/50.061559_14.428846_h90.jpg,prague,50.061559,14.428846,90,2024-09,streetview
data/images/prague/50.061559_14.428846_h180.jpg,prague,50.061559,14.428846,180,2024-09,streetview
data/images/prague/50.061559_14.428846_h270.jpg,prague,50.061559,14.428846,270,2024-09,streetview
data/images/prague/50.065871_14.395266_h0.jpg,prague,50.065871,14.395266,0,2024-09,streetview
data/images/prague/50.065871_14.395266_h90.jpg,prague,50.065871,14.395266,90,2024-09,streetview
data/images/prague/50.065871_14.395266_h180.jpg,prague,50.065871,14.395266,180,2024-09,streetview
data/images/prague/50.065871_14.395266_h270.jpg,prague,50.065871,14.395266,270,2024-09,streetview
data/images/prague/50.105756_14.385211_h0.jpg,prague,50.105756,14.385211,0,2025-09,streetview
data/images/prague/50.105756_14.385211_h90.jpg,prague,50.105756,14.385211,90,2025-09,streetview
data/images/prague/50.105756_14.385211_h180.jpg,prague,50.105756,14.385211,180,2025-09,streetview
data/images/prague/50.105756_14.385211_h270.jpg,prague,50.105756,14.385211,270,2025-09,streetview
data/images/prague/50.088509_14.370081_h0.jpg,prague,50.088509,14.370081,0,2025-09,streetview
data/images/prague/50.088509_14.370081_h90.jpg,prague,50.088509,14.370081,90,2025-09,streetview
data/images/prague/50.088509_14.370081_h180.jpg,prague,50.088509,14.370081,180,2025-09,streetview
data/images/prague/50.088509_14.370081_h270.jpg,prague,50.088509,14.370081,270,2025-09,streetview
data/images/prague/50.047546_14.477508_h0.jpg,prague,50.047546,14.477508,0,2025-09,streetview
data/images/prague/50.047546_14.477508_h90.jpg,prague,50.047546,14.477508,90,2025-09,streetview
data/images/prague/50.047546_14.477508_h180.jpg,prague,50.047546,14.477508,180,2025-09,streetview
data/images/prague/50.047546_14.477508_h270.jpg,prague,50.047546,14.477508,270,2025-09,streetview
data/images/prague/50.064793_14.396944_h0.jpg,prague,50.064793,14.396944,0,2025-09,streetview
data/images/prague/50.064793_14.396944_h90.jpg,prague,50.064793,14.396944,90,2025-09,streetview
data/images/prague/50.064793_14.396944_h180.jpg,prague,50.064793,14.396944,180,2025-09,streetview
data/images/prague/50.064793_14.396944_h270.jpg,prague,50.064793,14.396944,270,2025-09,streetview
data/images/prague/50.064793_14.462437_h0.jpg,prague,50.064793,14.462437,0,2025-09,streetview
data/images/prague/50.064793_14.462437_h90.jpg,prague,50.064793,14.462437,90,2025-09,streetview
data/images/prague/50.064793_14.462437_h180.jpg,prague,50.064793,14.462437,180,2025-09,streetview
data/images/prague/50.064793_14.462437_h270.jpg,prague,50.064793,14.462437,270,2025-09,streetview
data/images/prague/50.055092_14.462416_h0.jpg,prague,50.055092,14.462416,0,2019-07,streetview
data/images/prague/50.055092_14.462416_h90.jpg,prague,50.055092,14.462416,90,2019-07,streetview
data/images/prague/50.055092_14.462416_h180.jpg,prague,50.055092,14.462416,180,2019-07,streetview
data/images/prague/50.055092_14.462416_h270.jpg,prague,50.055092,14.462416,270,2019-07,streetview
data/images/prague/50.099289_14.474274_h0.jpg,prague,50.099289,14.474274,0,2025-09,streetview
data/images/prague/50.099289_14.474274_h90.jpg,prague,50.099289,14.474274,90,2025-09,streetview
data/images/prague/50.099289_14.474274_h180.jpg,prague,50.099289,14.474274,180,2025-09,streetview
data/images/prague/50.099289_14.474274_h270.jpg,prague,50.099289,14.474274,270,2025-09,streetview
data/images/prague/50.094977_14.465862_h0.jpg,prague,50.094977,14.465862,0,2024-08,streetview
data/images/prague/50.094977_14.465862_h90.jpg,prague,50.094977,14.465862,90,2024-08,streetview
data/images/prague/50.094977_14.465862_h180.jpg,prague,50.094977,14.465862,180,2024-08,streetview
data/images/prague/50.094977_14.465862_h270.jpg,prague,50.094977,14.465862,270,2024-08,streetview
data/images/prague/50.060481_14.432203_h0.jpg,prague,50.060481,14.432203,0,2025-09,streetview
data/images/prague/50.060481_14.432203_h90.jpg,prague,50.060481,14.432203,90,2025-09,streetview
data/images/prague/50.060481_14.432203_h180.jpg,prague,50.060481,14.432203,180,2025-09,streetview
data/images/prague/50.060481_14.432203_h270.jpg,prague,50.060481,14.432203,270,2025-09,streetview
data/images/prague/50.049702_14.460726_h0.jpg,prague,50.049702,14.460726,0,2024-05,streetview
data/images/prague/50.049702_14.460726_h90.jpg,prague,50.049702,14.460726,90,2024-05,streetview
data/images/prague/50.049702_14.460726_h180.jpg,prague,50.049702,14.460726,180,2024-05,streetview
data/images/prague/50.049702_14.460726_h270.jpg,prague,50.049702,14.460726,270,2024-05,streetview
data/images/prague/50.091743_14.385204_h0.jpg,prague,50.091743,14.385204,0,2024-05,streetview
data/images/prague/50.091743_14.385204_h90.jpg,prague,50.091743,14.385204,90,2024-05,streetview
data/images/prague/50.091743_14.385204_h180.jpg,prague,50.091743,14.385204,180,2024-05,streetview
data/images/prague/50.091743_14.385204_h270.jpg,prague,50.091743,14.385204,270,2024-05,streetview
data/images/prague/50.05617_14.41037_h0.jpg,prague,50.05617,14.41037,0,2025-09,streetview
data/images/prague/50.05617_14.41037_h90.jpg,prague,50.05617,14.41037,90,2025-09,streetview
data/images/prague/50.05617_14.41037_h180.jpg,prague,50.05617,14.41037,180,2025-09,streetview
data/images/prague/50.05617_14.41037_h270.jpg,prague,50.05617,14.41037,270,2025-09,streetview
data/images/prague/50.098211_14.428899_h0.jpg,prague,50.098211,14.428899,0,2025-09,streetview
data/images/prague/50.098211_14.428899_h90.jpg,prague,50.098211,14.428899,90,2025-09,streetview
data/images/prague/50.098211_14.428899_h180.jpg,prague,50.098211,14.428899,180,2025-09,streetview
data/images/prague/50.098211_14.428899_h270.jpg,prague,50.098211,14.428899,270,2025-09,streetview
data/images/prague/50.074495_14.390233_h0.jpg,prague,50.074495,14.390233,0,2019-05,streetview
data/images/prague/50.074495_14.390233_h90.jpg,prague,50.074495,14.390233,90,2019-05,streetview
data/images/prague/50.074495_14.390233_h180.jpg,prague,50.074495,14.390233,180,2019-05,streetview
data/images/prague/50.074495_14.390233_h270.jpg,prague,50.074495,14.390233,270,2019-05,streetview
data/images/prague/50.083119_14.413758_h0.jpg,prague,50.083119,14.413758,0,2024-09,streetview
data/images/prague/50.083119_14.413758_h90.jpg,prague,50.083119,14.413758,90,2024-09,streetview
data/images/prague/50.083119_14.413758_h180.jpg,prague,50.083119,14.413758,180,2024-09,streetview
data/images/prague/50.083119_14.413758_h270.jpg,prague,50.083119,14.413758,270,2024-09,streetview
data/images/prague/50.073417_14.408708_h0.jpg,prague,50.073417,14.408708,0,2019-07,streetview
data/images/prague/50.073417_14.408708_h90.jpg,prague,50.073417,14.408708,90,2019-07,streetview
data/images/prague/50.073417_14.408708_h180.jpg,prague,50.073417,14.408708,180,2019-07,streetview
data/images/prague/50.073417_14.408708_h270.jpg,prague,50.073417,14.408708,270,2019-07,streetview
data/images/prague/50.042156_14.415391_h0.jpg,prague,50.042156,14.415391,0,2024-05,streetview
data/images/prague/50.042156_14.415391_h90.jpg,prague,50.042156,14.415391,90,2024-05,streetview
data/images/prague/50.042156_14.415391_h180.jpg,prague,50.042156,14.415391,180,2024-05,streetview
data/images/prague/50.042156_14.415391_h270.jpg,prague,50.042156,14.415391,270,2024-05,streetview
data/images/prague/50.042156_14.459032_h0.jpg,prague,50.042156,14.459032,0,2025-09,streetview
data/images/prague/50.042156_14.459032_h90.jpg,prague,50.042156,14.459032,90,2025-09,streetview
data/images/prague/50.042156_14.459032_h180.jpg,prague,50.042156,14.459032,180,2025-09,streetview
data/images/prague/50.042156_14.459032_h270.jpg,prague,50.042156,14.459032,270,2025-09,streetview
data/images/prague/50.087431_14.36_h0.jpg,prague,50.087431,14.36,0,2025-09,streetview
data/images/prague/50.087431_14.36_h90.jpg,prague,50.087431,14.36,90,2025-09,streetview
data/images/prague/50.087431_14.36_h180.jpg,prague,50.087431,14.36,180,2025-09,streetview
data/images/prague/50.087431_14.36_h270.jpg,prague,50.087431,14.36,270,2025-09,streetview
data/images/prague/50.055092_14.442269_h0.jpg,prague,50.055092,14.442269,0,2025-09,streetview
data/images/prague/50.055092_14.442269_h90.jpg,prague,50.055092,14.442269,90,2025-09,streetview
data/images/prague/50.055092_14.442269_h180.jpg,prague,50.055092,14.442269,180,2025-09,streetview
data/images/prague/50.055092_14.442269_h270.jpg,prague,50.055092,14.442269,270,2025-09,streetview
data/images/prague/50.098211_14.417136_h0.jpg,prague,50.098211,14.417136,0,2024-05,streetview
data/images/prague/50.098211_14.417136_h90.jpg,prague,50.098211,14.417136,90,2024-05,streetview
data/images/prague/50.098211_14.417136_h180.jpg,prague,50.098211,14.417136,180,2024-05,streetview
data/images/prague/50.098211_14.417136_h270.jpg,prague,50.098211,14.417136,270,2024-05,streetview
data/images/prague/50.065871_14.36_h0.jpg,prague,50.065871,14.36,0,2025-08,streetview
data/images/prague/50.065871_14.36_h90.jpg,prague,50.065871,14.36,90,2025-08,streetview
data/images/prague/50.065871_14.36_h180.jpg,prague,50.065871,14.36,180,2025-08,streetview
data/images/prague/50.065871_14.36_h270.jpg,prague,50.065871,14.36,270,2025-08,streetview
data/images/prague/50.069105_14.385192_h0.jpg,prague,50.069105,14.385192,0,2024-05,streetview
data/images/prague/50.069105_14.385192_h90.jpg,prague,50.069105,14.385192,90,2024-05,streetview
data/images/prague/50.069105_14.385192_h180.jpg,prague,50.069105,14.385192,180,2024-05,streetview
data/images/prague/50.069105_14.385192_h270.jpg,prague,50.069105,14.385192,270,2024-05,streetview
data/images/prague/50.061559_14.450676_h0.jpg,prague,50.061559,14.450676,0,2025-09,streetview
data/images/prague/50.061559_14.450676_h90.jpg,prague,50.061559,14.450676,90,2025-09,streetview
data/images/prague/50.061559_14.450676_h180.jpg,prague,50.061559,14.450676,180,2025-09,streetview
data/images/prague/50.061559_14.450676_h270.jpg,prague,50.061559,14.450676,270,2025-09,streetview
data/images/prague/50.083119_14.477595_h0.jpg,prague,50.083119,14.477595,0,2024-08,streetview
data/images/prague/50.083119_14.477595_h90.jpg,prague,50.083119,14.477595,90,2024-08,streetview
data/images/prague/50.083119_14.477595_h180.jpg,prague,50.083119,14.477595,180,2024-08,streetview
data/images/prague/50.083119_14.477595_h270.jpg,prague,50.083119,14.477595,270,2024-08,streetview
data/images/prague/50.074495_14.40535_h0.jpg,prague,50.074495,14.40535,0,2019-07,streetview
data/images/prague/50.074495_14.40535_h90.jpg,prague,50.074495,14.40535,90,2019-07,streetview
data/images/prague/50.074495_14.40535_h180.jpg,prague,50.074495,14.40535,180,2019-07,streetview
data/images/prague/50.074495_14.40535_h270.jpg,prague,50.074495,14.40535,270,2019-07,streetview
data/images/prague/50.055092_14.403653_h0.jpg,prague,50.055092,14.403653,0,2025-09,streetview
data/images/prague/50.055092_14.403653_h90.jpg,prague,50.055092,14.403653,90,2025-09,streetview
data/images/prague/50.055092_14.403653_h180.jpg,prague,50.055092,14.403653,180,2025-09,streetview
data/images/prague/50.055092_14.403653_h270.jpg,prague,50.055092,14.403653,270,2025-09,streetview
data/images/prague/50.083119_14.417118_h0.jpg,prague,50.083119,14.417118,0,2024-08,streetview
data/images/prague/50.083119_14.417118_h90.jpg,prague,50.083119,14.417118,90,2024-08,streetview
data/images/prague/50.083119_14.417118_h180.jpg,prague,50.083119,14.417118,180,2024-08,streetview
data/images/prague/50.083119_14.417118_h270.jpg,prague,50.083119,14.417118,270,2024-08,streetview
data/images/prague/50.060481_14.445636_h0.jpg,prague,50.060481,14.445636,0,2025-09,streetview
data/images/prague/50.060481_14.445636_h90.jpg,prague,50.060481,14.445636,90,2025-09,streetview
data/images/prague/50.060481_14.445636_h180.jpg,prague,50.060481,14.445636,180,2025-09,streetview
data/images/prague/50.060481_14.445636_h270.jpg,prague,50.060481,14.445636,270,2025-09,streetview
data/images/prague/50.072339_14.400309_h0.jpg,prague,50.072339,14.400309,0,2024-05,streetview
data/images/prague/50.072339_14.400309_h90.jpg,prague,50.072339,14.400309,90,2024-05,streetview
data/images/prague/50.072339_14.400309_h180.jpg,prague,50.072339,14.400309,180,2024-05,streetview
data/images/prague/50.072339_14.400309_h270.jpg,prague,50.072339,14.400309,270,2024-05,streetview
data/images/prague/50.065871_14.472515_h0.jpg,prague,50.065871,14.472515,0,2024-03,streetview
data/images/prague/50.065871_14.472515_h90.jpg,prague,50.065871,14.472515,90,2024-03,streetview
data/images/prague/50.065871_14.472515_h180.jpg,prague,50.065871,14.472515,180,2024-03,streetview
data/images/prague/50.065871_14.472515_h270.jpg,prague,50.065871,14.472515,270,2024-03,streetview
data/images/prague/50.069105_14.465805_h0.jpg,prague,50.069105,14.465805,0,2024-08,streetview
data/images/prague/50.069105_14.465805_h90.jpg,prague,50.069105,14.465805,90,2024-08,streetview
data/images/prague/50.069105_14.465805_h180.jpg,prague,50.069105,14.465805,180,2024-08,streetview
data/images/prague/50.069105_14.465805_h270.jpg,prague,50.069105,14.465805,270,2024-08,streetview
data/images/prague/50.058326_14.474177_h0.jpg,prague,50.058326,14.474177,0,2024-05,streetview
data/images/prague/50.058326_14.474177_h90.jpg,prague,50.058326,14.474177,90,2024-05,streetview
data/images/prague/50.058326_14.474177_h180.jpg,prague,50.058326,14.474177,180,2024-05,streetview
data/images/prague/50.058326_14.474177_h270.jpg,prague,50.058326,14.474177,270,2024-05,streetview
data/images/prague/50.046468_14.427146_h0.jpg,prague,50.046468,14.427146,0,2025-09,streetview
data/images/prague/50.046468_14.427146_h90.jpg,prague,50.046468,14.427146,90,2025-09,streetview
data/images/prague/50.046468_14.427146_h180.jpg,prague,50.046468,14.427146,180,2025-09,streetview
data/images/prague/50.046468_14.427146_h270.jpg,prague,50.046468,14.427146,270,2025-09,streetview
data/images/prague/50.102522_14.376806_h0.jpg,prague,50.102522,14.376806,0,2025-09,streetview
data/images/prague/50.102522_14.376806_h90.jpg,prague,50.102522,14.376806,90,2025-09,streetview
data/images/prague/50.102522_14.376806_h180.jpg,prague,50.102522,14.376806,180,2025-09,streetview
data/images/prague/50.102522_14.376806_h270.jpg,prague,50.102522,14.376806,270,2025-09,streetview
data/images/prague/50.051858_14.445621_h0.jpg,prague,50.051858,14.445621,0,2024-05,streetview
data/images/prague/50.051858_14.445621_h90.jpg,prague,50.051858,14.445621,90,2024-05,streetview
data/images/prague/50.051858_14.445621_h180.jpg,prague,50.051858,14.445621,180,2024-05,streetview
data/images/prague/50.051858_14.445621_h270.jpg,prague,50.051858,14.445621,270,2024-05,streetview
data/images/prague/50.088509_14.469208_h0.jpg,prague,50.088509,14.469208,0,2025-08,streetview
data/images/prague/50.088509_14.469208_h90.jpg,prague,50.088509,14.469208,90,2025-08,streetview
data/images/prague/50.088509_14.469208_h180.jpg,prague,50.088509,14.469208,180,2025-08,streetview
data/images/prague/50.088509_14.469208_h270.jpg,prague,50.088509,14.469208,270,2025-08,streetview
data/images/prague/50.066949_14.361679_h0.jpg,prague,50.066949,14.361679,0,2025-08,streetview
data/images/prague/50.066949_14.361679_h90.jpg,prague,50.066949,14.361679,90,2025-08,streetview
data/images/prague/50.066949_14.361679_h180.jpg,prague,50.066949,14.361679,180,2025-08,streetview
data/images/prague/50.066949_14.361679_h270.jpg,prague,50.066949,14.361679,270,2025-08,streetview
data/images/prague/50.04539_14.452324_h0.jpg,prague,50.04539,14.452324,0,2024-06,streetview
data/images/prague/50.04539_14.452324_h90.jpg,prague,50.04539,14.452324,90,2024-06,streetview
data/images/prague/50.04539_14.452324_h180.jpg,prague,50.04539,14.452324,180,2024-06,streetview
data/images/prague/50.04539_14.452324_h270.jpg,prague,50.04539,14.452324,270,2024-06,streetview
data/images/prague/50.076651_14.447345_h0.jpg,prague,50.076651,14.447345,0,2023-01,streetview
data/images/prague/50.076651_14.447345_h90.jpg,prague,50.076651,14.447345,90,2023-01,streetview
data/images/prague/50.076651_14.447345_h180.jpg,prague,50.076651,14.447345,180,2023-01,streetview
data/images/prague/50.076651_14.447345_h270.jpg,prague,50.076651,14.447345,270,2023-01,streetview
data/images/prague/50.084197_14.452399_h0.jpg,prague,50.084197,14.452399,0,2025-07,streetview
data/images/prague/50.084197_14.452399_h90.jpg,prague,50.084197,14.452399,90,2025-07,streetview
data/images/prague/50.084197_14.452399_h180.jpg,prague,50.084197,14.452399,180,2025-07,streetview
data/images/prague/50.084197_14.452399_h270.jpg,prague,50.084197,14.452399,270,2025-07,streetview
data/images/prague/50.098211_14.376805_h0.jpg,prague,50.098211,14.376805,0,2024-05,streetview
data/images/prague/50.098211_14.376805_h90.jpg,prague,50.098211,14.376805,90,2024-05,streetview
data/images/prague/50.098211_14.376805_h180.jpg,prague,50.098211,14.376805,180,2024-05,streetview
data/images/prague/50.098211_14.376805_h270.jpg,prague,50.098211,14.376805,270,2024-05,streetview
data/images/prague/50.107912_14.38185_h0.jpg,prague,50.107912,14.38185,0,2025-09,streetview
data/images/prague/50.107912_14.38185_h90.jpg,prague,50.107912,14.38185,90,2025-09,streetview
data/images/prague/50.107912_14.38185_h180.jpg,prague,50.107912,14.38185,180,2025-09,streetview
data/images/prague/50.107912_14.38185_h270.jpg,prague,50.107912,14.38185,270,2025-09,streetview
data/images/prague/50.066949_14.407022_h0.jpg,prague,50.066949,14.407022,0,2024-05,streetview
data/images/prague/50.066949_14.407022_h90.jpg,prague,50.066949,14.407022,90,2024-05,streetview
data/images/prague/50.066949_14.407022_h180.jpg,prague,50.066949,14.407022,180,2024-05,streetview
data/images/prague/50.066949_14.407022_h270.jpg,prague,50.066949,14.407022,270,2024-05,streetview
data/images/prague/50.097133_14.36168_h0.jpg,prague,50.097133,14.36168,0,2025-09,streetview
data/images/prague/50.097133_14.36168_h90.jpg,prague,50.097133,14.36168,90,2025-09,streetview
data/images/prague/50.097133_14.36168_h180.jpg,prague,50.097133,14.36168,180,2025-09,streetview
data/images/prague/50.097133_14.36168_h270.jpg,prague,50.097133,14.36168,270,2025-09,streetview
data/images/prague/50.069105_14.410383_h0.jpg,prague,50.069105,14.410383,0,2025-09,streetview
data/images/prague/50.069105_14.410383_h90.jpg,prague,50.069105,14.410383,90,2025-09,streetview
data/images/prague/50.069105_14.410383_h180.jpg,prague,50.069105,14.410383,180,2025-09,streetview
data/images/prague/50.069105_14.410383_h270.jpg,prague,50.069105,14.410383,270,2025-09,streetview
data/images/prague/50.088509_14.425525_h0.jpg,prague,50.088509,14.425525,0,2021-02,streetview
data/images/prague/50.088509_14.425525_h90.jpg,prague,50.088509,14.425525,90,2021-02,streetview
data/images/prague/50.088509_14.425525_h180.jpg,prague,50.088509,14.425525,180,2021-02,streetview
data/images/prague/50.088509_14.425525_h270.jpg,prague,50.088509,14.425525,270,2021-02,streetview
data/images/prague/50.086353_14.445682_h0.jpg,prague,50.086353,14.445682,0,2025-09,streetview
data/images/prague/50.086353_14.445682_h90.jpg,prague,50.086353,14.445682,90,2025-09,streetview
data/images/prague/50.086353_14.445682_h180.jpg,prague,50.086353,14.445682,180,2025-09,streetview
data/images/prague/50.086353_14.445682_h270.jpg,prague,50.086353,14.445682,270,2025-09,streetview
data/images/prague/50.077729_14.435589_h0.jpg,prague,50.077729,14.435589,0,2025-09,streetview
data/images/prague/50.077729_14.435589_h90.jpg,prague,50.077729,14.435589,90,2025-09,streetview
data/images/prague/50.077729_14.435589_h180.jpg,prague,50.077729,14.435589,180,2025-09,streetview
data/images/prague/50.077729_14.435589_h270.jpg,prague,50.077729,14.435589,270,2025-09,streetview
data/images/prague/50.086353_14.454083_h0.jpg,prague,50.086353,14.454083,0,2024-05,streetview
data/images/prague/50.086353_14.454083_h90.jpg,prague,50.086353,14.454083,90,2024-05,streetview
data/images/prague/50.086353_14.454083_h180.jpg,prague,50.086353,14.454083,180,2024-05,streetview
data/images/prague/50.086353_14.454083_h270.jpg,prague,50.086353,14.454083,270,2024-05,streetview
data/images/prague/50.088509_14.445686_h0.jpg,prague,50.088509,14.445686,0,2024-09,streetview
data/images/prague/50.088509_14.445686_h90.jpg,prague,50.088509,14.445686,90,2024-09,streetview
data/images/prague/50.088509_14.445686_h180.jpg,prague,50.088509,14.445686,180,2024-09,streetview
data/images/prague/50.088509_14.445686_h270.jpg,prague,50.088509,14.445686,270,2024-09,streetview
data/images/prague/50.064793_14.361679_h0.jpg,prague,50.064793,14.361679,0,2024-05,streetview
data/images/prague/50.064793_14.361679_h90.jpg,prague,50.064793,14.361679,90,2024-05,streetview
data/images/prague/50.064793_14.361679_h180.jpg,prague,50.064793,14.361679,180,2024-05,streetview
data/images/prague/50.064793_14.361679_h270.jpg,prague,50.064793,14.361679,270,2024-05,streetview
data/images/prague/50.051858_14.46073_h0.jpg,prague,50.051858,14.46073,0,2024-05,streetview
data/images/prague/50.051858_14.46073_h90.jpg,prague,50.051858,14.46073,90,2024-05,streetview
data/images/prague/50.051858_14.46073_h180.jpg,prague,50.051858,14.46073,180,2024-05,streetview
data/images/prague/50.051858_14.46073_h270.jpg,prague,50.051858,14.46073,270,2024-05,streetview
data/images/prague/50.106834_14.440677_h0.jpg,prague,50.106834,14.440677,0,2019-04,streetview
data/images/prague/50.106834_14.440677_h90.jpg,prague,50.106834,14.440677,90,2019-04,streetview
data/images/prague/50.106834_14.440677_h180.jpg,prague,50.106834,14.440677,180,2019-04,streetview
data/images/prague/50.106834_14.440677_h270.jpg,prague,50.106834,14.440677,270,2019-04,streetview
data/images/prague/50.102522_14.41546_h0.jpg,prague,50.102522,14.41546,0,2025-09,streetview
data/images/prague/50.102522_14.41546_h90.jpg,prague,50.102522,14.41546,90,2025-09,streetview
data/images/prague/50.102522_14.41546_h180.jpg,prague,50.102522,14.41546,180,2025-09,streetview
data/images/prague/50.102522_14.41546_h270.jpg,prague,50.102522,14.41546,270,2025-09,streetview
data/images/prague/50.094977_14.396968_h0.jpg,prague,50.094977,14.396968,0,2025-09,streetview
data/images/prague/50.094977_14.396968_h90.jpg,prague,50.094977,14.396968,90,2025-09,streetview
data/images/prague/50.094977_14.396968_h180.jpg,prague,50.094977,14.396968,180,2025-09,streetview
data/images/prague/50.094977_14.396968_h270.jpg,prague,50.094977,14.396968,270,2025-09,streetview
data/images/prague/50.048624_14.370072_h0.jpg,prague,50.048624,14.370072,0,2019-09,streetview
data/images/prague/50.048624_14.370072_h90.jpg,prague,50.048624,14.370072,90,2019-09,streetview
data/images/prague/50.048624_14.370072_h180.jpg,prague,50.048624,14.370072,180,2019-09,streetview
data/images/prague/50.048624_14.370072_h270.jpg,prague,50.048624,14.370072,270,2019-09,streetview
data/images/prague/50.087431_14.418803_h0.jpg,prague,50.087431,14.418803,0,2025-09,streetview
data/images/prague/50.087431_14.418803_h90.jpg,prague,50.087431,14.418803,90,2025-09,streetview
data/images/prague/50.087431_14.418803_h180.jpg,prague,50.087431,14.418803,180,2025-09,streetview
data/images/prague/50.087431_14.418803_h270.jpg,prague,50.087431,14.418803,270,2025-09,streetview
data/images/prague/50.063715_14.438925_h0.jpg,prague,50.063715,14.438925,0,2024-05,streetview
data/images/prague/50.063715_14.438925_h90.jpg,prague,50.063715,14.438925,90,2024-05,streetview
data/images/prague/50.063715_14.438925_h180.jpg,prague,50.063715,14.438925,180,2024-05,streetview
data/images/prague/50.063715_14.438925_h270.jpg,prague,50.063715,14.438925,270,2024-05,streetview
data/images/prague/50.073417_14.385194_h0.jpg,prague,50.073417,14.385194,0,2025-09,streetview
data/images/prague/50.073417_14.385194_h90.jpg,prague,50.073417,14.385194,90,2025-09,streetview
data/images/prague/50.073417_14.385194_h180.jpg,prague,50.073417,14.385194,180,2025-09,streetview
data/images/prague/50.073417_14.385194_h270.jpg,prague,50.073417,14.385194,270,2025-09,streetview
data/images/prague/50.070183_14.437256_h0.jpg,prague,50.070183,14.437256,0,2024-08,streetview
data/images/prague/50.070183_14.437256_h90.jpg,prague,50.070183,14.437256,90,2024-08,streetview
data/images/prague/50.070183_14.437256_h180.jpg,prague,50.070183,14.437256,180,2024-08,streetview
data/images/prague/50.070183_14.437256_h270.jpg,prague,50.070183,14.437256,270,2024-08,streetview
data/images/prague/50.061559_14.391904_h0.jpg,prague,50.061559,14.391904,0,2025-09,streetview
data/images/prague/50.061559_14.391904_h90.jpg,prague,50.061559,14.391904,90,2025-09,streetview
data/images/prague/50.061559_14.391904_h180.jpg,prague,50.061559,14.391904,180,2025-09,streetview
data/images/prague/50.061559_14.391904_h270.jpg,prague,50.061559,14.391904,270,2025-09,streetview
data/images/prague/50.099289_14.395291_h0.jpg,prague,50.099289,14.395291,0,2019-09,streetview
data/images/prague/50.099289_14.395291_h90.jpg,prague,50.099289,14.395291,90,2019-09,streetview
data/images/prague/50.099289_14.395291_h180.jpg,prague,50.099289,14.395291,180,2019-09,streetview
data/images/prague/50.099289_14.395291_h270.jpg,prague,50.099289,14.395291,270,2019-09,streetview
data/images/prague/50.066949_14.388549_h0.jpg,prague,50.066949,14.388549,0,2025-09,streetview
data/images/prague/50.066949_14.388549_h90.jpg,prague,50.066949,14.388549,90,2025-09,streetview
data/images/prague/50.066949_14.388549_h180.jpg,prague,50.066949,14.388549,180,2025-09,streetview
data/images/prague/50.066949_14.388549_h270.jpg,prague,50.066949,14.388549,270,2025-09,streetview
data/images/prague/50.086353_14.455763_h0.jpg,prague,50.086353,14.455763,0,2021-09,streetview
data/images/prague/50.086353_14.455763_h90.jpg,prague,50.086353,14.455763,90,2021-09,streetview
data/images/prague/50.086353_14.455763_h180.jpg,prague,50.086353,14.455763,180,2021-09,streetview
data/images/prague/50.086353_14.455763_h270.jpg,prague,50.086353,14.455763,270,2021-09,streetview
data/images/prague/50.051858_14.435548_h0.jpg,prague,50.051858,14.435548,0,2025-09,streetview
data/images/prague/50.051858_14.435548_h90.jpg,prague,50.051858,14.435548,90,2025-09,streetview
data/images/prague/50.051858_14.435548_h180.jpg,prague,50.051858,14.435548,180,2025-09,streetview
data/images/prague/50.051858_14.435548_h270.jpg,prague,50.051858,14.435548,270,2025-09,streetview
data/images/prague/50.098211_14.365041_h0.jpg,prague,50.098211,14.365041,0,2025-09,streetview
data/images/prague/50.098211_14.365041_h90.jpg,prague,50.098211,14.365041,90,2025-09,streetview
data/images/prague/50.098211_14.365041_h180.jpg,prague,50.098211,14.365041,180,2025-09,streetview
data/images/prague/50.098211_14.365041_h270.jpg,prague,50.098211,14.365041,270,2025-09,streetview
data/images/prague/50.075573_14.41039_h0.jpg,prague,50.075573,14.41039,0,2019-06,streetview
data/images/prague/50.075573_14.41039_h90.jpg,prague,50.075573,14.41039,90,2019-06,streetview
data/images/prague/50.075573_14.41039_h180.jpg,prague,50.075573,14.41039,180,2019-06,streetview
data/images/prague/50.075573_14.41039_h270.jpg,prague,50.075573,14.41039,270,2019-06,streetview
data/images/prague/50.102522_14.454114_h0.jpg,prague,50.102522,14.454114,0,2025-06,streetview
data/images/prague/50.102522_14.454114_h90.jpg,prague,50.102522,14.454114,90,2025-06,streetview
data/images/prague/50.102522_14.454114_h180.jpg,prague,50.102522,14.454114,180,2025-06,streetview
data/images/prague/50.102522_14.454114_h270.jpg,prague,50.102522,14.454114,270,2025-06,streetview
data/images/prague/50.05078_14.422116_h0.jpg,prague,50.05078,14.422116,0,2019-09,streetview
data/images/prague/50.05078_14.422116_h90.jpg,prague,50.05078,14.422116,90,2019-09,streetview
data/images/prague/50.05078_14.422116_h180.jpg,prague,50.05078,14.422116,180,2019-09,streetview
data/images/prague/50.05078_14.422116_h270.jpg,prague,50.05078,14.422116,270,2019-09,streetview
data/images/prague/50.049702_14.368394_h0.jpg,prague,50.049702,14.368394,0,2019-09,streetview
data/images/prague/50.049702_14.368394_h90.jpg,prague,50.049702,14.368394,90,2019-09,streetview
data/images/prague/50.049702_14.368394_h180.jpg,prague,50.049702,14.368394,180,2019-09,streetview
data/images/prague/50.049702_14.368394_h270.jpg,prague,50.049702,14.368394,270,2019-09,streetview
data/images/prague/50.082041_14.407037_h0.jpg,prague,50.082041,14.407037,0,2019-06,streetview
data/images/prague/50.082041_14.407037_h90.jpg,prague,50.082041,14.407037,90,2019-06,streetview
data/images/prague/50.082041_14.407037_h180.jpg,prague,50.082041,14.407037,180,2019-06,streetview
data/images/prague/50.082041_14.407037_h270.jpg,prague,50.082041,14.407037,270,2019-06,streetview
data/images/prague/50.100367_14.400333_h0.jpg,prague,50.100367,14.400333,0,2024-05,streetview
data/images/prague/50.100367_14.400333_h90.jpg,prague,50.100367,14.400333,90,2024-05,streetview
data/images/prague/50.100367_14.400333_h180.jpg,prague,50.100367,14.400333,180,2024-05,streetview
data/images/prague/50.100367_14.400333_h270.jpg,prague,50.100367,14.400333,270,2024-05,streetview
data/images/prague/50.055092_14.410369_h0.jpg,prague,50.055092,14.410369,0,2025-09,streetview
data/images/prague/50.055092_14.410369_h90.jpg,prague,50.055092,14.410369,90,2025-09,streetview
data/images/prague/50.055092_14.410369_h180.jpg,prague,50.055092,14.410369,180,2025-09,streetview
data/images/prague/50.055092_14.410369_h270.jpg,prague,50.055092,14.410369,270,2025-09,streetview
data/images/prague/50.098211_14.438982_h0.jpg,prague,50.098211,14.438982,0,2024-05,streetview
data/images/prague/50.098211_14.438982_h90.jpg,prague,50.098211,14.438982,90,2024-05,streetview
data/images/prague/50.098211_14.438982_h180.jpg,prague,50.098211,14.438982,180,2024-05,streetview
data/images/prague/50.098211_14.438982_h270.jpg,prague,50.098211,14.438982,270,2024-05,streetview
data/images/prague/50.05617_14.477529_h0.jpg,prague,50.05617,14.477529,0,2024-05,streetview
data/images/prague/50.05617_14.477529_h90.jpg,prague,50.05617,14.477529,90,2024-05,streetview
data/images/prague/50.05617_14.477529_h180.jpg,prague,50.05617,14.477529,180,2024-05,streetview
data/images/prague/50.05617_14.477529_h270.jpg,prague,50.05617,14.477529,270,2024-05,streetview
data/images/prague/50.062637_14.443961_h0.jpg,prague,50.062637,14.443961,0,2019-11,streetview
data/images/prague/50.062637_14.443961_h90.jpg,prague,50.062637,14.443961,90,2019-11,streetview
data/images/prague/50.062637_14.443961_h180.jpg,prague,50.062637,14.443961,180,2019-11,streetview
data/images/prague/50.062637_14.443961_h270.jpg,prague,50.062637,14.443961,270,2019-11,streetview
data/images/prague/50.092821_14.438973_h0.jpg,prague,50.092821,14.438973,0,2024-10,streetview
data/images/prague/50.092821_14.438973_h90.jpg,prague,50.092821,14.438973,90,2024-10,streetview
data/images/prague/50.092821_14.438973_h180.jpg,prague,50.092821,14.438973,180,2024-10,streetview
data/images/prague/50.092821_14.438973_h270.jpg,prague,50.092821,14.438973,270,2024-10,streetview
data/images/prague/50.106834_14.400338_h0.jpg,prague,50.106834,14.400338,0,2024-05,streetview
data/images/prague/50.106834_14.400338_h90.jpg,prague,50.106834,14.400338,90,2024-05,streetview
data/images/prague/50.106834_14.400338_h180.jpg,prague,50.106834,14.400338,180,2024-05,streetview
data/images/prague/50.106834_14.400338_h270.jpg,prague,50.106834,14.400338,270,2024-05,streetview
data/images/prague/50.074495_14.430545_h0.jpg,prague,50.074495,14.430545,0,2019-10,streetview
data/images/prague/50.074495_14.430545_h90.jpg,prague,50.074495,14.430545,90,2019-10,streetview
data/images/prague/50.074495_14.430545_h180.jpg,prague,50.074495,14.430545,180,2019-10,streetview
data/images/prague/50.074495_14.430545_h270.jpg,prague,50.074495,14.430545,270,2019-10,streetview
data/images/prague/50.062637_14.435565_h0.jpg,prague,50.062637,14.435565,0,2024-05,streetview
data/images/prague/50.062637_14.435565_h90.jpg,prague,50.062637,14.435565,90,2024-05,streetview
data/images/prague/50.062637_14.435565_h180.jpg,prague,50.062637,14.435565,180,2024-05,streetview
data/images/prague/50.062637_14.435565_h270.jpg,prague,50.062637,14.435565,270,2024-05,streetview
data/images/prague/50.068027_14.462444_h0.jpg,prague,50.068027,14.462444,0,2019-11,streetview
data/images/prague/50.068027_14.462444_h90.jpg,prague,50.068027,14.462444,90,2019-11,streetview
data/images/prague/50.068027_14.462444_h180.jpg,prague,50.068027,14.462444,180,2019-11,streetview
data/images/prague/50.068027_14.462444_h270.jpg,prague,50.068027,14.462444,270,2019-11,streetview
data/images/prague/50.059404_14.45403_h0.jpg,prague,50.059404,14.45403,0,2025-09,streetview
data/images/prague/50.059404_14.45403_h90.jpg,prague,50.059404,14.45403,90,2025-09,streetview
data/images/prague/50.059404_14.45403_h180.jpg,prague,50.059404,14.45403,180,2025-09,streetview
data/images/prague/50.059404_14.45403_h270.jpg,prague,50.059404,14.45403,270,2025-09,streetview
data/images/prague/50.072339_14.415425_h0.jpg,prague,50.072339,14.415425,0,2018-05,streetview
data/images/prague/50.072339_14.415425_h90.jpg,prague,50.072339,14.415425,90,2018-05,streetview
data/images/prague/50.072339_14.415425_h180.jpg,prague,50.072339,14.415425,180,2018-05,streetview
data/images/prague/50.072339_14.415425_h270.jpg,prague,50.072339,14.415425,270,2018-05,streetview
data/images/prague/50.042156_14.465746_h0.jpg,prague,50.042156,14.465746,0,2024-09,streetview
data/images/prague/50.042156_14.465746_h90.jpg,prague,50.042156,14.465746,90,2024-09,streetview
data/images/prague/50.042156_14.465746_h180.jpg,prague,50.042156,14.465746,180,2024-09,streetview
data/images/prague/50.042156_14.465746_h270.jpg,prague,50.042156,14.465746,270,2024-09,streetview
data/images/prague/50.084197_14.457438_h0.jpg,prague,50.084197,14.457438,0,2024-05,streetview
data/images/prague/50.084197_14.457438_h90.jpg,prague,50.084197,14.457438,90,2024-05,streetview
data/images/prague/50.084197_14.457438_h180.jpg,prague,50.084197,14.457438,180,2024-05,streetview
data/images/prague/50.084197_14.457438_h270.jpg,prague,50.084197,14.457438,270,2024-05,streetview
data/images/prague/50.079885_14.437272_h0.jpg,prague,50.079885,14.437272,0,2025-08,streetview
data/images/prague/50.079885_14.437272_h90.jpg,prague,50.079885,14.437272,90,2025-08,streetview
data/images/prague/50.079885_14.437272_h180.jpg,prague,50.079885,14.437272,180,2025-08,streetview
data/images/prague/50.079885_14.437272_h270.jpg,prague,50.079885,14.437272,270,2025-08,streetview
data/images/prague/50.102522_14.408738_h0.jpg,prague,50.102522,14.408738,0,2025-09,streetview
data/images/prague/50.102522_14.408738_h90.jpg,prague,50.102522,14.408738,90,2025-09,streetview
data/images/prague/50.102522_14.408738_h180.jpg,prague,50.102522,14.408738,180,2025-09,streetview
data/images/prague/50.102522_14.408738_h270.jpg,prague,50.102522,14.408738,270,2025-09,streetview
data/images/prague/50.069105_14.427178_h0.jpg,prague,50.069105,14.427178,0,2023-04,streetview
data/images/prague/50.069105_14.427178_h90.jpg,prague,50.069105,14.427178,90,2023-04,streetview
data/images/prague/50.069105_14.427178_h180.jpg,prague,50.069105,14.427178,180,2023-04,streetview
data/images/prague/50.069105_14.427178_h270.jpg,prague,50.069105,14.427178,270,2023-04,streetview
data/images/prague/50.057248_14.401976_h0.jpg,prague,50.057248,14.401976,0,2025-09,streetview
data/images/prague/50.057248_14.401976_h90.jpg,prague,50.057248,14.401976,90,2025-09,streetview
data/images/prague/50.057248_14.401976_h180.jpg,prague,50.057248,14.401976,180,2025-09,streetview
data/images/prague/50.057248_14.401976_h270.jpg,prague,50.057248,14.401976,270,2025-09,streetview
data/images/prague/50.097133_14.385206_h0.jpg,prague,50.097133,14.385206,0,2025-09,streetview
data/images/prague/50.097133_14.385206_h90.jpg,prague,50.097133,14.385206,90,2025-09,streetview
data/images/prague/50.097133_14.385206_h180.jpg,prague,50.097133,14.385206,180,2025-09,streetview
data/images/prague/50.097133_14.385206_h270.jpg,prague,50.097133,14.385206,270,2025-09,streetview
data/images/prague/50.087431_14.370081_h0.jpg,prague,50.087431,14.370081,0,2024-05,streetview
data/images/prague/50.087431_14.370081_h90.jpg,prague,50.087431,14.370081,90,2024-05,streetview
data/images/prague/50.087431_14.370081_h180.jpg,prague,50.087431,14.370081,180,2024-05,streetview
data/images/prague/50.087431_14.370081_h270.jpg,prague,50.087431,14.370081,270,2024-05,streetview
data/images/prague/50.062637_14.475866_h0.jpg,prague,50.062637,14.475866,0,2024-05,streetview
data/images/prague/50.062637_14.475866_h90.jpg,prague,50.062637,14.475866,90,2024-05,streetview
data/images/prague/50.062637_14.475866_h180.jpg,prague,50.062637,14.475866,180,2024-05,streetview
data/images/prague/50.062637_14.475866_h270.jpg,prague,50.062637,14.475866,270,2024-05,streetview
data/images/prague/50.101444_14.437307_h0.jpg,prague,50.101444,14.437307,0,2019-10,streetview
data/images/prague/50.101444_14.437307_h90.jpg,prague,50.101444,14.437307,90,2019-10,streetview
data/images/prague/50.101444_14.437307_h180.jpg,prague,50.101444,14.437307,180,2019-10,streetview
data/images/prague/50.101444_14.437307_h270.jpg,prague,50.101444,14.437307,270,2019-10,streetview
data/images/prague/50.077729_14.433909_h0.jpg,prague,50.077729,14.433909,0,2024-05,streetview
data/images/prague/50.077729_14.433909_h90.jpg,prague,50.077729,14.433909,90,2024-05,streetview
data/images/prague/50.077729_14.433909_h180.jpg,prague,50.077729,14.433909,180,2024-05,streetview
data/images/prague/50.077729_14.433909_h270.jpg,prague,50.077729,14.433909,270,2024-05,streetview
data/images/prague/50.072339_14.432221_h0.jpg,prague,50.072339,14.432221,0,2024-05,streetview
data/images/prague/50.072339_14.432221_h90.jpg,prague,50.072339,14.432221,90,2024-05,streetview
data/images/prague/50.072339_14.432221_h180.jpg,prague,50.072339,14.432221,180,2024-05,streetview
data/images/prague/50.072339_14.432221_h270.jpg,prague,50.072339,14.432221,270,2024-05,streetview
data/images/prague/50.052936_14.412045_h0.jpg,prague,50.052936,14.412045,0,2025-09,streetview
data/images/prague/50.052936_14.412045_h90.jpg,prague,50.052936,14.412045,90,2025-09,streetview
data/images/prague/50.052936_14.412045_h180.jpg,prague,50.052936,14.412045,180,2025-09,streetview
data/images/prague/50.052936_14.412045_h270.jpg,prague,50.052936,14.412045,270,2025-09,streetview
data/images/prague/50.102522_14.405377_h0.jpg,prague,50.102522,14.405377,0,2025-09,streetview
data/images/prague/50.102522_14.405377_h90.jpg,prague,50.102522,14.405377,90,2025-09,streetview
data/images/prague/50.102522_14.405377_h180.jpg,prague,50.102522,14.405377,180,2025-09,streetview
data/images/prague/50.102522_14.405377_h270.jpg,prague,50.102522,14.405377,270,2025-09,streetview
data/images/prague/50.064793_14.464116_h0.jpg,prague,50.064793,14.464116,0,2025-09,streetview
data/images/prague/50.064793_14.464116_h90.jpg,prague,50.064793,14.464116,90,2025-09,streetview
data/images/prague/50.064793_14.464116_h180.jpg,prague,50.064793,14.464116,180,2025-09,streetview
data/images/prague/50.064793_14.464116_h270.jpg,prague,50.064793,14.464116,270,2025-09,streetview
data/images/prague/50.052936_14.474164_h0.jpg,prague,50.052936,14.474164,0,2025-09,streetview
data/images/prague/50.052936_14.474164_h90.jpg,prague,50.052936,14.474164,90,2025-09,streetview
data/images/prague/50.052936_14.474164_h180.jpg,prague,50.052936,14.474164,180,2025-09,streetview
data/images/prague/50.052936_14.474164_h270.jpg,prague,50.052936,14.474164,270,2025-09,streetview
data/images/prague/50.105756_14.373446_h0.jpg,prague,50.105756,14.373446,0,2025-09,streetview
data/images/prague/50.105756_14.373446_h90.jpg,prague,50.105756,14.373446,90,2025-09,streetview
data/images/prague/50.105756_14.373446_h180.jpg,prague,50.105756,14.373446,180,2025-09,streetview
data/images/prague/50.105756_14.373446_h270.jpg,prague,50.105756,14.373446,270,2025-09,streetview
data/images/prague/50.083119_14.457436_h0.jpg,prague,50.083119,14.457436,0,2018-11,streetview
data/images/prague/50.083119_14.457436_h90.jpg,prague,50.083119,14.457436,90,2018-11,streetview
data/images/prague/50.083119_14.457436_h180.jpg,prague,50.083119,14.457436,180,2018-11,streetview
data/images/prague/50.083119_14.457436_h270.jpg,prague,50.083119,14.457436,270,2018-11,streetview
data/images/prague/50.065871_14.433891_h0.jpg,prague,50.065871,14.433891,0,2024-05,streetview
data/images/prague/50.065871_14.433891_h90.jpg,prague,50.065871,14.433891,90,2024-05,streetview
data/images/prague/50.065871_14.433891_h180.jpg,prague,50.065871,14.433891,180,2024-05,streetview
data/images/prague/50.065871_14.433891_h270.jpg,prague,50.065871,14.433891,270,2024-05,streetview
data/images/prague/50.05617_14.378469_h0.jpg,prague,50.05617,14.378469,0,2025-08,streetview
data/images/prague/50.05617_14.378469_h90.jpg,prague,50.05617,14.378469,90,2025-08,streetview
data/images/prague/50.05617_14.378469_h180.jpg,prague,50.05617,14.378469,180,2025-08,streetview
data/images/prague/50.05617_14.378469_h270.jpg,prague,50.05617,14.378469,270,2025-08,streetview
data/images/prague/50.072339_14.413746_h0.jpg,prague,50.072339,14.413746,0,2024-09,streetview
data/images/prague/50.072339_14.413746_h90.jpg,prague,50.072339,14.413746,90,2024-09,streetview
data/images/prague/50.072339_14.413746_h180.jpg,prague,50.072339,14.413746,180,2024-09,streetview
data/images/prague/50.072339_14.413746_h270.jpg,prague,50.072339,14.413746,270,2024-09,streetview
data/images/prague/50.043234_14.445605_h0.jpg,prague,50.043234,14.445605,0,2025-09,streetview
data/images/prague/50.043234_14.445605_h90.jpg,prague,50.043234,14.445605,90,2025-09,streetview
data/images/prague/50.043234_14.445605_h180.jpg,prague,50.043234,14.445605,180,2025-09,streetview
data/images/prague/50.043234_14.445605_h270.jpg,prague,50.043234,14.445605,270,2025-09,streetview
data/images/prague/50.054014_14.36_h0.jpg,prague,50.054014,14.36,0,2025-08,streetview
data/images/prague/50.054014_14.36_h90.jpg,prague,50.054014,14.36,90,2025-08,streetview
data/images/prague/50.054014_14.36_h180.jpg,prague,50.054014,14.36,180,2025-08,streetview
data/images/prague/50.054014_14.36_h270.jpg,prague,50.054014,14.36,270,2025-08,streetview
data/images/prague/50.058326_14.410372_h0.jpg,prague,50.058326,14.410372,0,2025-09,streetview
data/images/prague/50.058326_14.410372_h90.jpg,prague,50.058326,14.410372,90,2025-09,streetview
data/images/prague/50.058326_14.410372_h180.jpg,prague,50.058326,14.410372,180,2025-09,streetview
data/images/prague/50.058326_14.410372_h270.jpg,prague,50.058326,14.410372,270,2025-09,streetview
data/images/prague/50.076651_14.427188_h0.jpg,prague,50.076651,14.427188,0,2025-11,streetview
data/images/prague/50.076651_14.427188_h90.jpg,prague,50.076651,14.427188,90,2025-11,streetview
data/images/prague/50.076651_14.427188_h180.jpg,prague,50.076651,14.427188,180,2025-11,streetview
data/images/prague/50.076651_14.427188_h270.jpg,prague,50.076651,14.427188,270,2025-11,streetview
data/images/prague/50.063715_14.361679_h0.jpg,prague,50.063715,14.361679,0,2025-08,streetview
data/images/prague/50.063715_14.361679_h90.jpg,prague,50.063715,14.361679,90,2025-08,streetview
data/images/prague/50.063715_14.361679_h180.jpg,prague,50.063715,14.361679,180,2025-08,streetview
data/images/prague/50.063715_14.361679_h270.jpg,prague,50.063715,14.361679,270,2025-08,streetview
data/images/prague/50.102522_14.410418_h0.jpg,prague,50.102522,14.410418,0,2024-05,streetview
data/images/prague/50.102522_14.410418_h90.jpg,prague,50.102522,14.410418,90,2024-05,streetview
data/images/prague/50.102522_14.410418_h180.jpg,prague,50.102522,14.410418,180,2024-05,streetview
data/images/prague/50.102522_14.410418_h270.jpg,prague,50.102522,14.410418,270,2024-05,streetview
data/images/prague/50.069105_14.470843_h0.jpg,prague,50.069105,14.470843,0,2025-09,streetview
data/images/prague/50.069105_14.470843_h90.jpg,prague,50.069105,14.470843,90,2025-09,streetview
data/images/prague/50.069105_14.470843_h180.jpg,prague,50.069105,14.470843,180,2025-09,streetview
data/images/prague/50.069105_14.470843_h270.jpg,prague,50.069105,14.470843,270,2025-09,streetview
data/images/prague/50.101444_14.420501_h0.jpg,prague,50.101444,14.420501,0,2019-08,streetview
data/images/prague/50.101444_14.420501_h90.jpg,prague,50.101444,14.420501,90,2019-08,streetview
data/images/prague/50.101444_14.420501_h180.jpg,prague,50.101444,14.420501,180,2019-08,streetview
data/images/prague/50.101444_14.420501_h270.jpg,prague,50.101444,14.420501,270,2019-08,streetview
data/images/prague/50.073417_14.415427_h0.jpg,prague,50.073417,14.415427,0,2024-05,streetview
data/images/prague/50.073417_14.415427_h90.jpg,prague,50.073417,14.415427,90,2024-05,streetview
data/images/prague/50.073417_14.415427_h180.jpg,prague,50.073417,14.415427,180,2024-05,streetview
data/images/prague/50.073417_14.415427_h270.jpg,prague,50.073417,14.415427,270,2024-05,streetview
data/images/prague/50.079885_14.449031_h0.jpg,prague,50.079885,14.449031,0,2024-05,streetview
data/images/prague/50.079885_14.449031_h90.jpg,prague,50.079885,14.449031,90,2024-05,streetview
data/images/prague/50.079885_14.449031_h180.jpg,prague,50.079885,14.449031,180,2024-05,streetview
data/images/prague/50.079885_14.449031_h270.jpg,prague,50.079885,14.449031,270,2024-05,streetview
data/images/prague/50.080963_14.432234_h0.jpg,prague,50.080963,14.432234,0,2025-09,streetview
data/images/prague/50.080963_14.432234_h90.jpg,prague,50.080963,14.432234,90,2025-09,streetview
data/images/prague/50.080963_14.432234_h180.jpg,prague,50.080963,14.432234,180,2025-09,streetview
data/images/prague/50.080963_14.432234_h270.jpg,prague,50.080963,14.432234,270,2025-09,streetview
data/images/prague/50.106834_14.393615_h0.jpg,prague,50.106834,14.393615,0,2025-09,streetview
data/images/prague/50.106834_14.393615_h90.jpg,prague,50.106834,14.393615,90,2025-09,streetview
data/images/prague/50.106834_14.393615_h180.jpg,prague,50.106834,14.393615,180,2025-09,streetview
data/images/prague/50.106834_14.393615_h270.jpg,prague,50.106834,14.393615,270,2025-09,streetview
data/images/prague/50.066949_14.435572_h0.jpg,prague,50.066949,14.435572,0,2024-05,streetview
data/images/prague/50.066949_14.435572_h90.jpg,prague,50.066949,14.435572,90,2024-05,streetview
data/images/prague/50.066949_14.435572_h180.jpg,prague,50.066949,14.435572,180,2024-05,streetview
data/images/prague/50.066949_14.435572_h270.jpg,prague,50.066949,14.435572,270,2024-05,streetview
data/images/prague/50.089587_14.46417_h0.jpg,prague,50.089587,14.46417,0,2025-09,streetview
data/images/prague/50.089587_14.46417_h90.jpg,prague,50.089587,14.46417,90,2025-09,streetview
data/images/prague/50.089587_14.46417_h180.jpg,prague,50.089587,14.46417,180,2025-09,streetview
data/images/prague/50.089587_14.46417_h270.jpg,prague,50.089587,14.46417,270,2025-09,streetview
data/images/prague/50.073417_14.459096_h0.jpg,prague,50.073417,14.459096,0,2024-03,streetview
data/images/prague/50.073417_14.459096_h90.jpg,prague,50.073417,14.459096,90,2024-03,streetview
data/images/prague/50.073417_14.459096_h180.jpg,prague,50.073417,14.459096,180,2024-03,streetview
data/images/prague/50.073417_14.459096_h270.jpg,prague,50.073417,14.459096,270,2024-03,streetview
data/images/prague/50.044312_14.39525_h0.jpg,prague,50.044312,14.39525,0,2025-08,streetview
data/images/prague/50.044312_14.39525_h90.jpg,prague,50.044312,14.39525,90,2025-08,streetview
data/images/prague/50.044312_14.39525_h180.jpg,prague,50.044312,14.39525,180,2025-08,streetview
data/images/prague/50.044312_14.39525_h270.jpg,prague,50.044312,14.39525,270,2025-08,streetview
data/images/prague/50.072339_14.449017_h0.jpg,prague,50.072339,14.449017,0,2024-08,streetview
data/images/prague/50.072339_14.449017_h90.jpg,prague,50.072339,14.449017,90,2024-08,streetview
data/images/prague/50.072339_14.449017_h180.jpg,prague,50.072339,14.449017,180,2024-08,streetview
data/images/prague/50.072339_14.449017_h270.jpg,prague,50.072339,14.449017,270,2024-08,streetview
data/images/prague/50.078807_14.43727_h0.jpg,prague,50.078807,14.43727,0,2025-09,streetview
data/images/prague/50.078807_14.43727_h90.jpg,prague,50.078807,14.43727,90,2025-09,streetview
data/images/prague/50.078807_14.43727_h180.jpg,prague,50.078807,14.43727,180,2025-09,streetview
data/images/prague/50.078807_14.43727_h270.jpg,prague,50.078807,14.43727,270,2025-09,streetview
data/images/prague/50.098211_14.464189_h0.jpg,prague,50.098211,14.464189,0,2019-08,streetview
data/images/prague/50.098211_14.464189_h90.jpg,prague,50.098211,14.464189,90,2019-08,streetview
data/images/prague/50.098211_14.464189_h180.jpg,prague,50.098211,14.464189,180,2019-08,streetview
data/images/prague/50.098211_14.464189_h270.jpg,prague,50.098211,14.464189,270,2019-08,streetview
data/images/prague/50.080963_14.413756_h0.jpg,prague,50.080963,14.413756,0,2022-11,streetview
data/images/prague/50.080963_14.413756_h90.jpg,prague,50.080963,14.413756,90,2022-11,streetview
data/images/prague/50.080963_14.413756_h180.jpg,prague,50.080963,14.413756,180,2022-11,streetview
data/images/prague/50.080963_14.413756_h270.jpg,prague,50.080963,14.413756,270,2022-11,streetview
data/images/prague/50.043234_14.412035_h0.jpg,prague,50.043234,14.412035,0,2025-08,streetview
data/images/prague/50.043234_14.412035_h90.jpg,prague,50.043234,14.412035,90,2025-08,streetview
data/images/prague/50.043234_14.412035_h180.jpg,prague,50.043234,14.412035,180,2025-08,streetview
data/images/prague/50.043234_14.412035_h270.jpg,prague,50.043234,14.412035,270,2025-08,streetview
data/images/prague/50.054014_14.432193_h0.jpg,prague,50.054014,14.432193,0,2024-08,streetview
data/images/prague/50.054014_14.432193_h90.jpg,prague,50.054014,14.432193,90,2024-08,streetview
data/images/prague/50.054014_14.432193_h180.jpg,prague,50.054014,14.432193,180,2024-08,streetview
data/images/prague/50.054014_14.432193_h270.jpg,prague,50.054014,14.432193,270,2024-08,streetview
data/images/prague/50.076651_14.465822_h0.jpg,prague,50.076651,14.465822,0,2024-08,streetview
data/images/prague/50.076651_14.465822_h90.jpg,prague,50.076651,14.465822,90,2024-08,streetview
data/images/prague/50.076651_14.465822_h180.jpg,prague,50.076651,14.465822,180,2024-08,streetview
data/images/prague/50.076651_14.465822_h270.jpg,prague,50.076651,14.465822,270,2024-08,streetview
data/images/prague/50.092821_14.385204_h0.jpg,prague,50.092821,14.385204,0,2025-09,streetview
data/images/prague/50.092821_14.385204_h90.jpg,prague,50.092821,14.385204,90,2025-09,streetview
data/images/prague/50.092821_14.385204_h180.jpg,prague,50.092821,14.385204,180,2025-09,streetview
data/images/prague/50.092821_14.385204_h270.jpg,prague,50.092821,14.385204,270,2025-09,streetview
data/images/prague/50.088509_14.393602_h0.jpg,prague,50.088509,14.393602,0,2024-05,streetview
data/images/prague/50.088509_14.393602_h90.jpg,prague,50.088509,14.393602,90,2024-05,streetview
data/images/prague/50.088509_14.393602_h180.jpg,prague,50.088509,14.393602,180,2024-05,streetview
data/images/prague/50.088509_14.393602_h270.jpg,prague,50.088509,14.393602,270,2024-05,streetview
data/images/prague/50.093899_14.405368_h0.jpg,prague,50.093899,14.405368,0,2019-10,streetview
data/images/prague/50.093899_14.405368_h90.jpg,prague,50.093899,14.405368,90,2019-10,streetview
data/images/prague/50.093899_14.405368_h180.jpg,prague,50.093899,14.405368,180,2019-10,streetview
data/images/prague/50.093899_14.405368_h270.jpg,prague,50.093899,14.405368,270,2019-10,streetview
data/images/prague/50.092821_14.368401_h0.jpg,prague,50.092821,14.368401,0,2025-09,streetview
data/images/prague/50.092821_14.368401_h90.jpg,prague,50.092821,14.368401,90,2025-09,streetview
data/images/prague/50.092821_14.368401_h180.jpg,prague,50.092821,14.368401,180,2025-09,streetview
data/images/prague/50.092821_14.368401_h270.jpg,prague,50.092821,14.368401,270,2025-09,streetview
data/images/prague/50.096055_14.40369_h0.jpg,prague,50.096055,14.40369,0,2019-07,streetview
data/images/prague/50.096055_14.40369_h90.jpg,prague,50.096055,14.40369,90,2019-07,streetview
data/images/prague/50.096055_14.40369_h180.jpg,prague,50.096055,14.40369,180,2019-07,streetview
data/images/prague/50.096055_14.40369_h270.jpg,prague,50.096055,14.40369,270,2019-07,streetview
data/images/prague/50.057248_14.454026_h0.jpg,prague,50.057248,14.454026,0,2025-09,streetview
data/images/prague/50.057248_14.454026_h90.jpg,prague,50.057248,14.454026,90,2025-09,streetview
data/images/prague/50.057248_14.454026_h180.jpg,prague,50.057248,14.454026,180,2025-09,streetview
data/images/prague/50.057248_14.454026_h270.jpg,prague,50.057248,14.454026,270,2025-09,streetview
data/images/prague/50.071261_14.445656_h0.jpg,prague,50.071261,14.445656,0,2024-05,streetview
data/images/prague/50.071261_14.445656_h90.jpg,prague,50.071261,14.445656,90,2024-05,streetview
data/images/prague/50.071261_14.445656_h180.jpg,prague,50.071261,14.445656,180,2024-05,streetview
data/images/prague/50.071261_14.445656_h270.jpg,prague,50.071261,14.445656,270,2024-05,streetview
data/images/prague/50.073417_14.465814_h0.jpg,prague,50.073417,14.465814,0,2025-09,streetview
data/images/prague/50.073417_14.465814_h90.jpg,prague,50.073417,14.465814,90,2025-09,streetview
data/images/prague/50.073417_14.465814_h180.jpg,prague,50.073417,14.465814,180,2025-09,streetview
data/images/prague/50.073417_14.465814_h270.jpg,prague,50.073417,14.465814,270,2025-09,streetview
data/images/prague/50.093899_14.383524_h0.jpg,prague,50.093899,14.383524,0,2025-09,streetview
data/images/prague/50.093899_14.383524_h90.jpg,prague,50.093899,14.383524,90,2025-09,streetview
data/images/prague/50.093899_14.383524_h180.jpg,prague,50.093899,14.383524,180,2025-09,streetview
data/images/prague/50.093899_14.383524_h270.jpg,prague,50.093899,14.383524,270,2025-09,streetview
data/images/prague/50.096055_14.366722_h0.jpg,prague,50.096055,14.366722,0,2019-09,streetview
data/images/prague/50.096055_14.366722_h90.jpg,prague,50.096055,14.366722,90,2019-09,streetview
data/images/prague/50.096055_14.366722_h180.jpg,prague,50.096055,14.366722,180,2019-09,streetview
data/images/prague/50.096055_14.366722_h270.jpg,prague,50.096055,14.366722,270,2019-09,streetview
data/images/prague/50.070183_14.408705_h0.jpg,prague,50.070183,14.408705,0,2019-07,streetview
data/images/prague/50.070183_14.408705_h90.jpg,prague,50.070183,14.408705,90,2019-07,streetview
data/images/prague/50.070183_14.408705_h180.jpg,prague,50.070183,14.408705,180,2019-07,streetview
data/images/prague/50.070183_14.408705_h270.jpg,prague,50.070183,14.408705,270,2019-07,streetview
data/images/prague/50.099289_14.368403_h0.jpg,prague,50.099289,14.368403,0,2024-05,streetview
data/images/prague/50.099289_14.368403_h90.jpg,prague,50.099289,14.368403,90,2024-05,streetview
data/images/prague/50.099289_14.368403_h180.jpg,prague,50.099289,14.368403,180,2024-05,streetview
data/images/prague/50.099289_14.368403_h270.jpg,prague,50.099289,14.368403,270,2024-05,streetview
data/images/prague/50.099289_14.449067_h0.jpg,prague,50.099289,14.449067,0,2024-10,streetview
data/images/prague/50.099289_14.449067_h90.jpg,prague,50.099289,14.449067,90,2024-10,streetview
data/images/prague/50.099289_14.449067_h180.jpg,prague,50.099289,14.449067,180,2024-10,streetview
data/images/prague/50.099289_14.449067_h270.jpg,prague,50.099289,14.449067,270,2024-10,streetview
data/images/prague/50.077729_14.401994_h0.jpg,prague,50.077729,14.401994,0,2019-04,streetview
data/images/prague/50.077729_14.401994_h90.jpg,prague,50.077729,14.401994,90,2019-04,streetview
data/images/prague/50.077729_14.401994_h180.jpg,prague,50.077729,14.401994,180,2019-04,streetview
data/images/prague/50.077729_14.401994_h270.jpg,prague,50.077729,14.401994,270,2019-04,streetview
data/images/prague/50.075573_14.443984_h0.jpg,prague,50.075573,14.443984,0,2025-09,streetview
data/images/prague/50.075573_14.443984_h90.jpg,prague,50.075573,14.443984,90,2025-09,streetview
data/images/prague/50.075573_14.443984_h180.jpg,prague,50.075573,14.443984,180,2025-09,streetview
data/images/prague/50.075573_14.443984_h270.jpg,prague,50.075573,14.443984,270,2025-09,streetview
data/images/prague/50.059404_14.373433_h0.jpg,prague,50.059404,14.373433,0,2025-09,streetview
data/images/prague/50.059404_14.373433_h90.jpg,prague,50.059404,14.373433,90,2025-09,streetview
data/images/prague/50.059404_14.373433_h180.jpg,prague,50.059404,14.373433,180,2025-09,streetview
data/images/prague/50.059404_14.373433_h270.jpg,prague,50.059404,14.373433,270,2025-09,streetview
data/images/prague/50.063715_14.470831_h0.jpg,prague,50.063715,14.470831,0,2025-09,streetview
data/images/prague/50.063715_14.470831_h90.jpg,prague,50.063715,14.470831,90,2025-09,streetview
data/images/prague/50.063715_14.470831_h180.jpg,prague,50.063715,14.470831,180,2025-09,streetview
data/images/prague/50.063715_14.470831_h270.jpg,prague,50.063715,14.470831,270,2025-09,streetview
data/images/prague/50.04_14.418745_h0.jpg,prague,50.04,14.418745,0,2024-05,streetview
data/images/prague/50.04_14.418745_h90.jpg,prague,50.04,14.418745,90,2024-05,streetview
data/images/prague/50.04_14.418745_h180.jpg,prague,50.04,14.418745,180,2024-05,streetview
data/images/prague/50.04_14.418745_h270.jpg,prague,50.04,14.418745,270,2024-05,streetview
data/images/prague/50.058326_14.371753_h0.jpg,prague,50.058326,14.371753,0,2024-05,streetview
data/images/prague/50.058326_14.371753_h90.jpg,prague,50.058326,14.371753,90,2024-05,streetview
data/images/prague/50.058326_14.371753_h180.jpg,prague,50.058326,14.371753,180,2024-05,streetview
data/images/prague/50.058326_14.371753_h270.jpg,prague,50.058326,14.371753,270,2024-05,streetview
data/images/prague/50.077729_14.417111_h0.jpg,prague,50.077729,14.417111,0,2025-09,streetview
data/images/prague/50.077729_14.417111_h90.jpg,prague,50.077729,14.417111,90,2025-09,streetview
data/images/prague/50.077729_14.417111_h180.jpg,prague,50.077729,14.417111,180,2025-09,streetview
data/images/prague/50.077729_14.417111_h270.jpg,prague,50.077729,14.417111,270,2025-09,streetview
data/images/prague/50.066949_14.4658_h0.jpg,prague,50.066949,14.4658,0,2025-09,streetview
data/images/prague/50.066949_14.4658_h90.jpg,prague,50.066949,14.4658,90,2025-09,streetview
data/images/prague/50.066949_14.4658_h180.jpg,prague,50.066949,14.4658,180,2025-09,streetview
data/images/prague/50.066949_14.4658_h270.jpg,prague,50.066949,14.4658,270,2025-09,streetview
data/images/prague/50.048624_14.366715_h0.jpg,prague,50.048624,14.366715,0,2019-09,streetview
data/images/prague/50.048624_14.366715_h90.jpg,prague,50.048624,14.366715,90,2019-09,streetview
data/images/prague/50.048624_14.366715_h180.jpg,prague,50.048624,14.366715,180,2019-09,streetview
data/images/prague/50.048624_14.366715_h270.jpg,prague,50.048624,14.366715,270,2019-09,streetview
data/images/prague/50.101444_14.413778_h0.jpg,prague,50.101444,14.413778,0,2025-09,streetview
data/images/prague/50.101444_14.413778_h90.jpg,prague,50.101444,14.413778,90,2025-09,streetview
data/images/prague/50.101444_14.413778_h180.jpg,prague,50.101444,14.413778,180,2025-09,streetview
data/images/prague/50.101444_14.413778_h270.jpg,prague,50.101444,14.413778,270,2025-09,streetview
data/images/prague/50.094977_14.447378_h0.jpg,prague,50.094977,14.447378,0,2024-10,streetview
data/images/prague/50.094977_14.447378_h90.jpg,prague,50.094977,14.447378,90,2024-10,streetview
data/images/prague/50.094977_14.447378_h180.jpg,prague,50.094977,14.447378,180,2024-10,streetview
data/images/prague/50.094977_14.447378_h270.jpg,prague,50.094977,14.447378,270,2024-10,streetview
data/images/prague/50.088509_14.474248_h0.jpg,prague,50.088509,14.474248,0,2019-07,streetview
data/images/prague/50.088509_14.474248_h90.jpg,prague,50.088509,14.474248,90,2019-07,streetview
data/images/prague/50.088509_14.474248_h180.jpg,prague,50.088509,14.474248,180,2019-07,streetview
data/images/prague/50.088509_14.474248_h270.jpg,prague,50.088509,14.474248,270,2019-07,streetview
data/images/prague/50.068027_14.401985_h0.jpg,prague,50.068027,14.401985,0,2024-09,streetview
data/images/prague/50.068027_14.401985_h90.jpg,prague,50.068027,14.401985,90,2024-09,streetview
data/images/prague/50.068027_14.401985_h180.jpg,prague,50.068027,14.401985,180,2024-09,streetview
data/images/prague/50.068027_14.401985_h270.jpg,prague,50.068027,14.401985,270,2024-09,streetview
data/images/prague/50.090665_14.479294_h0.jpg,prague,50.090665,14.479294,0,2025-08,streetview
data/images/prague/50.090665_14.479294_h90.jpg,prague,50.090665,14.479294,90,2025-08,streetview
data/images/prague/50.090665_14.479294_h180.jpg,prague,50.090665,14.479294,180,2025-08,streetview
data/images/prague/50.090665_14.479294_h270.jpg,prague,50.090665,14.479294,270,2025-08,streetview
data/images/prague/50.072339_14.447337_h0.jpg,prague,50.072339,14.447337,0,2023-02,streetview
data/images/prague/50.072339_14.447337_h90.jpg,prague,50.072339,14.447337,90,2023-02,streetview
data/images/prague/50.072339_14.447337_h180.jpg,prague,50.072339,14.447337,180,2023-02,streetview
data/images/prague/50.072339_14.447337_h270.jpg,prague,50.072339,14.447337,270,2023-02,streetview
data/images/prague/50.062637_14.459074_h0.jpg,prague,50.062637,14.459074,0,2024-03,streetview
data/images/prague/50.062637_14.459074_h90.jpg,prague,50.062637,14.459074,90,2024-03,streetview
data/images/prague/50.062637_14.459074_h180.jpg,prague,50.062637,14.459074,180,2024-03,streetview
data/images/prague/50.062637_14.459074_h270.jpg,prague,50.062637,14.459074,270,2024-03,streetview
data/images/prague/50.042156_14.400284_h0.jpg,prague,50.042156,14.400284,0,2025-08,streetview
data/images/prague/50.042156_14.400284_h90.jpg,prague,50.042156,14.400284,90,2025-08,streetview
data/images/prague/50.042156_14.400284_h180.jpg,prague,50.042156,14.400284,180,2025-08,streetview
data/images/prague/50.042156_14.400284_h270.jpg,prague,50.042156,14.400284,270,2025-08,streetview
data/images/prague/50.107912_14.475976_h0.jpg,prague,50.107912,14.475976,0,2019-07,streetview
data/images/prague/50.107912_14.475976_h90.jpg,prague,50.107912,14.475976,90,2019-07,streetview
data/images/prague/50.107912_14.475976_h180.jpg,prague,50.107912,14.475976,180,2019-07,streetview
data/images/prague/50.107912_14.475976_h270.jpg,prague,50.107912,14.475976,270,2019-07,streetview
data/images/prague/50.051858_14.457373_h0.jpg,prague,50.051858,14.457373,0,2019-07,streetview
data/images/prague/50.051858_14.457373_h90.jpg,prague,50.051858,14.457373,90,2019-07,streetview
data/images/prague/50.051858_14.457373_h180.jpg,prague,50.051858,14.457373,180,2019-07,streetview
data/images/prague/50.051858_14.457373_h270.jpg,prague,50.051858,14.457373,270,2019-07,streetview
data/images/prague/50.084197_14.430559_h0.jpg,prague,50.084197,14.430559,0,2025-09,streetview
data/images/prague/50.084197_14.430559_h90.jpg,prague,50.084197,14.430559,90,2025-09,streetview
data/images/prague/50.084197_14.430559_h180.jpg,prague,50.084197,14.430559,180,2025-09,streetview
data/images/prague/50.084197_14.430559_h270.jpg,prague,50.084197,14.430559,270,2025-09,streetview
data/images/prague/50.071261_14.462451_h0.jpg,prague,50.071261,14.462451,0,2023-02,streetview
data/images/prague/50.071261_14.462451_h90.jpg,prague,50.071261,14.462451,90,2023-02,streetview
data/images/prague/50.071261_14.462451_h180.jpg,prague,50.071261,14.462451,180,2023-02,streetview
data/images/prague/50.071261_14.462451_h270.jpg,prague,50.071261,14.462451,270,2023-02,streetview
data/images/prague/50.073417_14.445659_h0.jpg,prague,50.073417,14.445659,0,2025-09,streetview
data/images/prague/50.073417_14.445659_h90.jpg,prague,50.073417,14.445659,90,2025-09,streetview
data/images/prague/50.073417_14.445659_h180.jpg,prague,50.073417,14.445659,180,2025-09,streetview
data/images/prague/50.073417_14.445659_h270.jpg,prague,50.073417,14.445659,270,2025-09,streetview
data/images/prague/50.1036_14.454117_h0.jpg,prague,50.1036,14.454117,0,2025-09,streetview
data/images/prague/50.1036_14.454117_h90.jpg,prague,50.1036,14.454117,90,2025-09,streetview
data/images/prague/50.1036_14.454117_h180.jpg,prague,50.1036,14.454117,180,2025-09,streetview
data/images/prague/50.1036_14.454117_h270.jpg,prague,50.1036,14.454117,270,2025-09,streetview
data/images/prague/50.094977_14.395287_h0.jpg,prague,50.094977,14.395287,0,2024-09,streetview
data/images/prague/50.094977_14.395287_h90.jpg,prague,50.094977,14.395287,90,2024-09,streetview
data/images/prague/50.094977_14.395287_h180.jpg,prague,50.094977,14.395287,180,2024-09,streetview
data/images/prague/50.094977_14.395287_h270.jpg,prague,50.094977,14.395287,270,2024-09,streetview
data/images/prague/50.088509_14.459127_h0.jpg,prague,50.088509,14.459127,0,2025-09,streetview
data/images/prague/50.088509_14.459127_h90.jpg,prague,50.088509,14.459127,90,2025-09,streetview
data/images/prague/50.088509_14.459127_h180.jpg,prague,50.088509,14.459127,180,2025-09,streetview
data/images/prague/50.088509_14.459127_h270.jpg,prague,50.088509,14.459127,270,2025-09,streetview
data/images/prague/50.070183_14.365038_h0.jpg,prague,50.070183,14.365038,0,2025-08,streetview
data/images/prague/50.070183_14.365038_h90.jpg,prague,50.070183,14.365038,90,2025-08,streetview
data/images/prague/50.070183_14.365038_h180.jpg,prague,50.070183,14.365038,180,2025-08,streetview
data/images/prague/50.070183_14.365038_h270.jpg,prague,50.070183,14.365038,270,2025-08,streetview
data/images/prague/50.097133_14.396969_h0.jpg,prague,50.097133,14.396969,0,2024-05,streetview
data/images/prague/50.097133_14.396969_h90.jpg,prague,50.097133,14.396969,90,2024-05,streetview
data/images/prague/50.097133_14.396969_h180.jpg,prague,50.097133,14.396969,180,2024-05,streetview
data/images/prague/50.097133_14.396969_h270.jpg,prague,50.097133,14.396969,270,2024-05,streetview
data/images/prague/50.063715_14.370076_h0.jpg,prague,50.063715,14.370076,0,2025-08,streetview
data/images/prague/50.063715_14.370076_h90.jpg,prague,50.063715,14.370076,90,2025-08,streetview
data/images/prague/50.063715_14.370076_h180.jpg,prague,50.063715,14.370076,180,2025-08,streetview
data/images/prague/50.063715_14.370076_h270.jpg,prague,50.063715,14.370076,270,2025-08,streetview
data/images/prague/50.065871_14.370076_h0.jpg,prague,50.065871,14.370076,0,2025-08,streetview
data/images/prague/50.065871_14.370076_h90.jpg,prague,50.065871,14.370076,90,2025-08,streetview
data/images/prague/50.065871_14.370076_h180.jpg,prague,50.065871,14.370076,180,2025-08,streetview
data/images/prague/50.065871_14.370076_h270.jpg,prague,50.065871,14.370076,270,2025-08,streetview
data/images/prague/50.1036_14.465881_h0.jpg,prague,50.1036,14.465881,0,2025-09,streetview
data/images/prague/50.1036_14.465881_h90.jpg,prague,50.1036,14.465881,90,2025-09,streetview
data/images/prague/50.1036_14.465881_h180.jpg,prague,50.1036,14.465881,180,2025-09,streetview
data/images/prague/50.1036_14.465881_h270.jpg,prague,50.1036,14.465881,270,2025-09,streetview
data/images/prague/50.068027_14.449009_h0.jpg,prague,50.068027,14.449009,0,2020-07,streetview
data/images/prague/50.068027_14.449009_h90.jpg,prague,50.068027,14.449009,90,2020-07,streetview
data/images/prague/50.068027_14.449009_h180.jpg,prague,50.068027,14.449009,180,2020-07,streetview
data/images/prague/50.068027_14.449009_h270.jpg,prague,50.068027,14.449009,270,2020-07,streetview
data/images/prague/50.086353_14.36168_h0.jpg,prague,50.086353,14.36168,0,2025-09,streetview
data/images/prague/50.086353_14.36168_h90.jpg,prague,50.086353,14.36168,90,2025-09,streetview
data/images/prague/50.086353_14.36168_h180.jpg,prague,50.086353,14.36168,180,2025-09,streetview
data/images/prague/50.086353_14.36168_h270.jpg,prague,50.086353,14.36168,270,2025-09,streetview
data/images/prague/50.086353_14.452403_h0.jpg,prague,50.086353,14.452403,0,2024-05,streetview
data/images/prague/50.086353_14.452403_h90.jpg,prague,50.086353,14.452403,90,2024-05,streetview
data/images/prague/50.086353_14.452403_h180.jpg,prague,50.086353,14.452403,180,2024-05,streetview
data/images/prague/50.086353_14.452403_h270.jpg,prague,50.086353,14.452403,270,2024-05,streetview
data/images/prague/50.094977_14.380164_h0.jpg,prague,50.094977,14.380164,0,2019-06,streetview
data/images/prague/50.094977_14.380164_h90.jpg,prague,50.094977,14.380164,90,2019-06,streetview
data/images/prague/50.094977_14.380164_h180.jpg,prague,50.094977,14.380164,180,2019-06,streetview
data/images/prague/50.094977_14.380164_h270.jpg,prague,50.094977,14.380164,270,2019-06,streetview
data/images/prague/50.05617_14.373432_h0.jpg,prague,50.05617,14.373432,0,2025-08,streetview
data/images/prague/50.05617_14.373432_h90.jpg,prague,50.05617,14.373432,90,2025-08,streetview
data/images/prague/50.05617_14.373432_h180.jpg,prague,50.05617,14.373432,180,2025-08,streetview
data/images/prague/50.05617_14.373432_h270.jpg,prague,50.05617,14.373432,270,2025-08,streetview
data/images/prague/50.064793_14.376793_h0.jpg,prague,50.064793,14.376793,0,2019-09,streetview
data/images/prague/50.064793_14.376793_h90.jpg,prague,50.064793,14.376793,90,2019-09,streetview
data/images/prague/50.064793_14.376793_h180.jpg,prague,50.064793,14.376793,180,2019-09,streetview
data/images/prague/50.064793_14.376793_h270.jpg,prague,50.064793,14.376793,270,2019-09,streetview
data/images/prague/50.084197_14.403679_h0.jpg,prague,50.084197,14.403679,0,2025-09,streetview
data/images/prague/50.084197_14.403679_h90.jpg,prague,50.084197,14.403679,90,2025-09,streetview
data/images/prague/50.084197_14.403679_h180.jpg,prague,50.084197,14.403679,180,2025-09,streetview
data/images/prague/50.084197_14.403679_h270.jpg,prague,50.084197,14.403679,270,2025-09,streetview
data/images/prague/50.054014_14.450661_h0.jpg,prague,50.054014,14.450661,0,2025-09,streetview
data/images/prague/50.054014_14.450661_h90.jpg,prague,50.054014,14.450661,90,2025-09,streetview
data/images/prague/50.054014_14.450661_h180.jpg,prague,50.054014,14.450661,180,2025-09,streetview
data/images/prague/50.054014_14.450661_h270.jpg,prague,50.054014,14.450661,270,2025-09,streetview
data/images/prague/50.049702_14.454011_h0.jpg,prague,50.049702,14.454011,0,2024-05,streetview
data/images/prague/50.049702_14.454011_h90.jpg,prague,50.049702,14.454011,90,2024-05,streetview
data/images/prague/50.049702_14.454011_h180.jpg,prague,50.049702,14.454011,180,2024-05,streetview
data/images/prague/50.049702_14.454011_h270.jpg,prague,50.049702,14.454011,270,2024-05,streetview
data/images/prague/50.041078_14.396926_h0.jpg,prague,50.041078,14.396926,0,2022-12,streetview
data/images/prague/50.041078_14.396926_h90.jpg,prague,50.041078,14.396926,90,2022-12,streetview
data/images/prague/50.041078_14.396926_h180.jpg,prague,50.041078,14.396926,180,2022-12,streetview
data/images/prague/50.041078_14.396926_h270.jpg,prague,50.041078,14.396926,270,2022-12,streetview
data/images/prague/50.060481_14.375112_h0.jpg,prague,50.060481,14.375112,0,2024-05,streetview
data/images/prague/50.060481_14.375112_h90.jpg,prague,50.060481,14.375112,90,2024-05,streetview
data/images/prague/50.060481_14.375112_h180.jpg,prague,50.060481,14.375112,180,2024-05,streetview
data/images/prague/50.060481_14.375112_h270.jpg,prague,50.060481,14.375112,270,2024-05,streetview
data/images/prague/50.059404_14.427164_h0.jpg,prague,50.059404,14.427164,0,2018-12,streetview
data/images/prague/50.059404_14.427164_h90.jpg,prague,50.059404,14.427164,90,2018-12,streetview
data/images/prague/50.059404_14.427164_h180.jpg,prague,50.059404,14.427164,180,2018-12,streetview
data/images/prague/50.059404_14.427164_h270.jpg,prague,50.059404,14.427164,270,2018-12,streetview
data/images/prague/50.068027_14.398626_h0.jpg,prague,50.068027,14.398626,0,2024-05,streetview
data/images/prague/50.068027_14.398626_h90.jpg,prague,50.068027,14.398626,90,2024-05,streetview
data/images/prague/50.068027_14.398626_h180.jpg,prague,50.068027,14.398626,180,2024-05,streetview
data/images/prague/50.068027_14.398626_h270.jpg,prague,50.068027,14.398626,270,2024-05,streetview
data/images/prague/50.091743_14.405366_h0.jpg,prague,50.091743,14.405366,0,2023-02,streetview
data/images/prague/50.091743_14.405366_h90.jpg,prague,50.091743,14.405366,90,2023-02,streetview
data/images/prague/50.091743_14.405366_h180.jpg,prague,50.091743,14.405366,180,2023-02,streetview
data/images/prague/50.091743_14.405366_h270.jpg,prague,50.091743,14.405366,270,2023-02,streetview
data/images/prague/50.089587_14.396964_h0.jpg,prague,50.089587,14.396964,0,2018-05,streetview
data/images/prague/50.089587_14.396964_h90.jpg,prague,50.089587,14.396964,90,2018-05,streetview
data/images/prague/50.089587_14.396964_h180.jpg,prague,50.089587,14.396964,180,2018-05,streetview
data/images/prague/50.089587_14.396964_h270.jpg,prague,50.089587,14.396964,270,2018-05,streetview
data/images/prague/50.070183_14.366718_h0.jpg,prague,50.070183,14.366718,0,2025-09,streetview
data/images/prague/50.070183_14.366718_h90.jpg,prague,50.070183,14.366718,90,2025-09,streetview
data/images/prague/50.070183_14.366718_h180.jpg,prague,50.070183,14.366718,180,2025-09,streetview
data/images/prague/50.070183_14.366718_h270.jpg,prague,50.070183,14.366718,270,2025-09,streetview
data/images/prague/50.087431_14.425523_h0.jpg,prague,50.087431,14.425523,0,2018-02,streetview
data/images/prague/50.087431_14.425523_h90.jpg,prague,50.087431,14.425523,90,2018-02,streetview
data/images/prague/50.087431_14.425523_h180.jpg,prague,50.087431,14.425523,180,2018-02,streetview
data/images/prague/50.087431_14.425523_h270.jpg,prague,50.087431,14.425523,270,2018-02,streetview
data/images/prague/50.083119_14.460796_h0.jpg,prague,50.083119,14.460796,0,2025-08,streetview
data/images/prague/50.083119_14.460796_h90.jpg,prague,50.083119,14.460796,90,2025-08,streetview
data/images/prague/50.083119_14.460796_h180.jpg,prague,50.083119,14.460796,180,2025-08,streetview
data/images/prague/50.083119_14.460796_h270.jpg,prague,50.083119,14.460796,270,2025-08,streetview
data/images/prague/50.043234_14.41707_h0.jpg,prague,50.043234,14.41707,0,2025-08,streetview
data/images/prague/50.043234_14.41707_h90.jpg,prague,50.043234,14.41707,90,2025-08,streetview
data/images/prague/50.043234_14.41707_h180.jpg,prague,50.043234,14.41707,180,2025-08,streetview
data/images/prague/50.043234_14.41707_h270.jpg,prague,50.043234,14.41707,270,2025-08,streetview
data/images/prague/50.091743_14.422169_h0.jpg,prague,50.091743,14.422169,0,2025-09,streetview
data/images/prague/50.091743_14.422169_h90.jpg,prague,50.091743,14.422169,90,2025-09,streetview
data/images/prague/50.091743_14.422169_h180.jpg,prague,50.091743,14.422169,180,2025-09,streetview
data/images/prague/50.091743_14.422169_h270.jpg,prague,50.091743,14.422169,270,2025-09,streetview
data/images/prague/50.093899_14.464179_h0.jpg,prague,50.093899,14.464179,0,2025-09,streetview
data/images/prague/50.093899_14.464179_h90.jpg,prague,50.093899,14.464179,90,2025-09,streetview
data/images/prague/50.093899_14.464179_h180.jpg,prague,50.093899,14.464179,180,2025-09,streetview
data/images/prague/50.093899_14.464179_h270.jpg,prague,50.093899,14.464179,270,2025-09,streetview
data/images/prague/50.086353_14.3768_h0.jpg,prague,50.086353,14.3768,0,2025-09,streetview
data/images/prague/50.086353_14.3768_h90.jpg,prague,50.086353,14.3768,90,2025-09,streetview
data/images/prague/50.086353_14.3768_h180.jpg,prague,50.086353,14.3768,180,2025-09,streetview
data/images/prague/50.086353_14.3768_h270.jpg,prague,50.086353,14.3768,270,2025-09,streetview
data/images/prague/50.092821_14.442333_h0.jpg,prague,50.092821,14.442333,0,2025-04,streetview
data/images/prague/50.092821_14.442333_h90.jpg,prague,50.092821,14.442333,90,2025-04,streetview
data/images/prague/50.092821_14.442333_h180.jpg,prague,50.092821,14.442333,180,2025-04,streetview
data/images/prague/50.092821_14.442333_h270.jpg,prague,50.092821,14.442333,270,2025-04,streetview
data/images/prague/50.104678_14.38521_h0.jpg,prague,50.104678,14.38521,0,2024-05,streetview
data/images/prague/50.104678_14.38521_h90.jpg,prague,50.104678,14.38521,90,2024-05,streetview
data/images/prague/50.104678_14.38521_h180.jpg,prague,50.104678,14.38521,180,2024-05,streetview
data/images/prague/50.104678_14.38521_h270.jpg,prague,50.104678,14.38521,270,2024-05,streetview
data/images/prague/50.058326_14.475856_h0.jpg,prague,50.058326,14.475856,0,2024-05,streetview
data/images/prague/50.058326_14.475856_h90.jpg,prague,50.058326,14.475856,90,2024-05,streetview
data/images/prague/50.058326_14.475856_h180.jpg,prague,50.058326,14.475856,180,2024-05,streetview
data/images/prague/50.058326_14.475856_h270.jpg,prague,50.058326,14.475856,270,2024-05,streetview
data/images/prague/50.104678_14.479329_h0.jpg,prague,50.104678,14.479329,0,2019-07,streetview
data/images/prague/50.104678_14.479329_h90.jpg,prague,50.104678,14.479329,90,2019-07,streetview
data/images/prague/50.104678_14.479329_h180.jpg,prague,50.104678,14.479329,180,2019-07,streetview
data/images/prague/50.104678_14.479329_h270.jpg,prague,50.104678,14.479329,270,2019-07,streetview
data/images/prague/50.088509_14.418804_h0.jpg,prague,50.088509,14.418804,0,2022-02,streetview
data/images/prague/50.088509_14.418804_h90.jpg,prague,50.088509,14.418804,90,2022-02,streetview
data/images/prague/50.088509_14.418804_h180.jpg,prague,50.088509,14.418804,180,2022-02,streetview
data/images/prague/50.088509_14.418804_h270.jpg,prague,50.088509,14.418804,270,2022-02,streetview
data/images/prague/50.05617_14.413728_h0.jpg,prague,50.05617,14.413728,0,2024-05,streetview
data/images/prague/50.05617_14.413728_h90.jpg,prague,50.05617,14.413728,90,2024-05,streetview
data/images/prague/50.05617_14.413728_h180.jpg,prague,50.05617,14.413728,180,2024-05,streetview
data/images/prague/50.05617_14.413728_h270.jpg,prague,50.05617,14.413728,270,2024-05,streetview
data/images/prague/50.1036_14.398655_h0.jpg,prague,50.1036,14.398655,0,2025-09,streetview
data/images/prague/50.1036_14.398655_h90.jpg,prague,50.1036,14.398655,90,2025-09,streetview
data/images/prague/50.1036_14.398655_h180.jpg,prague,50.1036,14.398655,180,2025-09,streetview
data/images/prague/50.1036_14.398655_h270.jpg,prague,50.1036,14.398655,270,2025-09,streetview
data/images/prague/50.105756_14.435633_h0.jpg,prague,50.105756,14.435633,0,2025-09,streetview
data/images/prague/50.105756_14.435633_h90.jpg,prague,50.105756,14.435633,90,2025-09,streetview
data/images/prague/50.105756_14.435633_h180.jpg,prague,50.105756,14.435633,180,2025-09,streetview
data/images/prague/50.105756_14.435633_h270.jpg,prague,50.105756,14.435633,270,2025-09,streetview
data/images/prague/50.064793_14.405341_h0.jpg,prague,50.064793,14.405341,0,2020-10,streetview
data/images/prague/50.064793_14.405341_h90.jpg,prague,50.064793,14.405341,90,2020-10,streetview
data/images/prague/50.064793_14.405341_h180.jpg,prague,50.064793,14.405341,180,2020-10,streetview
data/images/prague/50.064793_14.405341_h270.jpg,prague,50.064793,14.405341,270,2020-10,streetview
data/images/prague/50.041078_14.391891_h0.jpg,prague,50.041078,14.391891,0,2024-05,streetview
data/images/prague/50.041078_14.391891_h90.jpg,prague,50.041078,14.391891,90,2024-05,streetview
data/images/prague/50.041078_14.391891_h180.jpg,prague,50.041078,14.391891,180,2024-05,streetview
data/images/prague/50.041078_14.391891_h270.jpg,prague,50.041078,14.391891,270,2024-05,streetview
data/images/prague/50.092821_14.428891_h0.jpg,prague,50.092821,14.428891,0,2024-09,streetview
data/images/prague/50.092821_14.428891_h90.jpg,prague,50.092821,14.428891,90,2024-09,streetview
data/images/prague/50.092821_14.428891_h180.jpg,prague,50.092821,14.428891,180,2024-09,streetview
data/images/prague/50.092821_14.428891_h270.jpg,prague,50.092821,14.428891,270,2024-09,streetview
data/images/prague/50.041078_14.398605_h0.jpg,prague,50.041078,14.398605,0,2025-09,streetview
data/images/prague/50.041078_14.398605_h90.jpg,prague,50.041078,14.398605,90,2025-09,streetview
data/images/prague/50.041078_14.398605_h180.jpg,prague,50.041078,14.398605,180,2025-09,streetview
data/images/prague/50.041078_14.398605_h270.jpg,prague,50.041078,14.398605,270,2025-09,streetview
data/images/prague/50.089587_14.412085_h0.jpg,prague,50.089587,14.412085,0,2019-10,streetview
data/images/prague/50.089587_14.412085_h90.jpg,prague,50.089587,14.412085,90,2019-10,streetview
data/images/prague/50.089587_14.412085_h180.jpg,prague,50.089587,14.412085,180,2019-10,streetview
data/images/prague/50.089587_14.412085_h270.jpg,prague,50.089587,14.412085,270,2019-10,streetview
data/images/prague/50.04_14.467419_h0.jpg,prague,50.04,14.467419,0,2025-09,streetview
data/images/prague/50.04_14.467419_h90.jpg,prague,50.04,14.467419,90,2025-09,streetview
data/images/prague/50.04_14.467419_h180.jpg,prague,50.04,14.467419,180,2025-09,streetview
data/images/prague/50.04_14.467419_h270.jpg,prague,50.04,14.467419,270,2025-09,streetview
data/images/prague/50.041078_14.438888_h0.jpg,prague,50.041078,14.438888,0,2019-08,streetview
data/images/prague/50.041078_14.438888_h90.jpg,prague,50.041078,14.438888,90,2019-08,streetview
data/images/prague/50.041078_14.438888_h180.jpg,prague,50.041078,14.438888,180,2019-08,streetview
data/images/prague/50.041078_14.438888_h270.jpg,prague,50.041078,14.438888,270,2019-08,streetview
data/images/prague/50.075573_14.427187_h0.jpg,prague,50.075573,14.427187,0,2024-09,streetview
data/images/prague/50.075573_14.427187_h90.jpg,prague,50.075573,14.427187,90,2024-09,streetview
data/images/prague/50.075573_14.427187_h180.jpg,prague,50.075573,14.427187,180,2024-09,streetview
data/images/prague/50.075573_14.427187_h270.jpg,prague,50.075573,14.427187,270,2024-09,streetview
data/images/prague/50.090665_14.375122_h0.jpg,prague,50.090665,14.375122,0,2025-09,streetview
data/images/prague/50.090665_14.375122_h90.jpg,prague,50.090665,14.375122,90,2025-09,streetview
data/images/prague/50.090665_14.375122_h180.jpg,prague,50.090665,14.375122,180,2025-09,streetview
data/images/prague/50.090665_14.375122_h270.jpg,prague,50.090665,14.375122,270,2025-09,streetview
data/images/prague/50.098211_14.430579_h0.jpg,prague,50.098211,14.430579,0,2019-08,streetview
data/images/prague/50.098211_14.430579_h90.jpg,prague,50.098211,14.430579,90,2019-08,streetview
data/images/prague/50.098211_14.430579_h180.jpg,prague,50.098211,14.430579,180,2019-08,streetview
data/images/prague/50.098211_14.430579_h270.jpg,prague,50.098211,14.430579,270,2019-08,streetview
data/images/prague/50.051858_14.361679_h0.jpg,prague,50.051858,14.361679,0,2024-05,streetview
data/images/prague/50.051858_14.361679_h90.jpg,prague,50.051858,14.361679,90,2024-05,streetview
data/images/prague/50.051858_14.361679_h180.jpg,prague,50.051858,14.361679,180,2024-05,streetview
data/images/prague/50.051858_14.361679_h270.jpg,prague,50.051858,14.361679,270,2024-05,streetview
data/images/prague/50.098211_14.373444_h0.jpg,prague,50.098211,14.373444,0,2025-09,streetview
data/images/prague/50.098211_14.373444_h90.jpg,prague,50.098211,14.373444,90,2025-09,streetview
data/images/prague/50.098211_14.373444_h180.jpg,prague,50.098211,14.373444,180,2025-09,streetview
data/images/prague/50.098211_14.373444_h270.jpg,prague,50.098211,14.373444,270,2025-09,streetview
data/images/prague/50.059404_14.440597_h0.jpg,prague,50.059404,14.440597,0,2024-02,streetview
data/images/prague/50.059404_14.440597_h90.jpg,prague,50.059404,14.440597,90,2024-02,streetview
data/images/prague/50.059404_14.440597_h180.jpg,prague,50.059404,14.440597,180,2024-02,streetview
data/images/prague/50.059404_14.440597_h270.jpg,prague,50.059404,14.440597,270,2024-02,streetview
data/images/prague/50.092821_14.435612_h0.jpg,prague,50.092821,14.435612,0,2025-09,streetview
data/images/prague/50.092821_14.435612_h90.jpg,prague,50.092821,14.435612,90,2025-09,streetview
data/images/prague/50.092821_14.435612_h180.jpg,prague,50.092821,14.435612,180,2025-09,streetview
data/images/prague/50.092821_14.435612_h270.jpg,prague,50.092821,14.435612,270,2025-09,streetview
data/images/prague/50.073417_14.405349_h0.jpg,prague,50.073417,14.405349,0,2021-02,streetview
data/images/prague/50.073417_14.405349_h90.jpg,prague,50.073417,14.405349,90,2021-02,streetview
data/images/prague/50.073417_14.405349_h180.jpg,prague,50.073417,14.405349,180,2021-02,streetview
data/images/prague/50.073417_14.405349_h270.jpg,prague,50.073417,14.405349,270,2021-02,streetview
data/images/prague/50.107912_14.390254_h0.jpg,prague,50.107912,14.390254,0,2025-09,streetview
data/images/prague/50.107912_14.390254_h90.jpg,prague,50.107912,14.390254,90,2025-09,streetview
data/images/prague/50.107912_14.390254_h180.jpg,prague,50.107912,14.390254,180,2025-09,streetview
data/images/prague/50.107912_14.390254_h270.jpg,prague,50.107912,14.390254,270,2025-09,streetview
data/images/prague/50.070183_14.39359_h0.jpg,prague,50.070183,14.39359,0,2024-05,streetview
data/images/prague/50.070183_14.39359_h90.jpg,prague,50.070183,14.39359,90,2024-05,streetview
data/images/prague/50.070183_14.39359_h180.jpg,prague,50.070183,14.39359,180,2024-05,streetview
data/images/prague/50.070183_14.39359_h270.jpg,prague,50.070183,14.39359,270,2024-05,streetview
data/images/prague/50.094977_14.437296_h0.jpg,prague,50.094977,14.437296,0,2024-10,streetview
data/images/prague/50.094977_14.437296_h90.jpg,prague,50.094977,14.437296,90,2024-10,streetview
data/images/prague/50.094977_14.437296_h180.jpg,prague,50.094977,14.437296,180,2024-10,streetview
data/images/prague/50.094977_14.437296_h270.jpg,prague,50.094977,14.437296,270,2024-10,streetview
data/images/prague/50.079885_14.418794_h0.jpg,prague,50.079885,14.418794,0,2024-12,streetview
data/images/prague/50.079885_14.418794_h90.jpg,prague,50.079885,14.418794,90,2024-12,streetview
data/images/prague/50.079885_14.418794_h180.jpg,prague,50.079885,14.418794,180,2024-12,streetview
data/images/prague/50.079885_14.418794_h270.jpg,prague,50.079885,14.418794,270,2024-12,streetview
data/images/prague/50.084197_14.37512_h0.jpg,prague,50.084197,14.37512,0,2024-05,streetview
data/images/prague/50.084197_14.37512_h90.jpg,prague,50.084197,14.37512,90,2024-05,streetview
data/images/prague/50.084197_14.37512_h180.jpg,prague,50.084197,14.37512,180,2024-05,streetview
data/images/prague/50.084197_14.37512_h270.jpg,prague,50.084197,14.37512,270,2024-05,streetview
data/images/prague/50.089587_14.440648_h0.jpg,prague,50.089587,14.440648,0,2023-06,streetview
data/images/prague/50.089587_14.440648_h90.jpg,prague,50.089587,14.440648,90,2023-06,streetview
data/images/prague/50.089587_14.440648_h180.jpg,prague,50.089587,14.440648,180,2023-06,streetview
data/images/prague/50.089587_14.440648_h270.jpg,prague,50.089587,14.440648,270,2023-06,streetview
data/images/prague/50.078807_14.410394_h0.jpg,prague,50.078807,14.410394,0,2021-08,streetview
data/images/prague/50.078807_14.410394_h90.jpg,prague,50.078807,14.410394,90,2021-08,streetview
data/images/prague/50.078807_14.410394_h180.jpg,prague,50.078807,14.410394,180,2021-08,streetview
data/images/prague/50.078807_14.410394_h270.jpg,prague,50.078807,14.410394,270,2021-08,streetview
data/images/prague/50.04_14.447278_h0.jpg,prague,50.04,14.447278,0,2025-09,streetview
data/images/prague/50.04_14.447278_h90.jpg,prague,50.04,14.447278,90,2025-09,streetview
data/images/prague/50.04_14.447278_h180.jpg,prague,50.04,14.447278,180,2025-09,streetview
data/images/prague/50.04_14.447278_h270.jpg,prague,50.04,14.447278,270,2025-09,streetview
data/images/prague/50.05617_14.462418_h0.jpg,prague,50.05617,14.462418,0,2019-07,streetview
data/images/prague/50.05617_14.462418_h90.jpg,prague,50.05617,14.462418,90,2019-07,streetview
data/images/prague/50.05617_14.462418_h180.jpg,prague,50.05617,14.462418,180,2019-07,streetview
data/images/prague/50.05617_14.462418_h270.jpg,prague,50.05617,14.462418,270,2019-07,streetview
data/images/prague/50.04539_14.407001_h0.jpg,prague,50.04539,14.407001,0,2025-08,streetview
data/images/prague/50.04539_14.407001_h90.jpg,prague,50.04539,14.407001,90,2025-08,streetview
data/images/prague/50.04539_14.407001_h180.jpg,prague,50.04539,14.407001,180,2025-08,streetview
data/images/prague/50.04539_14.407001_h270.jpg,prague,50.04539,14.407001,270,2025-08,streetview
data/images/prague/50.083119_14.373439_h0.jpg,prague,50.083119,14.373439,0,2025-09,streetview
data/images/prague/50.083119_14.373439_h90.jpg,prague,50.083119,14.373439,90,2025-09,streetview
data/images/prague/50.083119_14.373439_h180.jpg,prague,50.083119,14.373439,180,2025-09,streetview
data/images/prague/50.083119_14.373439_h270.jpg,prague,50.083119,14.373439,270,2025-09,streetview
data/images/prague/50.074495_14.396952_h0.jpg,prague,50.074495,14.396952,0,2019-06,streetview
data/images/prague/50.074495_14.396952_h90.jpg,prague,50.074495,14.396952,90,2019-06,streetview
data/images/prague/50.074495_14.396952_h180.jpg,prague,50.074495,14.396952,180,2019-06,streetview
data/images/prague/50.074495_14.396952_h270.jpg,prague,50.074495,14.396952,270,2019-06,streetview
data/images/prague/50.102522_14.437308_h0.jpg,prague,50.102522,14.437308,0,2019-07,streetview
data/images/prague/50.102522_14.437308_h90.jpg,prague,50.102522,14.437308,90,2019-07,streetview
data/images/prague/50.102522_14.437308_h180.jpg,prague,50.102522,14.437308,180,2019-07,streetview
data/images/prague/50.102522_14.437308_h270.jpg,prague,50.102522,14.437308,270,2019-07,streetview
data/images/prague/50.107912_14.363362_h0.jpg,prague,50.107912,14.363362,0,2024-05,streetview
data/images/prague/50.107912_14.363362_h90.jpg,prague,50.107912,14.363362,90,2024-05,streetview
data/images/prague/50.107912_14.363362_h180.jpg,prague,50.107912,14.363362,180,2024-05,streetview
data/images/prague/50.107912_14.363362_h270.jpg,prague,50.107912,14.363362,270,2024-05,streetview
data/images/prague/50.079885_14.36168_h0.jpg,prague,50.079885,14.36168,0,2025-09,streetview
data/images/prague/50.079885_14.36168_h90.jpg,prague,50.079885,14.36168,90,2025-09,streetview
data/images/prague/50.079885_14.36168_h180.jpg,prague,50.079885,14.36168,180,2025-09,streetview
data/images/prague/50.079885_14.36168_h270.jpg,prague,50.079885,14.36168,270,2025-09,streetview
data/images/prague/50.076651_14.445665_h0.jpg,prague,50.076651,14.445665,0,2023-01,streetview
data/images/prague/50.076651_14.445665_h90.jpg,prague,50.076651,14.445665,90,2023-01,streetview
data/images/prague/50.076651_14.445665_h180.jpg,prague,50.076651,14.445665,180,2023-01,streetview
data/images/prague/50.076651_14.445665_h270.jpg,prague,50.076651,14.445665,270,2023-01,streetview
data/images/prague/50.077729_14.469184_h0.jpg,prague,50.077729,14.469184,0,2025-08,streetview
data/images/prague/50.077729_14.469184_h90.jpg,prague,50.077729,14.469184,90,2025-08,streetview
data/images/prague/50.077729_14.469184_h180.jpg,prague,50.077729,14.469184,180,2025-08,streetview
data/images/prague/50.077729_14.469184_h270.jpg,prague,50.077729,14.469184,270,2025-08,streetview
data/images/prague/50.055092_14.368395_h0.jpg,prague,50.055092,14.368395,0,2025-08,streetview
data/images/prague/50.055092_14.368395_h90.jpg,prague,50.055092,14.368395,90,2025-08,streetview
data/images/prague/50.055092_14.368395_h180.jpg,prague,50.055092,14.368395,180,2025-08,streetview
data/images/prague/50.055092_14.368395_h270.jpg,prague,50.055092,14.368395,270,2025-08,streetview
data/images/prague/50.041078_14.465743_h0.jpg,prague,50.041078,14.465743,0,2024-06,streetview
data/images/prague/50.041078_14.465743_h90.jpg,prague,50.041078,14.465743,90,2024-06,streetview
data/images/prague/50.041078_14.465743_h180.jpg,prague,50.041078,14.465743,180,2024-06,streetview
data/images/prague/50.041078_14.465743_h270.jpg,prague,50.041078,14.465743,270,2024-06,streetview
data/images/prague/50.049702_14.440581_h0.jpg,prague,50.049702,14.440581,0,2025-09,streetview
data/images/prague/50.049702_14.440581_h90.jpg,prague,50.049702,14.440581,90,2025-09,streetview
data/images/prague/50.049702_14.440581_h180.jpg,prague,50.049702,14.440581,180,2025-09,streetview
data/images/prague/50.049702_14.440581_h270.jpg,prague,50.049702,14.440581,270,2025-09,streetview
data/images/prague/50.1036_14.380168_h0.jpg,prague,50.1036,14.380168,0,2025-09,streetview
data/images/prague/50.1036_14.380168_h90.jpg,prague,50.1036,14.380168,90,2025-09,streetview
data/images/prague/50.1036_14.380168_h180.jpg,prague,50.1036,14.380168,180,2025-09,streetview
data/images/prague/50.1036_14.380168_h270.jpg,prague,50.1036,14.380168,270,2025-09,streetview
data/images/prague/50.068027_14.410382_h0.jpg,prague,50.068027,14.410382,0,2025-09,streetview
data/images/prague/50.068027_14.410382_h90.jpg,prague,50.068027,14.410382,90,2025-09,streetview
data/images/prague/50.068027_14.410382_h180.jpg,prague,50.068027,14.410382,180,2025-09,streetview
data/images/prague/50.068027_14.410382_h270.jpg,prague,50.068027,14.410382,270,2025-09,streetview
data/images/prague/50.071261_14.390231_h0.jpg,prague,50.071261,14.390231,0,2025-09,streetview
data/images/prague/50.071261_14.390231_h90.jpg,prague,50.071261,14.390231,90,2025-09,streetview
data/images/prague/50.071261_14.390231_h180.jpg,prague,50.071261,14.390231,180,2025-09,streetview
data/images/prague/50.071261_14.390231_h270.jpg,prague,50.071261,14.390231,270,2025-09,streetview
data/images/prague/50.051858_14.363358_h0.jpg,prague,50.051858,14.363358,0,2024-05,streetview
data/images/prague/50.051858_14.363358_h90.jpg,prague,50.051858,14.363358,90,2024-05,streetview
data/images/prague/50.051858_14.363358_h180.jpg,prague,50.051858,14.363358,180,2024-05,streetview
data/images/prague/50.051858_14.363358_h270.jpg,prague,50.051858,14.363358,270,2024-05,streetview
data/images/prague/50.097133_14.460826_h0.jpg,prague,50.097133,14.460826,0,2025-09,streetview
data/images/prague/50.097133_14.460826_h90.jpg,prague,50.097133,14.460826,90,2025-09,streetview
data/images/prague/50.097133_14.460826_h180.jpg,prague,50.097133,14.460826,180,2025-09,streetview
data/images/prague/50.097133_14.460826_h270.jpg,prague,50.097133,14.460826,270,2025-09,streetview
data/images/prague/50.082041_14.376799_h0.jpg,prague,50.082041,14.376799,0,2024-09,streetview
data/images/prague/50.082041_14.376799_h90.jpg,prague,50.082041,14.376799,90,2024-09,streetview
data/images/prague/50.082041_14.376799_h180.jpg,prague,50.082041,14.376799,180,2024-09,streetview
data/images/prague/50.082041_14.376799_h270.jpg,prague,50.082041,14.376799,270,2024-09,streetview
data/images/prague/50.062637_14.469149_h0.jpg,prague,50.062637,14.469149,0,2026-04,streetview
data/images/prague/50.062637_14.469149_h90.jpg,prague,50.062637,14.469149,90,2026-04,streetview
data/images/prague/50.062637_14.469149_h180.jpg,prague,50.062637,14.469149,180,2026-04,streetview
data/images/prague/50.062637_14.469149_h270.jpg,prague,50.062637,14.469149,270,2026-04,streetview
data/images/prague/50.076651_14.390235_h0.jpg,prague,50.076651,14.390235,0,2025-09,streetview
data/images/prague/50.076651_14.390235_h90.jpg,prague,50.076651,14.390235,90,2025-09,streetview
data/images/prague/50.076651_14.390235_h180.jpg,prague,50.076651,14.390235,180,2025-09,streetview
data/images/prague/50.076651_14.390235_h270.jpg,prague,50.076651,14.390235,270,2025-09,streetview
data/images/prague/50.091743_14.435611_h0.jpg,prague,50.091743,14.435611,0,2024-05,streetview
data/images/prague/50.091743_14.435611_h90.jpg,prague,50.091743,14.435611,90,2024-05,streetview
data/images/prague/50.091743_14.435611_h180.jpg,prague,50.091743,14.435611,180,2024-05,streetview
data/images/prague/50.091743_14.435611_h270.jpg,prague,50.091743,14.435611,270,2024-05,streetview
data/images/prague/50.041078_14.427139_h0.jpg,prague,50.041078,14.427139,0,2019-06,streetview
data/images/prague/50.041078_14.427139_h90.jpg,prague,50.041078,14.427139,90,2019-06,streetview
data/images/prague/50.041078_14.427139_h180.jpg,prague,50.041078,14.427139,180,2019-06,streetview
data/images/prague/50.041078_14.427139_h270.jpg,prague,50.041078,14.427139,270,2019-06,streetview
data/images/prague/50.055092_14.371753_h0.jpg,prague,50.055092,14.371753,0,2024-05,streetview
data/images/prague/50.055092_14.371753_h90.jpg,prague,50.055092,14.371753,90,2024-05,streetview
data/images/prague/50.055092_14.371753_h180.jpg,prague,50.055092,14.371753,180,2024-05,streetview
data/images/prague/50.055092_14.371753_h270.jpg,prague,50.055092,14.371753,270,2024-05,streetview
data/images/prague/50.041078_14.433852_h0.jpg,prague,50.041078,14.433852,0,2025-09,streetview
data/images/prague/50.041078_14.433852_h90.jpg,prague,50.041078,14.433852,90,2025-09,streetview
data/images/prague/50.041078_14.433852_h180.jpg,prague,50.041078,14.433852,180,2025-09,streetview
data/images/prague/50.041078_14.433852_h270.jpg,prague,50.041078,14.433852,270,2025-09,streetview
data/images/prague/50.048624_14.440579_h0.jpg,prague,50.048624,14.440579,0,2024-05,streetview
data/images/prague/50.048624_14.440579_h90.jpg,prague,50.048624,14.440579,90,2024-05,streetview
data/images/prague/50.048624_14.440579_h180.jpg,prague,50.048624,14.440579,180,2024-05,streetview
data/images/prague/50.048624_14.440579_h270.jpg,prague,50.048624,14.440579,270,2024-05,streetview
data/images/prague/50.051858_14.40365_h0.jpg,prague,50.051858,14.40365,0,2025-08,streetview
data/images/prague/50.051858_14.40365_h90.jpg,prague,50.051858,14.40365,90,2025-08,streetview
data/images/prague/50.051858_14.40365_h180.jpg,prague,50.051858,14.40365,180,2025-08,streetview
data/images/prague/50.051858_14.40365_h270.jpg,prague,50.051858,14.40365,270,2025-08,streetview
data/images/prague/50.064793_14.395265_h0.jpg,prague,50.064793,14.395265,0,2025-09,streetview
data/images/prague/50.064793_14.395265_h90.jpg,prague,50.064793,14.395265,90,2025-09,streetview
data/images/prague/50.064793_14.395265_h180.jpg,prague,50.064793,14.395265,180,2025-09,streetview
data/images/prague/50.064793_14.395265_h270.jpg,prague,50.064793,14.395265,270,2025-09,streetview
data/images/prague/50.063715_14.388547_h0.jpg,prague,50.063715,14.388547,0,2025-09,streetview
data/images/prague/50.063715_14.388547_h90.jpg,prague,50.063715,14.388547,90,2025-09,streetview
data/images/prague/50.063715_14.388547_h180.jpg,prague,50.063715,14.388547,180,2025-09,streetview
data/images/prague/50.063715_14.388547_h270.jpg,prague,50.063715,14.388547,270,2025-09,streetview
data/images/prague/50.086353_14.457443_h0.jpg,prague,50.086353,14.457443,0,2025-08,streetview
data/images/prague/50.086353_14.457443_h90.jpg,prague,50.086353,14.457443,90,2025-08,streetview
data/images/prague/50.086353_14.457443_h180.jpg,prague,50.086353,14.457443,180,2025-08,streetview
data/images/prague/50.086353_14.457443_h270.jpg,prague,50.086353,14.457443,270,2025-08,streetview
data/images/prague/50.087431_14.36504_h0.jpg,prague,50.087431,14.36504,0,2025-09,streetview
data/images/prague/50.087431_14.36504_h90.jpg,prague,50.087431,14.36504,90,2025-09,streetview
data/images/prague/50.087431_14.36504_h180.jpg,prague,50.087431,14.36504,180,2025-09,streetview
data/images/prague/50.087431_14.36504_h270.jpg,prague,50.087431,14.36504,270,2025-09,streetview
data/images/prague/50.105756_14.400337_h0.jpg,prague,50.105756,14.400337,0,2025-09,streetview
data/images/prague/50.105756_14.400337_h90.jpg,prague,50.105756,14.400337,90,2025-09,streetview
data/images/prague/50.105756_14.400337_h180.jpg,prague,50.105756,14.400337,180,2025-09,streetview
data/images/prague/50.105756_14.400337_h270.jpg,prague,50.105756,14.400337,270,2025-09,streetview
data/images/prague/50.05078_14.410364_h0.jpg,prague,50.05078,14.410364,0,2025-09,streetview
data/images/prague/50.05078_14.410364_h90.jpg,prague,50.05078,14.410364,90,2025-09,streetview
data/images/prague/50.05078_14.410364_h180.jpg,prague,50.05078,14.410364,180,2025-09,streetview
data/images/prague/50.05078_14.410364_h270.jpg,prague,50.05078,14.410364,270,2025-09,streetview
data/images/prague/50.097133_14.462506_h0.jpg,prague,50.097133,14.462506,0,2024-05,streetview
data/images/prague/50.097133_14.462506_h90.jpg,prague,50.097133,14.462506,90,2024-05,streetview
data/images/prague/50.097133_14.462506_h180.jpg,prague,50.097133,14.462506,180,2024-05,streetview
data/images/prague/50.097133_14.462506_h270.jpg,prague,50.097133,14.462506,270,2024-05,streetview
data/images/prague/50.091743_14.447372_h0.jpg,prague,50.091743,14.447372,0,2024-10,streetview
data/images/prague/50.091743_14.447372_h90.jpg,prague,50.091743,14.447372,90,2024-10,streetview
data/images/prague/50.091743_14.447372_h180.jpg,prague,50.091743,14.447372,180,2024-10,streetview
data/images/prague/50.091743_14.447372_h270.jpg,prague,50.091743,14.447372,270,2024-10,streetview
data/images/prague/50.098211_14.437301_h0.jpg,prague,50.098211,14.437301,0,2019-10,streetview
data/images/prague/50.098211_14.437301_h90.jpg,prague,50.098211,14.437301,90,2019-10,streetview
data/images/prague/50.098211_14.437301_h180.jpg,prague,50.098211,14.437301,180,2019-10,streetview
data/images/prague/50.098211_14.437301_h270.jpg,prague,50.098211,14.437301,270,2019-10,streetview
data/images/prague/50.085275_14.39696_h0.jpg,prague,50.085275,14.39696,0,2019-01,streetview
data/images/prague/50.085275_14.39696_h90.jpg,prague,50.085275,14.39696,90,2019-01,streetview
data/images/prague/50.085275_14.39696_h180.jpg,prague,50.085275,14.39696,180,2019-01,streetview
data/images/prague/50.085275_14.39696_h270.jpg,prague,50.085275,14.39696,270,2019-01,streetview
data/images/prague/50.089587_14.366721_h0.jpg,prague,50.089587,14.366721,0,2024-05,streetview
data/images/prague/50.089587_14.366721_h90.jpg,prague,50.089587,14.366721,90,2024-05,streetview
data/images/prague/50.089587_14.366721_h180.jpg,prague,50.089587,14.366721,180,2024-05,streetview
data/images/prague/50.089587_14.366721_h270.jpg,prague,50.089587,14.366721,270,2024-05,streetview
data/images/prague/50.061559_14.403659_h0.jpg,prague,50.061559,14.403659,0,2025-09,streetview
data/images/prague/50.061559_14.403659_h90.jpg,prague,50.061559,14.403659,90,2025-09,streetview
data/images/prague/50.061559_14.403659_h180.jpg,prague,50.061559,14.403659,180,2025-09,streetview
data/images/prague/50.061559_14.403659_h270.jpg,prague,50.061559,14.403659,270,2025-09,streetview
data/images/prague/50.087431_14.470886_h0.jpg,prague,50.087431,14.470886,0,2024-08,streetview
data/images/prague/50.087431_14.470886_h90.jpg,prague,50.087431,14.470886,90,2024-08,streetview
data/images/prague/50.087431_14.470886_h180.jpg,prague,50.087431,14.470886,180,2024-08,streetview
data/images/prague/50.087431_14.470886_h270.jpg,prague,50.087431,14.470886,270,2024-08,streetview
data/images/prague/50.10899_14.467574_h0.jpg,prague,50.10899,14.467574,0,2023-06,streetview
data/images/prague/50.10899_14.467574_h90.jpg,prague,50.10899,14.467574,90,2023-06,streetview
data/images/prague/50.10899_14.467574_h180.jpg,prague,50.10899,14.467574,180,2023-06,streetview
data/images/prague/50.10899_14.467574_h270.jpg,prague,50.10899,14.467574,270,2023-06,streetview
data/images/prague/50.104678_14.38353_h0.jpg,prague,50.104678,14.38353,0,2024-05,streetview
data/images/prague/50.104678_14.38353_h90.jpg,prague,50.104678,14.38353,90,2024-05,streetview
data/images/prague/50.104678_14.38353_h180.jpg,prague,50.104678,14.38353,180,2024-05,streetview
data/images/prague/50.104678_14.38353_h270.jpg,prague,50.104678,14.38353,270,2024-05,streetview
data/images/prague/50.043234_14.393571_h0.jpg,prague,50.043234,14.393571,0,2021-10,streetview
data/images/prague/50.043234_14.393571_h90.jpg,prague,50.043234,14.393571,90,2021-10,streetview
data/images/prague/50.043234_14.393571_h180.jpg,prague,50.043234,14.393571,180,2021-10,streetview
data/images/prague/50.043234_14.393571_h270.jpg,prague,50.043234,14.393571,270,2021-10,streetview
data/images/prague/50.091743_14.412087_h0.jpg,prague,50.091743,14.412087,0,2023-09,streetview
data/images/prague/50.091743_14.412087_h90.jpg,prague,50.091743,14.412087,90,2023-09,streetview
data/images/prague/50.091743_14.412087_h180.jpg,prague,50.091743,14.412087,180,2023-09,streetview
data/images/prague/50.091743_14.412087_h270.jpg,prague,50.091743,14.412087,270,2023-09,streetview
data/images/prague/50.088509_14.383522_h0.jpg,prague,50.088509,14.383522,0,2024-05,streetview
data/images/prague/50.088509_14.383522_h90.jpg,prague,50.088509,14.383522,90,2024-05,streetview
data/images/prague/50.088509_14.383522_h180.jpg,prague,50.088509,14.383522,180,2024-05,streetview
data/images/prague/50.088509_14.383522_h270.jpg,prague,50.088509,14.383522,270,2024-05,streetview
data/images/prague/50.104678_14.477648_h0.jpg,prague,50.104678,14.477648,0,2023-06,streetview
data/images/prague/50.104678_14.477648_h90.jpg,prague,50.104678,14.477648,90,2023-06,streetview
data/images/prague/50.104678_14.477648_h180.jpg,prague,50.104678,14.477648,180,2023-06,streetview
data/images/prague/50.104678_14.477648_h270.jpg,prague,50.104678,14.477648,270,2023-06,streetview
data/images/prague/50.066949_14.391908_h0.jpg,prague,50.066949,14.391908,0,2025-09,streetview
data/images/prague/50.066949_14.391908_h90.jpg,prague,50.066949,14.391908,90,2025-09,streetview
data/images/prague/50.066949_14.391908_h180.jpg,prague,50.066949,14.391908,180,2025-09,streetview
data/images/prague/50.066949_14.391908_h270.jpg,prague,50.066949,14.391908,270,2025-09,streetview
data/images/prague/50.071261_14.443976_h0.jpg,prague,50.071261,14.443976,0,2024-05,streetview
data/images/prague/50.071261_14.443976_h90.jpg,prague,50.071261,14.443976,90,2024-05,streetview
data/images/prague/50.071261_14.443976_h180.jpg,prague,50.071261,14.443976,180,2024-05,streetview
data/images/prague/50.071261_14.443976_h270.jpg,prague,50.071261,14.443976,270,2024-05,streetview
data/images/prague/50.106834_14.472611_h0.jpg,prague,50.106834,14.472611,0,2025-04,streetview
data/images/prague/50.106834_14.472611_h90.jpg,prague,50.106834,14.472611,90,2025-04,streetview
data/images/prague/50.106834_14.472611_h180.jpg,prague,50.106834,14.472611,180,2025-04,streetview
data/images/prague/50.106834_14.472611_h270.jpg,prague,50.106834,14.472611,270,2025-04,streetview
data/images/prague/50.069105_14.464126_h0.jpg,prague,50.069105,14.464126,0,2024-07,streetview
data/images/prague/50.069105_14.464126_h90.jpg,prague,50.069105,14.464126,90,2024-07,streetview
data/images/prague/50.069105_14.464126_h180.jpg,prague,50.069105,14.464126,180,2024-07,streetview
data/images/prague/50.069105_14.464126_h270.jpg,prague,50.069105,14.464126,270,2024-07,streetview
data/images/prague/50.042156_14.452318_h0.jpg,prague,50.042156,14.452318,0,2025-09,streetview
data/images/prague/50.042156_14.452318_h90.jpg,prague,50.042156,14.452318,90,2025-09,streetview
data/images/prague/50.042156_14.452318_h180.jpg,prague,50.042156,14.452318,180,2025-09,streetview
data/images/prague/50.042156_14.452318_h270.jpg,prague,50.042156,14.452318,270,2025-09,streetview
data/images/prague/50.061559_14.405338_h0.jpg,prague,50.061559,14.405338,0,2025-09,streetview
data/images/prague/50.061559_14.405338_h90.jpg,prague,50.061559,14.405338,90,2025-09,streetview
data/images/prague/50.061559_14.405338_h180.jpg,prague,50.061559,14.405338,180,2025-09,streetview
data/images/prague/50.061559_14.405338_h270.jpg,prague,50.061559,14.405338,270,2025-09,streetview
data/images/prague/50.054014_14.43723_h0.jpg,prague,50.054014,14.43723,0,2024-05,streetview
data/images/prague/50.054014_14.43723_h90.jpg,prague,50.054014,14.43723,90,2024-05,streetview
data/images/prague/50.054014_14.43723_h180.jpg,prague,50.054014,14.43723,180,2024-05,streetview
data/images/prague/50.054014_14.43723_h270.jpg,prague,50.054014,14.43723,270,2024-05,streetview
data/images/prague/50.083119_14.410398_h0.jpg,prague,50.083119,14.410398,0,2021-09,streetview
data/images/prague/50.083119_14.410398_h90.jpg,prague,50.083119,14.410398,90,2021-09,streetview
data/images/prague/50.083119_14.410398_h180.jpg,prague,50.083119,14.410398,180,2021-09,streetview
data/images/prague/50.083119_14.410398_h270.jpg,prague,50.083119,14.410398,270,2021-09,streetview
data/images/prague/50.092821_14.444014_h0.jpg,prague,50.092821,14.444014,0,2025-09,streetview
data/images/prague/50.092821_14.444014_h90.jpg,prague,50.092821,14.444014,90,2025-09,streetview
data/images/prague/50.092821_14.444014_h180.jpg,prague,50.092821,14.444014,180,2025-09,streetview
data/images/prague/50.092821_14.444014_h270.jpg,prague,50.092821,14.444014,270,2025-09,streetview
data/images/prague/50.069105_14.425498_h0.jpg,prague,50.069105,14.425498,0,2023-04,streetview
data/images/prague/50.069105_14.425498_h90.jpg,prague,50.069105,14.425498,90,2023-04,streetview
data/images/prague/50.069105_14.425498_h180.jpg,prague,50.069105,14.425498,180,2023-04,streetview
data/images/prague/50.069105_14.425498_h270.jpg,prague,50.069105,14.425498,270,2023-04,streetview
data/images/prague/50.055092_14.363358_h0.jpg,prague,50.055092,14.363358,0,2025-08,streetview
data/images/prague/50.055092_14.363358_h90.jpg,prague,50.055092,14.363358,90,2025-08,streetview
data/images/prague/50.055092_14.363358_h180.jpg,prague,50.055092,14.363358,180,2025-08,streetview
data/images/prague/50.055092_14.363358_h270.jpg,prague,50.055092,14.363358,270,2025-08,streetview
data/images/prague/50.058326_14.443953_h0.jpg,prague,50.058326,14.443953,0,2019-11,streetview
data/images/prague/50.058326_14.443953_h90.jpg,prague,50.058326,14.443953,90,2019-11,streetview
data/images/prague/50.058326_14.443953_h180.jpg,prague,50.058326,14.443953,180,2019-11,streetview
data/images/prague/50.058326_14.443953_h270.jpg,prague,50.058326,14.443953,270,2019-11,streetview
data/images/prague/50.073417_14.40199_h0.jpg,prague,50.073417,14.40199,0,2025-01,streetview
data/images/prague/50.073417_14.40199_h90.jpg,prague,50.073417,14.40199,90,2025-01,streetview
data/images/prague/50.073417_14.40199_h180.jpg,prague,50.073417,14.40199,180,2025-01,streetview
data/images/prague/50.073417_14.40199_h270.jpg,prague,50.073417,14.40199,270,2025-01,streetview
data/images/prague/50.097133_14.373443_h0.jpg,prague,50.097133,14.373443,0,2019-09,streetview
data/images/prague/50.097133_14.373443_h90.jpg,prague,50.097133,14.373443,90,2019-09,streetview
data/images/prague/50.097133_14.373443_h180.jpg,prague,50.097133,14.373443,180,2019-09,streetview
data/images/prague/50.097133_14.373443_h270.jpg,prague,50.097133,14.373443,270,2019-09,streetview
data/images/prague/50.085275_14.470881_h0.jpg,prague,50.085275,14.470881,0,2025-08,streetview
data/images/prague/50.085275_14.470881_h90.jpg,prague,50.085275,14.470881,90,2025-08,streetview
data/images/prague/50.085275_14.470881_h180.jpg,prague,50.085275,14.470881,180,2025-08,streetview
data/images/prague/50.085275_14.470881_h270.jpg,prague,50.085275,14.470881,270,2025-08,streetview
data/images/prague/50.072339_14.467492_h0.jpg,prague,50.072339,14.467492,0,2024-07,streetview
data/images/prague/50.072339_14.467492_h90.jpg,prague,50.072339,14.467492,90,2024-07,streetview
data/images/prague/50.072339_14.467492_h180.jpg,prague,50.072339,14.467492,180,2024-07,streetview
data/images/prague/50.072339_14.467492_h270.jpg,prague,50.072339,14.467492,270,2024-07,streetview
data/images/prague/50.042156_14.443925_h0.jpg,prague,50.042156,14.443925,0,2025-09,streetview
data/images/prague/50.042156_14.443925_h90.jpg,prague,50.042156,14.443925,90,2025-09,streetview
data/images/prague/50.042156_14.443925_h180.jpg,prague,50.042156,14.443925,180,2025-09,streetview
data/images/prague/50.042156_14.443925_h270.jpg,prague,50.042156,14.443925,270,2025-09,streetview
data/images/prague/50.072339_14.445657_h0.jpg,prague,50.072339,14.445657,0,2023-02,streetview
data/images/prague/50.072339_14.445657_h90.jpg,prague,50.072339,14.445657,90,2023-02,streetview
data/images/prague/50.072339_14.445657_h180.jpg,prague,50.072339,14.445657,180,2023-02,streetview
data/images/prague/50.072339_14.445657_h270.jpg,prague,50.072339,14.445657,270,2023-02,streetview
data/images/prague/50.096055_14.368402_h0.jpg,prague,50.096055,14.368402,0,2019-07,streetview
data/images/prague/50.096055_14.368402_h90.jpg,prague,50.096055,14.368402,90,2019-07,streetview
data/images/prague/50.096055_14.368402_h180.jpg,prague,50.096055,14.368402,180,2019-07,streetview
data/images/prague/50.096055_14.368402_h270.jpg,prague,50.096055,14.368402,270,2019-07,streetview
data/images/prague/50.073417_14.376796_h0.jpg,prague,50.073417,14.376796,0,2019-09,streetview
data/images/prague/50.073417_14.376796_h90.jpg,prague,50.073417,14.376796,90,2019-09,streetview
data/images/prague/50.073417_14.376796_h180.jpg,prague,50.073417,14.376796,180,2019-09,streetview
data/images/prague/50.073417_14.376796_h270.jpg,prague,50.073417,14.376796,270,2019-09,streetview
data/images/prague/50.054014_14.455698_h0.jpg,prague,50.054014,14.455698,0,2022-04,streetview
data/images/prague/50.054014_14.455698_h90.jpg,prague,50.054014,14.455698,90,2022-04,streetview
data/images/prague/50.054014_14.455698_h180.jpg,prague,50.054014,14.455698,180,2022-04,streetview
data/images/prague/50.054014_14.455698_h270.jpg,prague,50.054014,14.455698,270,2022-04,streetview
data/images/prague/50.078807_14.457427_h0.jpg,prague,50.078807,14.457427,0,2018-04,streetview
data/images/prague/50.078807_14.457427_h90.jpg,prague,50.078807,14.457427,90,2018-04,streetview
data/images/prague/50.078807_14.457427_h180.jpg,prague,50.078807,14.457427,180,2018-04,streetview
data/images/prague/50.078807_14.457427_h270.jpg,prague,50.078807,14.457427,270,2018-04,streetview
data/images/prague/50.093899_14.402008_h0.jpg,prague,50.093899,14.402008,0,2019-04,streetview
data/images/prague/50.093899_14.402008_h90.jpg,prague,50.093899,14.402008,90,2019-04,streetview
data/images/prague/50.093899_14.402008_h180.jpg,prague,50.093899,14.402008,180,2019-04,streetview
data/images/prague/50.093899_14.402008_h270.jpg,prague,50.093899,14.402008,270,2019-04,streetview
data/images/prague/50.089587_14.433927_h0.jpg,prague,50.089587,14.433927,0,2022-03,streetview
data/images/prague/50.089587_14.433927_h90.jpg,prague,50.089587,14.433927,90,2022-03,streetview
data/images/prague/50.089587_14.433927_h180.jpg,prague,50.089587,14.433927,180,2022-03,streetview
data/images/prague/50.089587_14.433927_h270.jpg,prague,50.089587,14.433927,270,2022-03,streetview
data/images/prague/50.04539_14.464074_h0.jpg,prague,50.04539,14.464074,0,2025-09,streetview
data/images/prague/50.04539_14.464074_h90.jpg,prague,50.04539,14.464074,90,2025-09,streetview
data/images/prague/50.04539_14.464074_h180.jpg,prague,50.04539,14.464074,180,2025-09,streetview
data/images/prague/50.04539_14.464074_h270.jpg,prague,50.04539,14.464074,270,2025-09,streetview
data/images/prague/50.072339_14.427182_h0.jpg,prague,50.072339,14.427182,0,2025-09,streetview
data/images/prague/50.072339_14.427182_h90.jpg,prague,50.072339,14.427182,90,2025-09,streetview
data/images/prague/50.072339_14.427182_h180.jpg,prague,50.072339,14.427182,180,2025-09,streetview
data/images/prague/50.072339_14.427182_h270.jpg,prague,50.072339,14.427182,270,2025-09,streetview
data/images/prague/50.100367_14.435624_h0.jpg,prague,50.100367,14.435624,0,2025-09,streetview
data/images/prague/50.100367_14.435624_h90.jpg,prague,50.100367,14.435624,90,2025-09,streetview
data/images/prague/50.100367_14.435624_h180.jpg,prague,50.100367,14.435624,180,2025-09,streetview
data/images/prague/50.100367_14.435624_h270.jpg,prague,50.100367,14.435624,270,2025-09,streetview
data/images/prague/50.068027_14.454047_h0.jpg,prague,50.068027,14.454047,0,2019-07,streetview
data/images/prague/50.068027_14.454047_h90.jpg,prague,50.068027,14.454047,90,2019-07,streetview
data/images/prague/50.068027_14.454047_h180.jpg,prague,50.068027,14.454047,180,2019-07,streetview
data/images/prague/50.068027_14.454047_h270.jpg,prague,50.068027,14.454047,270,2019-07,streetview
data/images/prague/50.068027_14.423817_h0.jpg,prague,50.068027,14.423817,0,2024-05,streetview
data/images/prague/50.068027_14.423817_h90.jpg,prague,50.068027,14.423817,90,2024-05,streetview
data/images/prague/50.068027_14.423817_h180.jpg,prague,50.068027,14.423817,180,2024-05,streetview
data/images/prague/50.068027_14.423817_h270.jpg,prague,50.068027,14.423817,270,2024-05,streetview
data/images/prague/50.077729_14.42887_h0.jpg,prague,50.077729,14.42887,0,2022-06,streetview
data/images/prague/50.077729_14.42887_h90.jpg,prague,50.077729,14.42887,90,2022-06,streetview
data/images/prague/50.077729_14.42887_h180.jpg,prague,50.077729,14.42887,180,2022-06,streetview
data/images/prague/50.077729_14.42887_h270.jpg,prague,50.077729,14.42887,270,2022-06,streetview
data/images/prague/50.102522_14.412099_h0.jpg,prague,50.102522,14.412099,0,2025-09,streetview
data/images/prague/50.102522_14.412099_h90.jpg,prague,50.102522,14.412099,90,2025-09,streetview
data/images/prague/50.102522_14.412099_h180.jpg,prague,50.102522,14.412099,180,2025-09,streetview
data/images/prague/50.102522_14.412099_h270.jpg,prague,50.102522,14.412099,270,2025-09,streetview
data/images/prague/50.091743_14.410407_h0.jpg,prague,50.091743,14.410407,0,2025-09,streetview
data/images/prague/50.091743_14.410407_h90.jpg,prague,50.091743,14.410407,90,2025-09,streetview
data/images/prague/50.091743_14.410407_h180.jpg,prague,50.091743,14.410407,180,2025-09,streetview
data/images/prague/50.091743_14.410407_h270.jpg,prague,50.091743,14.410407,270,2025-09,streetview
data/images/prague/50.096055_14.432257_h0.jpg,prague,50.096055,14.432257,0,2025-09,streetview
data/images/prague/50.096055_14.432257_h90.jpg,prague,50.096055,14.432257,90,2025-09,streetview
data/images/prague/50.096055_14.432257_h180.jpg,prague,50.096055,14.432257,180,2025-09,streetview
data/images/prague/50.096055_14.432257_h270.jpg,prague,50.096055,14.432257,270,2025-09,streetview
data/images/prague/50.044312_14.479179_h0.jpg,prague,50.044312,14.479179,0,2025-09,streetview
data/images/prague/50.044312_14.479179_h90.jpg,prague,50.044312,14.479179,90,2025-09,streetview
data/images/prague/50.044312_14.479179_h180.jpg,prague,50.044312,14.479179,180,2025-09,streetview
data/images/prague/50.044312_14.479179_h270.jpg,prague,50.044312,14.479179,270,2025-09,streetview
data/images/prague/50.04539_14.403644_h0.jpg,prague,50.04539,14.403644,0,2025-08,streetview
data/images/prague/50.04539_14.403644_h90.jpg,prague,50.04539,14.403644,90,2025-08,streetview
data/images/prague/50.04539_14.403644_h180.jpg,prague,50.04539,14.403644,180,2025-08,streetview
data/images/prague/50.04539_14.403644_h270.jpg,prague,50.04539,14.403644,270,2025-08,streetview
data/images/prague/50.05617_14.44395_h0.jpg,prague,50.05617,14.44395,0,2024-05,streetview
data/images/prague/50.05617_14.44395_h90.jpg,prague,50.05617,14.44395,90,2024-05,streetview
data/images/prague/50.05617_14.44395_h180.jpg,prague,50.05617,14.44395,180,2024-05,streetview
data/images/prague/50.05617_14.44395_h270.jpg,prague,50.05617,14.44395,270,2024-05,streetview
data/images/prague/50.049702_14.407005_h0.jpg,prague,50.049702,14.407005,0,2024-05,streetview
data/images/prague/50.049702_14.407005_h90.jpg,prague,50.049702,14.407005,90,2024-05,streetview
data/images/prague/50.049702_14.407005_h180.jpg,prague,50.049702,14.407005,180,2024-05,streetview
data/images/prague/50.049702_14.407005_h270.jpg,prague,50.049702,14.407005,270,2024-05,streetview
data/images/prague/50.089587_14.368401_h0.jpg,prague,50.089587,14.368401,0,2024-05,streetview
data/images/prague/50.089587_14.368401_h90.jpg,prague,50.089587,14.368401,90,2024-05,streetview
data/images/prague/50.089587_14.368401_h180.jpg,prague,50.089587,14.368401,180,2024-05,streetview
data/images/prague/50.089587_14.368401_h270.jpg,prague,50.089587,14.368401,270,2024-05,streetview
data/images/prague/50.086353_14.435602_h0.jpg,prague,50.086353,14.435602,0,2023-03,streetview
data/images/prague/50.086353_14.435602_h90.jpg,prague,50.086353,14.435602,90,2023-03,streetview
data/images/prague/50.086353_14.435602_h180.jpg,prague,50.086353,14.435602,180,2023-03,streetview
data/images/prague/50.086353_14.435602_h270.jpg,prague,50.086353,14.435602,270,2023-03,streetview
data/images/prague/50.042156_14.453996_h0.jpg,prague,50.042156,14.453996,0,2025-09,streetview
data/images/prague/50.042156_14.453996_h90.jpg,prague,50.042156,14.453996,90,2025-09,streetview
data/images/prague/50.042156_14.453996_h180.jpg,prague,50.042156,14.453996,180,2025-09,streetview
data/images/prague/50.042156_14.453996_h270.jpg,prague,50.042156,14.453996,270,2025-09,streetview
data/images/prague/50.077729_14.479262_h0.jpg,prague,50.077729,14.479262,0,2025-08,streetview
data/images/prague/50.077729_14.479262_h90.jpg,prague,50.077729,14.479262,90,2025-08,streetview
data/images/prague/50.077729_14.479262_h180.jpg,prague,50.077729,14.479262,180,2025-08,streetview
data/images/prague/50.077729_14.479262_h270.jpg,prague,50.077729,14.479262,270,2025-08,streetview
data/images/prague/50.054014_14.395257_h0.jpg,prague,50.054014,14.395257,0,2019-09,streetview
data/images/prague/50.054014_14.395257_h90.jpg,prague,50.054014,14.395257,90,2019-09,streetview
data/images/prague/50.054014_14.395257_h180.jpg,prague,50.054014,14.395257,180,2019-09,streetview
data/images/prague/50.054014_14.395257_h270.jpg,prague,50.054014,14.395257,270,2019-09,streetview
data/images/prague/50.059404_14.385187_h0.jpg,prague,50.059404,14.385187,0,2025-08,streetview
data/images/prague/50.059404_14.385187_h90.jpg,prague,50.059404,14.385187,90,2025-08,streetview
data/images/prague/50.059404_14.385187_h180.jpg,prague,50.059404,14.385187,180,2025-08,streetview
data/images/prague/50.059404_14.385187_h270.jpg,prague,50.059404,14.385187,270,2025-08,streetview
data/images/prague/50.078807_14.475905_h0.jpg,prague,50.078807,14.475905,0,2018-07,streetview
data/images/prague/50.078807_14.475905_h90.jpg,prague,50.078807,14.475905,90,2018-07,streetview
data/images/prague/50.078807_14.475905_h180.jpg,prague,50.078807,14.475905,180,2018-07,streetview
data/images/prague/50.078807_14.475905_h270.jpg,prague,50.078807,14.475905,270,2018-07,streetview
data/images/prague/50.073417_14.383514_h0.jpg,prague,50.073417,14.383514,0,2025-09,streetview
data/images/prague/50.073417_14.383514_h90.jpg,prague,50.073417,14.383514,90,2025-09,streetview
data/images/prague/50.073417_14.383514_h180.jpg,prague,50.073417,14.383514,180,2025-09,streetview
data/images/prague/50.073417_14.383514_h270.jpg,prague,50.073417,14.383514,270,2025-09,streetview
data/images/prague/50.052936_14.408687_h0.jpg,prague,50.052936,14.408687,0,2025-08,streetview
data/images/prague/50.052936_14.408687_h90.jpg,prague,50.052936,14.408687,90,2025-08,streetview
data/images/prague/50.052936_14.408687_h180.jpg,prague,50.052936,14.408687,180,2025-08,streetview
data/images/prague/50.052936_14.408687_h270.jpg,prague,50.052936,14.408687,270,2025-08,streetview
data/images/prague/50.042156_14.455675_h0.jpg,prague,50.042156,14.455675,0,2025-09,streetview
data/images/prague/50.042156_14.455675_h90.jpg,prague,50.042156,14.455675,90,2025-09,streetview
data/images/prague/50.042156_14.455675_h180.jpg,prague,50.042156,14.455675,180,2025-09,streetview
data/images/prague/50.042156_14.455675_h270.jpg,prague,50.042156,14.455675,270,2025-09,streetview
data/images/prague/50.099289_14.410415_h0.jpg,prague,50.099289,14.410415,0,2025-09,streetview
data/images/prague/50.099289_14.410415_h90.jpg,prague,50.099289,14.410415,90,2025-09,streetview
data/images/prague/50.099289_14.410415_h180.jpg,prague,50.099289,14.410415,180,2025-09,streetview
data/images/prague/50.099289_14.410415_h270.jpg,prague,50.099289,14.410415,270,2025-09,streetview
data/images/prague/50.1036_14.368403_h0.jpg,prague,50.1036,14.368403,0,2025-09,streetview
data/images/prague/50.1036_14.368403_h90.jpg,prague,50.1036,14.368403,90,2025-09,streetview
data/images/prague/50.1036_14.368403_h180.jpg,prague,50.1036,14.368403,180,2025-09,streetview
data/images/prague/50.1036_14.368403_h270.jpg,prague,50.1036,14.368403,270,2025-09,streetview
data/images/prague/50.062637_14.366717_h0.jpg,prague,50.062637,14.366717,0,2025-08,streetview
data/images/prague/50.062637_14.366717_h90.jpg,prague,50.062637,14.366717,90,2025-08,streetview
data/images/prague/50.062637_14.366717_h180.jpg,prague,50.062637,14.366717,180,2025-08,streetview
data/images/prague/50.062637_14.366717_h270.jpg,prague,50.062637,14.366717,270,2025-08,streetview
data/images/prague/50.048624_14.472475_h0.jpg,prague,50.048624,14.472475,0,2019-08,streetview
data/images/prague/50.048624_14.472475_h90.jpg,prague,50.048624,14.472475,90,2019-08,streetview
data/images/prague/50.048624_14.472475_h180.jpg,prague,50.048624,14.472475,180,2019-08,streetview
data/images/prague/50.048624_14.472475_h270.jpg,prague,50.048624,14.472475,270,2019-08,streetview
data/images/prague/50.106834_14.444038_h0.jpg,prague,50.106834,14.444038,0,2025-09,streetview
data/images/prague/50.106834_14.444038_h90.jpg,prague,50.106834,14.444038,90,2025-09,streetview
data/images/prague/50.106834_14.444038_h180.jpg,prague,50.106834,14.444038,180,2025-09,streetview
data/images/prague/50.106834_14.444038_h270.jpg,prague,50.106834,14.444038,270,2025-09,streetview
data/images/prague/50.077729_14.462465_h0.jpg,prague,50.077729,14.462465,0,2024-08,streetview
data/images/prague/50.077729_14.462465_h90.jpg,prague,50.077729,14.462465,90,2024-08,streetview
data/images/prague/50.077729_14.462465_h180.jpg,prague,50.077729,14.462465,180,2024-08,streetview
data/images/prague/50.077729_14.462465_h270.jpg,prague,50.077729,14.462465,270,2024-08,streetview
data/images/prague/50.04_14.425459_h0.jpg,prague,50.04,14.425459,0,2019-04,streetview
data/images/prague/50.04_14.425459_h90.jpg,prague,50.04,14.425459,90,2019-04,streetview
data/images/prague/50.04_14.425459_h180.jpg,prague,50.04,14.425459,180,2019-04,streetview
data/images/prague/50.04_14.425459_h270.jpg,prague,50.04,14.425459,270,2019-04,streetview
data/images/prague/50.097133_14.467547_h0.jpg,prague,50.097133,14.467547,0,2024-08,streetview
data/images/prague/50.097133_14.467547_h90.jpg,prague,50.097133,14.467547,90,2024-08,streetview
data/images/prague/50.097133_14.467547_h180.jpg,prague,50.097133,14.467547,180,2024-08,streetview
data/images/prague/50.097133_14.467547_h270.jpg,prague,50.097133,14.467547,270,2024-08,streetview
data/images/prague/50.102522_14.403696_h0.jpg,prague,50.102522,14.403696,0,2024-05,streetview
data/images/prague/50.102522_14.403696_h90.jpg,prague,50.102522,14.403696,90,2024-05,streetview
data/images/prague/50.102522_14.403696_h180.jpg,prague,50.102522,14.403696,180,2024-05,streetview
data/images/prague/50.102522_14.403696_h270.jpg,prague,50.102522,14.403696,270,2024-05,streetview
data/images/prague/50.066949_14.433892_h0.jpg,prague,50.066949,14.433892,0,2024-05,streetview
data/images/prague/50.066949_14.433892_h90.jpg,prague,50.066949,14.433892,90,2024-05,streetview
data/images/prague/50.066949_14.433892_h180.jpg,prague,50.066949,14.433892,180,2024-05,streetview
data/images/prague/50.066949_14.433892_h270.jpg,prague,50.066949,14.433892,270,2024-05,streetview
data/images/prague/50.070183_14.454051_h0.jpg,prague,50.070183,14.454051,0,2024-09,streetview
data/images/prague/50.070183_14.454051_h90.jpg,prague,50.070183,14.454051,90,2024-09,streetview
data/images/prague/50.070183_14.454051_h180.jpg,prague,50.070183,14.454051,180,2024-09,streetview
data/images/prague/50.070183_14.454051_h270.jpg,prague,50.070183,14.454051,270,2024-09,streetview
data/images/prague/50.051858_14.452336_h0.jpg,prague,50.051858,14.452336,0,2025-09,streetview
data/images/prague/50.051858_14.452336_h90.jpg,prague,50.051858,14.452336,90,2025-09,streetview
data/images/prague/50.051858_14.452336_h180.jpg,prague,50.051858,14.452336,180,2025-09,streetview
data/images/prague/50.051858_14.452336_h270.jpg,prague,50.051858,14.452336,270,2025-09,streetview
data/images/prague/50.049702_14.457368_h0.jpg,prague,50.049702,14.457368,0,2025-09,streetview
data/images/prague/50.049702_14.457368_h90.jpg,prague,50.049702,14.457368,90,2025-09,streetview
data/images/prague/50.049702_14.457368_h180.jpg,prague,50.049702,14.457368,180,2025-09,streetview
data/images/prague/50.049702_14.457368_h270.jpg,prague,50.049702,14.457368,270,2025-09,streetview
data/images/prague/50.076651_14.370078_h0.jpg,prague,50.076651,14.370078,0,2024-05,streetview
data/images/prague/50.076651_14.370078_h90.jpg,prague,50.076651,14.370078,90,2024-05,streetview
data/images/prague/50.076651_14.370078_h180.jpg,prague,50.076651,14.370078,180,2024-05,streetview
data/images/prague/50.076651_14.370078_h270.jpg,prague,50.076651,14.370078,270,2024-05,streetview
data/images/prague/50.098211_14.442343_h0.jpg,prague,50.098211,14.442343,0,2024-10,streetview
data/images/prague/50.098211_14.442343_h90.jpg,prague,50.098211,14.442343,90,2024-10,streetview
data/images/prague/50.098211_14.442343_h180.jpg,prague,50.098211,14.442343,180,2024-10,streetview
data/images/prague/50.098211_14.442343_h270.jpg,prague,50.098211,14.442343,270,2024-10,streetview
data/images/prague/50.105756_14.391934_h0.jpg,prague,50.105756,14.391934,0,2024-05,streetview
data/images/prague/50.105756_14.391934_h90.jpg,prague,50.105756,14.391934,90,2024-05,streetview
data/images/prague/50.105756_14.391934_h180.jpg,prague,50.105756,14.391934,180,2024-05,streetview
data/images/prague/50.105756_14.391934_h270.jpg,prague,50.105756,14.391934,270,2024-05,streetview
data/images/prague/50.064793_14.370076_h0.jpg,prague,50.064793,14.370076,0,2019-09,streetview
data/images/prague/50.064793_14.370076_h90.jpg,prague,50.064793,14.370076,90,2019-09,streetview
data/images/prague/50.064793_14.370076_h180.jpg,prague,50.064793,14.370076,180,2019-09,streetview
data/images/prague/50.064793_14.370076_h270.jpg,prague,50.064793,14.370076,270,2019-09,streetview
data/images/prague/50.097133_14.380165_h0.jpg,prague,50.097133,14.380165,0,2019-06,streetview
data/images/prague/50.097133_14.380165_h90.jpg,prague,50.097133,14.380165,90,2019-06,streetview
data/images/prague/50.097133_14.380165_h180.jpg,prague,50.097133,14.380165,180,2019-06,streetview
data/images/prague/50.097133_14.380165_h270.jpg,prague,50.097133,14.380165,270,2019-06,streetview
data/images/prague/50.070183_14.400308_h0.jpg,prague,50.070183,14.400308,0,2020-09,streetview
data/images/prague/50.070183_14.400308_h90.jpg,prague,50.070183,14.400308,90,2020-09,streetview
data/images/prague/50.070183_14.400308_h180.jpg,prague,50.070183,14.400308,180,2020-09,streetview
data/images/prague/50.070183_14.400308_h270.jpg,prague,50.070183,14.400308,270,2020-09,streetview
data/images/prague/50.090665_14.427208_h0.jpg,prague,50.090665,14.427208,0,2021-06,streetview
data/images/prague/50.090665_14.427208_h90.jpg,prague,50.090665,14.427208,90,2021-06,streetview
data/images/prague/50.090665_14.427208_h180.jpg,prague,50.090665,14.427208,180,2021-06,streetview
data/images/prague/50.090665_14.427208_h270.jpg,prague,50.090665,14.427208,270,2021-06,streetview
data/images/prague/50.05078_14.428831_h0.jpg,prague,50.05078,14.428831,0,2024-05,streetview
data/images/prague/50.05078_14.428831_h90.jpg,prague,50.05078,14.428831,90,2024-05,streetview
data/images/prague/50.05078_14.428831_h180.jpg,prague,50.05078,14.428831,180,2024-05,streetview
data/images/prague/50.05078_14.428831_h270.jpg,prague,50.05078,14.428831,270,2024-05,streetview
data/images/prague/50.082041_14.454074_h0.jpg,prague,50.082041,14.454074,0,2024-05,streetview
data/images/prague/50.082041_14.454074_h90.jpg,prague,50.082041,14.454074,90,2024-05,streetview
data/images/prague/50.082041_14.454074_h180.jpg,prague,50.082041,14.454074,180,2024-05,streetview
data/images/prague/50.082041_14.454074_h270.jpg,prague,50.082041,14.454074,270,2024-05,streetview
data/images/prague/50.064793_14.368396_h0.jpg,prague,50.064793,14.368396,0,2019-09,streetview
data/images/prague/50.064793_14.368396_h90.jpg,prague,50.064793,14.368396,90,2019-09,streetview
data/images/prague/50.064793_14.368396_h180.jpg,prague,50.064793,14.368396,180,2019-09,streetview
data/images/prague/50.064793_14.368396_h270.jpg,prague,50.064793,14.368396,270,2019-09,streetview
data/images/prague/50.100367_14.45411_h0.jpg,prague,50.100367,14.45411,0,2024-10,streetview
data/images/prague/50.100367_14.45411_h90.jpg,prague,50.100367,14.45411,90,2024-10,streetview
data/images/prague/50.100367_14.45411_h180.jpg,prague,50.100367,14.45411,180,2024-10,streetview
data/images/prague/50.100367_14.45411_h270.jpg,prague,50.100367,14.45411,270,2024-10,streetview
data/images/prague/50.051858_14.410365_h0.jpg,prague,50.051858,14.410365,0,2025-09,streetview
data/images/prague/50.051858_14.410365_h90.jpg,prague,50.051858,14.410365,90,2025-09,streetview
data/images/prague/50.051858_14.410365_h180.jpg,prague,50.051858,14.410365,180,2025-09,streetview
data/images/prague/50.051858_14.410365_h270.jpg,prague,50.051858,14.410365,270,2025-09,streetview
data/images/prague/50.05078_14.447298_h0.jpg,prague,50.05078,14.447298,0,2022-05,streetview
data/images/prague/50.05078_14.447298_h90.jpg,prague,50.05078,14.447298,90,2022-05,streetview
data/images/prague/50.05078_14.447298_h180.jpg,prague,50.05078,14.447298,180,2022-05,streetview
data/images/prague/50.05078_14.447298_h270.jpg,prague,50.05078,14.447298,270,2022-05,streetview
data/images/prague/50.094977_14.449059_h0.jpg,prague,50.094977,14.449059,0,2020-01,streetview
data/images/prague/50.094977_14.449059_h90.jpg,prague,50.094977,14.449059,90,2020-01,streetview
data/images/prague/50.094977_14.449059_h180.jpg,prague,50.094977,14.449059,180,2020-01,streetview
data/images/prague/50.094977_14.449059_h270.jpg,prague,50.094977,14.449059,270,2020-01,streetview
data/images/prague/50.060481_14.390225_h0.jpg,prague,50.060481,14.390225,0,2025-09,streetview
data/images/prague/50.060481_14.390225_h90.jpg,prague,50.060481,14.390225,90,2025-09,streetview
data/images/prague/50.060481_14.390225_h180.jpg,prague,50.060481,14.390225,180,2025-09,streetview
data/images/prague/50.060481_14.390225_h270.jpg,prague,50.060481,14.390225,270,2025-09,streetview
data/images/prague/50.101444_14.36_h0.jpg,prague,50.101444,14.36,0,2024-05,streetview
data/images/prague/50.101444_14.36_h90.jpg,prague,50.101444,14.36,90,2024-05,streetview
data/images/prague/50.101444_14.36_h180.jpg,prague,50.101444,14.36,180,2024-05,streetview
data/images/prague/50.101444_14.36_h270.jpg,prague,50.101444,14.36,270,2024-05,streetview
data/images/prague/50.058326_14.375112_h0.jpg,prague,50.058326,14.375112,0,2025-08,streetview
data/images/prague/50.058326_14.375112_h90.jpg,prague,50.058326,14.375112,90,2025-08,streetview
data/images/prague/50.058326_14.375112_h180.jpg,prague,50.058326,14.375112,180,2025-08,streetview
data/images/prague/50.058326_14.375112_h270.jpg,prague,50.058326,14.375112,270,2025-08,streetview
data/images/prague/50.059404_14.470821_h0.jpg,prague,50.059404,14.470821,0,2024-05,streetview
data/images/prague/50.059404_14.470821_h90.jpg,prague,50.059404,14.470821,90,2024-05,streetview
data/images/prague/50.059404_14.470821_h180.jpg,prague,50.059404,14.470821,180,2024-05,streetview
data/images/prague/50.059404_14.470821_h270.jpg,prague,50.059404,14.470821,270,2024-05,streetview
data/images/prague/50.075573_14.46246_h0.jpg,prague,50.075573,14.46246,0,2025-09,streetview
data/images/prague/50.075573_14.46246_h90.jpg,prague,50.075573,14.46246,90,2025-09,streetview
data/images/prague/50.075573_14.46246_h180.jpg,prague,50.075573,14.46246,180,2025-09,streetview
data/images/prague/50.075573_14.46246_h270.jpg,prague,50.075573,14.46246,270,2025-09,streetview
data/images/prague/50.066949_14.403664_h0.jpg,prague,50.066949,14.403664,0,2020-10,streetview
data/images/prague/50.066949_14.403664_h90.jpg,prague,50.066949,14.403664,90,2020-10,streetview
data/images/prague/50.066949_14.403664_h180.jpg,prague,50.066949,14.403664,180,2020-10,streetview
data/images/prague/50.066949_14.403664_h270.jpg,prague,50.066949,14.403664,270,2020-10,streetview
data/images/prague/50.100367_14.39193_h0.jpg,prague,50.100367,14.39193,0,2024-05,streetview
data/images/prague/50.100367_14.39193_h90.jpg,prague,50.100367,14.39193,90,2024-05,streetview
data/images/prague/50.100367_14.39193_h180.jpg,prague,50.100367,14.39193,180,2024-05,streetview
data/images/prague/50.100367_14.39193_h270.jpg,prague,50.100367,14.39193,270,2024-05,streetview
data/images/prague/50.060481_14.373433_h0.jpg,prague,50.060481,14.373433,0,2024-05,streetview
data/images/prague/50.060481_14.373433_h90.jpg,prague,50.060481,14.373433,90,2024-05,streetview
data/images/prague/50.060481_14.373433_h180.jpg,prague,50.060481,14.373433,180,2024-05,streetview
data/images/prague/50.060481_14.373433_h270.jpg,prague,50.060481,14.373433,270,2024-05,streetview
data/images/prague/50.059404_14.383507_h0.jpg,prague,50.059404,14.383507,0,2024-05,streetview
data/images/prague/50.059404_14.383507_h90.jpg,prague,50.059404,14.383507,90,2024-05,streetview
data/images/prague/50.059404_14.383507_h180.jpg,prague,50.059404,14.383507,180,2024-05,streetview
data/images/prague/50.059404_14.383507_h270.jpg,prague,50.059404,14.383507,270,2024-05,streetview
data/images/prague/50.076651_14.469181_h0.jpg,prague,50.076651,14.469181,0,2025-08,streetview
data/images/prague/50.076651_14.469181_h90.jpg,prague,50.076651,14.469181,90,2025-08,streetview
data/images/prague/50.076651_14.469181_h180.jpg,prague,50.076651,14.469181,180,2025-08,streetview
data/images/prague/50.076651_14.469181_h270.jpg,prague,50.076651,14.469181,270,2025-08,streetview
data/images/prague/50.099289_14.430581_h0.jpg,prague,50.099289,14.430581,0,2024-05,streetview
data/images/prague/50.099289_14.430581_h90.jpg,prague,50.099289,14.430581,90,2024-05,streetview
data/images/prague/50.099289_14.430581_h180.jpg,prague,50.099289,14.430581,180,2024-05,streetview
data/images/prague/50.099289_14.430581_h270.jpg,prague,50.099289,14.430581,270,2024-05,streetview
data/images/prague/50.059404_14.428843_h0.jpg,prague,50.059404,14.428843,0,2024-05,streetview
data/images/prague/50.059404_14.428843_h90.jpg,prague,50.059404,14.428843,90,2024-05,streetview
data/images/prague/50.059404_14.428843_h180.jpg,prague,50.059404,14.428843,180,2024-05,streetview
data/images/prague/50.059404_14.428843_h270.jpg,prague,50.059404,14.428843,270,2024-05,streetview
data/images/prague/50.094977_14.385205_h0.jpg,prague,50.094977,14.385205,0,2025-09,streetview
data/images/prague/50.094977_14.385205_h90.jpg,prague,50.094977,14.385205,90,2025-09,streetview
data/images/prague/50.094977_14.385205_h180.jpg,prague,50.094977,14.385205,180,2025-09,streetview
data/images/prague/50.094977_14.385205_h270.jpg,prague,50.094977,14.385205,270,2025-09,streetview
data/images/prague/50.092821_14.460817_h0.jpg,prague,50.092821,14.460817,0,2025-09,streetview
data/images/prague/50.092821_14.460817_h90.jpg,prague,50.092821,14.460817,90,2025-09,streetview
data/images/prague/50.092821_14.460817_h180.jpg,prague,50.092821,14.460817,180,2025-09,streetview
data/images/prague/50.092821_14.460817_h270.jpg,prague,50.092821,14.460817,270,2025-09,streetview
data/images/prague/50.078807_14.386877_h0.jpg,prague,50.078807,14.386877,0,2023-09,streetview
data/images/prague/50.078807_14.386877_h90.jpg,prague,50.078807,14.386877,90,2023-09,streetview
data/images/prague/50.078807_14.386877_h180.jpg,prague,50.078807,14.386877,180,2023-09,streetview
data/images/prague/50.078807_14.386877_h270.jpg,prague,50.078807,14.386877,270,2023-09,streetview
data/images/prague/50.080963_14.368399_h0.jpg,prague,50.080963,14.368399,0,2025-09,streetview
data/images/prague/50.080963_14.368399_h90.jpg,prague,50.080963,14.368399,90,2025-09,streetview
data/images/prague/50.080963_14.368399_h180.jpg,prague,50.080963,14.368399,180,2025-09,streetview
data/images/prague/50.080963_14.368399_h270.jpg,prague,50.080963,14.368399,270,2025-09,streetview
data/images/prague/50.046468_14.442254_h0.jpg,prague,50.046468,14.442254,0,2025-09,streetview
data/images/prague/50.046468_14.442254_h90.jpg,prague,50.046468,14.442254,90,2025-09,streetview
data/images/prague/50.046468_14.442254_h180.jpg,prague,50.046468,14.442254,180,2025-09,streetview
data/images/prague/50.046468_14.442254_h270.jpg,prague,50.046468,14.442254,270,2025-09,streetview
data/images/prague/50.072339_14.465812_h0.jpg,prague,50.072339,14.465812,0,2025-09,streetview
data/images/prague/50.072339_14.465812_h90.jpg,prague,50.072339,14.465812,90,2025-09,streetview
data/images/prague/50.072339_14.465812_h180.jpg,prague,50.072339,14.465812,180,2025-09,streetview
data/images/prague/50.072339_14.465812_h270.jpg,prague,50.072339,14.465812,270,2025-09,streetview
data/images/prague/50.085275_14.39528_h0.jpg,prague,50.085275,14.39528,0,2022-06,streetview
data/images/prague/50.085275_14.39528_h90.jpg,prague,50.085275,14.39528,90,2022-06,streetview
data/images/prague/50.085275_14.39528_h180.jpg,prague,50.085275,14.39528,180,2022-06,streetview
data/images/prague/50.085275_14.39528_h270.jpg,prague,50.085275,14.39528,270,2022-06,streetview
data/images/prague/50.098211_14.418816_h0.jpg,prague,50.098211,14.418816,0,2022-07,streetview
data/images/prague/50.098211_14.418816_h90.jpg,prague,50.098211,14.418816,90,2022-07,streetview
data/images/prague/50.098211_14.418816_h180.jpg,prague,50.098211,14.418816,180,2022-07,streetview
data/images/prague/50.098211_14.418816_h270.jpg,prague,50.098211,14.418816,270,2022-07,streetview
data/images/prague/50.054014_14.363358_h0.jpg,prague,50.054014,14.363358,0,2024-05,streetview
data/images/prague/50.054014_14.363358_h90.jpg,prague,50.054014,14.363358,90,2024-05,streetview
data/images/prague/50.054014_14.363358_h180.jpg,prague,50.054014,14.363358,180,2024-05,streetview
data/images/prague/50.054014_14.363358_h270.jpg,prague,50.054014,14.363358,270,2024-05,streetview
data/images/prague/50.076651_14.450704_h0.jpg,prague,50.076651,14.450704,0,2022-05,streetview
data/images/prague/50.076651_14.450704_h90.jpg,prague,50.076651,14.450704,90,2022-05,streetview
data/images/prague/50.076651_14.450704_h180.jpg,prague,50.076651,14.450704,180,2022-05,streetview
data/images/prague/50.076651_14.450704_h270.jpg,prague,50.076651,14.450704,270,2022-05,streetview
data/images/prague/50.061559_14.435563_h0.jpg,prague,50.061559,14.435563,0,2025-09,streetview
data/images/prague/50.061559_14.435563_h90.jpg,prague,50.061559,14.435563,90,2025-09,streetview
data/images/prague/50.061559_14.435563_h180.jpg,prague,50.061559,14.435563,180,2025-09,streetview
data/images/prague/50.061559_14.435563_h270.jpg,prague,50.061559,14.435563,270,2025-09,streetview
data/images/prague/50.057248_14.383506_h0.jpg,prague,50.057248,14.383506,0,2025-08,streetview
data/images/prague/50.057248_14.383506_h90.jpg,prague,50.057248,14.383506,90,2025-08,streetview
data/images/prague/50.057248_14.383506_h180.jpg,prague,50.057248,14.383506,180,2025-08,streetview
data/images/prague/50.057248_14.383506_h270.jpg,prague,50.057248,14.383506,270,2025-08,streetview
data/images/prague/50.051858_14.474161_h0.jpg,prague,50.051858,14.474161,0,2019-08,streetview
data/images/prague/50.051858_14.474161_h90.jpg,prague,50.051858,14.474161,90,2019-08,streetview
data/images/prague/50.051858_14.474161_h180.jpg,prague,50.051858,14.474161,180,2019-08,streetview
data/images/prague/50.051858_14.474161_h270.jpg,prague,50.051858,14.474161,270,2019-08,streetview
data/images/prague/50.090665_14.44065_h0.jpg,prague,50.090665,14.44065,0,2024-05,streetview
data/images/prague/50.090665_14.44065_h90.jpg,prague,50.090665,14.44065,90,2024-05,streetview
data/images/prague/50.090665_14.44065_h180.jpg,prague,50.090665,14.44065,180,2024-05,streetview
data/images/prague/50.090665_14.44065_h270.jpg,prague,50.090665,14.44065,270,2024-05,streetview
data/images/prague/50.093899_14.457458_h0.jpg,prague,50.093899,14.457458,0,2025-09,streetview
data/images/prague/50.093899_14.457458_h90.jpg,prague,50.093899,14.457458,90,2025-09,streetview
data/images/prague/50.093899_14.457458_h180.jpg,prague,50.093899,14.457458,180,2025-09,streetview
data/images/prague/50.093899_14.457458_h270.jpg,prague,50.093899,14.457458,270,2025-09,streetview
data/images/prague/50.072339_14.388552_h0.jpg,prague,50.072339,14.388552,0,2025-04,streetview
data/images/prague/50.072339_14.388552_h90.jpg,prague,50.072339,14.388552,90,2025-04,streetview
data/images/prague/50.072339_14.388552_h180.jpg,prague,50.072339,14.388552,180,2025-04,streetview
data/images/prague/50.072339_14.388552_h270.jpg,prague,50.072339,14.388552,270,2025-04,streetview
data/images/prague/50.066949_14.422137_h0.jpg,prague,50.066949,14.422137,0,2025-09,streetview
data/images/prague/50.066949_14.422137_h90.jpg,prague,50.066949,14.422137,90,2025-09,streetview
data/images/prague/50.066949_14.422137_h180.jpg,prague,50.066949,14.422137,180,2025-09,streetview
data/images/prague/50.066949_14.422137_h270.jpg,prague,50.066949,14.422137,270,2025-09,streetview
data/images/prague/50.097133_14.435619_h0.jpg,prague,50.097133,14.435619,0,2024-10,streetview
data/images/prague/50.097133_14.435619_h90.jpg,prague,50.097133,14.435619,90,2024-10,streetview
data/images/prague/50.097133_14.435619_h180.jpg,prague,50.097133,14.435619,180,2024-10,streetview
data/images/prague/50.097133_14.435619_h270.jpg,prague,50.097133,14.435619,270,2024-10,streetview
data/images/prague/50.04_14.422102_h0.jpg,prague,50.04,14.422102,0,2025-08,streetview
data/images/prague/50.04_14.422102_h90.jpg,prague,50.04,14.422102,90,2025-08,streetview
data/images/prague/50.04_14.422102_h180.jpg,prague,50.04,14.422102,180,2025-08,streetview
data/images/prague/50.04_14.422102_h270.jpg,prague,50.04,14.422102,270,2025-08,streetview
data/images/prague/50.085275_14.4272_h0.jpg,prague,50.085275,14.4272,0,2024-05,streetview
data/images/prague/50.085275_14.4272_h90.jpg,prague,50.085275,14.4272,90,2024-05,streetview
data/images/prague/50.085275_14.4272_h180.jpg,prague,50.085275,14.4272,180,2024-05,streetview
data/images/prague/50.085275_14.4272_h270.jpg,prague,50.085275,14.4272,270,2024-05,streetview
data/images/prague/50.080963_14.371759_h0.jpg,prague,50.080963,14.371759,0,2025-09,streetview
data/images/prague/50.080963_14.371759_h90.jpg,prague,50.080963,14.371759,90,2025-09,streetview
data/images/prague/50.080963_14.371759_h180.jpg,prague,50.080963,14.371759,180,2025-09,streetview
data/images/prague/50.080963_14.371759_h270.jpg,prague,50.080963,14.371759,270,2025-09,streetview
data/images/prague/50.102522_14.370084_h0.jpg,prague,50.102522,14.370084,0,2025-09,streetview
data/images/prague/50.102522_14.370084_h90.jpg,prague,50.102522,14.370084,90,2025-09,streetview
data/images/prague/50.102522_14.370084_h180.jpg,prague,50.102522,14.370084,180,2025-09,streetview
data/images/prague/50.102522_14.370084_h270.jpg,prague,50.102522,14.370084,270,2025-09,streetview
data/images/prague/50.073417_14.425504_h0.jpg,prague,50.073417,14.425504,0,2018-11,streetview
data/images/prague/50.073417_14.425504_h90.jpg,prague,50.073417,14.425504,90,2018-11,streetview
data/images/prague/50.073417_14.425504_h180.jpg,prague,50.073417,14.425504,180,2018-11,streetview
data/images/prague/50.073417_14.425504_h270.jpg,prague,50.073417,14.425504,270,2018-11,streetview
data/images/prague/50.05078_14.467443_h0.jpg,prague,50.05078,14.467443,0,2025-09,streetview
data/images/prague/50.05078_14.467443_h90.jpg,prague,50.05078,14.467443,90,2025-09,streetview
data/images/prague/50.05078_14.467443_h180.jpg,prague,50.05078,14.467443,180,2025-09,streetview
data/images/prague/50.05078_14.467443_h270.jpg,prague,50.05078,14.467443,270,2025-09,streetview
data/images/prague/50.077729_14.407033_h0.jpg,prague,50.077729,14.407033,0,2024-05,streetview
data/images/prague/50.077729_14.407033_h90.jpg,prague,50.077729,14.407033,90,2024-05,streetview
data/images/prague/50.077729_14.407033_h180.jpg,prague,50.077729,14.407033,180,2024-05,streetview
data/images/prague/50.077729_14.407033_h270.jpg,prague,50.077729,14.407033,270,2024-05,streetview
data/images/prague/50.092821_14.366721_h0.jpg,prague,50.092821,14.366721,0,2025-09,streetview
data/images/prague/50.092821_14.366721_h90.jpg,prague,50.092821,14.366721,90,2025-09,streetview
data/images/prague/50.092821_14.366721_h180.jpg,prague,50.092821,14.366721,180,2025-09,streetview
data/images/prague/50.092821_14.366721_h270.jpg,prague,50.092821,14.366721,270,2025-09,streetview
data/images/prague/50.059404_14.443955_h0.jpg,prague,50.059404,14.443955,0,2025-09,streetview
data/images/prague/50.059404_14.443955_h90.jpg,prague,50.059404,14.443955,90,2025-09,streetview
data/images/prague/50.059404_14.443955_h180.jpg,prague,50.059404,14.443955,180,2025-09,streetview
data/images/prague/50.059404_14.443955_h270.jpg,prague,50.059404,14.443955,270,2025-09,streetview
data/images/prague/50.073417_14.393592_h0.jpg,prague,50.073417,14.393592,0,2025-09,streetview
data/images/prague/50.073417_14.393592_h90.jpg,prague,50.073417,14.393592,90,2025-09,streetview
data/images/prague/50.073417_14.393592_h180.jpg,prague,50.073417,14.393592,180,2025-09,streetview
data/images/prague/50.073417_14.393592_h270.jpg,prague,50.073417,14.393592,270,2025-09,streetview
data/images/prague/50.104678_14.400337_h0.jpg,prague,50.104678,14.400337,0,2025-09,streetview
data/images/prague/50.104678_14.400337_h90.jpg,prague,50.104678,14.400337,90,2025-09,streetview
data/images/prague/50.104678_14.400337_h180.jpg,prague,50.104678,14.400337,180,2025-09,streetview
data/images/prague/50.104678_14.400337_h270.jpg,prague,50.104678,14.400337,270,2025-09,streetview
data/images/prague/50.074495_14.413748_h0.jpg,prague,50.074495,14.413748,0,2019-10,streetview
data/images/prague/50.074495_14.413748_h90.jpg,prague,50.074495,14.413748,90,2019-10,streetview
data/images/prague/50.074495_14.413748_h180.jpg,prague,50.074495,14.413748,180,2019-10,streetview
data/images/prague/50.074495_14.413748_h270.jpg,prague,50.074495,14.413748,270,2019-10,streetview
data/images/prague/50.057248_14.423803_h0.jpg,prague,50.057248,14.423803,0,2024-05,streetview
data/images/prague/50.057248_14.423803_h90.jpg,prague,50.057248,14.423803,90,2024-05,streetview
data/images/prague/50.057248_14.423803_h180.jpg,prague,50.057248,14.423803,180,2024-05,streetview
data/images/prague/50.057248_14.423803_h270.jpg,prague,50.057248,14.423803,270,2024-05,streetview
data/images/prague/50.042156_14.395249_h0.jpg,prague,50.042156,14.395249,0,2025-08,streetview
data/images/prague/50.042156_14.395249_h90.jpg,prague,50.042156,14.395249,90,2025-08,streetview
data/images/prague/50.042156_14.395249_h180.jpg,prague,50.042156,14.395249,180,2025-08,streetview
data/images/prague/50.042156_14.395249_h270.jpg,prague,50.042156,14.395249,270,2025-08,streetview
data/images/prague/50.074495_14.464137_h0.jpg,prague,50.074495,14.464137,0,2025-09,streetview
data/images/prague/50.074495_14.464137_h90.jpg,prague,50.074495,14.464137,90,2025-09,streetview
data/images/prague/50.074495_14.464137_h180.jpg,prague,50.074495,14.464137,180,2025-09,streetview
data/images/prague/50.074495_14.464137_h270.jpg,prague,50.074495,14.464137,270,2025-09,streetview
data/images/prague/50.105756_14.370084_h0.jpg,prague,50.105756,14.370084,0,2025-09,streetview
data/images/prague/50.105756_14.370084_h90.jpg,prague,50.105756,14.370084,90,2025-09,streetview
data/images/prague/50.105756_14.370084_h180.jpg,prague,50.105756,14.370084,180,2025-09,streetview
data/images/prague/50.105756_14.370084_h270.jpg,prague,50.105756,14.370084,270,2025-09,streetview
data/images/prague/50.075573_14.413749_h0.jpg,prague,50.075573,14.413749,0,2025-07,streetview
data/images/prague/50.075573_14.413749_h90.jpg,prague,50.075573,14.413749,90,2025-07,streetview
data/images/prague/50.075573_14.413749_h180.jpg,prague,50.075573,14.413749,180,2025-07,streetview
data/images/prague/50.075573_14.413749_h270.jpg,prague,50.075573,14.413749,270,2025-07,streetview
data/images/prague/50.069105_14.452369_h0.jpg,prague,50.069105,14.452369,0,2025-09,streetview
data/images/prague/50.069105_14.452369_h90.jpg,prague,50.069105,14.452369,90,2025-09,streetview
data/images/prague/50.069105_14.452369_h180.jpg,prague,50.069105,14.452369,180,2025-09,streetview
data/images/prague/50.069105_14.452369_h270.jpg,prague,50.069105,14.452369,270,2025-09,streetview
data/images/prague/50.072339_14.410387_h0.jpg,prague,50.072339,14.410387,0,2019-07,streetview
data/images/prague/50.072339_14.410387_h90.jpg,prague,50.072339,14.410387,90,2019-07,streetview
data/images/prague/50.072339_14.410387_h180.jpg,prague,50.072339,14.410387,180,2019-07,streetview
data/images/prague/50.072339_14.410387_h270.jpg,prague,50.072339,14.410387,270,2019-07,streetview
data/images/prague/50.061559_14.418771_h0.jpg,prague,50.061559,14.418771,0,2025-09,streetview
data/images/prague/50.061559_14.418771_h90.jpg,prague,50.061559,14.418771,90,2025-09,streetview
data/images/prague/50.061559_14.418771_h180.jpg,prague,50.061559,14.418771,180,2025-09,streetview
data/images/prague/50.061559_14.418771_h270.jpg,prague,50.061559,14.418771,270,2025-09,streetview
data/images/prague/50.060481_14.368396_h0.jpg,prague,50.060481,14.368396,0,2025-08,streetview
data/images/prague/50.060481_14.368396_h90.jpg,prague,50.060481,14.368396,90,2025-08,streetview
data/images/prague/50.060481_14.368396_h180.jpg,prague,50.060481,14.368396,180,2025-08,streetview
data/images/prague/50.060481_14.368396_h270.jpg,prague,50.060481,14.368396,270,2025-08,streetview
data/images/prague/50.044312_14.435536_h0.jpg,prague,50.044312,14.435536,0,2025-09,streetview
data/images/prague/50.044312_14.435536_h90.jpg,prague,50.044312,14.435536,90,2025-09,streetview
data/images/prague/50.044312_14.435536_h180.jpg,prague,50.044312,14.435536,180,2025-09,streetview
data/images/prague/50.044312_14.435536_h270.jpg,prague,50.044312,14.435536,270,2025-09,streetview
data/images/prague/50.107912_14.365042_h0.jpg,prague,50.107912,14.365042,0,2025-06,streetview
data/images/prague/50.107912_14.365042_h90.jpg,prague,50.107912,14.365042,90,2025-06,streetview
data/images/prague/50.107912_14.365042_h180.jpg,prague,50.107912,14.365042,180,2025-06,streetview
data/images/prague/50.107912_14.365042_h270.jpg,prague,50.107912,14.365042,270,2025-06,streetview
data/images/prague/50.071261_14.432219_h0.jpg,prague,50.071261,14.432219,0,2019-10,streetview
data/images/prague/50.071261_14.432219_h90.jpg,prague,50.071261,14.432219,90,2019-10,streetview
data/images/prague/50.071261_14.432219_h180.jpg,prague,50.071261,14.432219,180,2019-10,streetview
data/images/prague/50.071261_14.432219_h270.jpg,prague,50.071261,14.432219,270,2019-10,streetview
data/images/prague/50.057248_14.425482_h0.jpg,prague,50.057248,14.425482,0,2025-09,streetview
data/images/prague/50.057248_14.425482_h90.jpg,prague,50.057248,14.425482,90,2025-09,streetview
data/images/prague/50.057248_14.425482_h180.jpg,prague,50.057248,14.425482,180,2025-09,streetview
data/images/prague/50.057248_14.425482_h270.jpg,prague,50.057248,14.425482,270,2025-09,streetview
data/images/prague/50.05078_14.448977_h0.jpg,prague,50.05078,14.448977,0,2025-09,streetview
data/images/prague/50.05078_14.448977_h90.jpg,prague,50.05078,14.448977,90,2025-09,streetview
data/images/prague/50.05078_14.448977_h180.jpg,prague,50.05078,14.448977,180,2025-09,streetview
data/images/prague/50.05078_14.448977_h270.jpg,prague,50.05078,14.448977,270,2025-09,streetview
data/images/prague/50.066949_14.457403_h0.jpg,prague,50.066949,14.457403,0,2022-08,streetview
data/images/prague/50.066949_14.457403_h90.jpg,prague,50.066949,14.457403,90,2022-08,streetview
data/images/prague/50.066949_14.457403_h180.jpg,prague,50.066949,14.457403,180,2022-08,streetview
data/images/prague/50.066949_14.457403_h270.jpg,prague,50.066949,14.457403,270,2022-08,streetview
data/images/prague/50.092821_14.371762_h0.jpg,prague,50.092821,14.371762,0,2025-09,streetview
data/images/prague/50.092821_14.371762_h90.jpg,prague,50.092821,14.371762,90,2025-09,streetview
data/images/prague/50.092821_14.371762_h180.jpg,prague,50.092821,14.371762,180,2025-09,streetview
data/images/prague/50.092821_14.371762_h270.jpg,prague,50.092821,14.371762,270,2025-09,streetview
data/images/prague/50.087431_14.474246_h0.jpg,prague,50.087431,14.474246,0,2024-09,streetview
data/images/prague/50.087431_14.474246_h90.jpg,prague,50.087431,14.474246,90,2024-09,streetview
data/images/prague/50.087431_14.474246_h180.jpg,prague,50.087431,14.474246,180,2024-09,streetview
data/images/prague/50.087431_14.474246_h270.jpg,prague,50.087431,14.474246,270,2024-09,streetview
data/images/prague/50.076651_14.440626_h0.jpg,prague,50.076651,14.440626,0,2024-05,streetview
data/images/prague/50.076651_14.440626_h90.jpg,prague,50.076651,14.440626,90,2024-05,streetview
data/images/prague/50.076651_14.440626_h180.jpg,prague,50.076651,14.440626,180,2024-05,streetview
data/images/prague/50.076651_14.440626_h270.jpg,prague,50.076651,14.440626,270,2024-05,streetview
data/images/prague/50.099289_14.370083_h0.jpg,prague,50.099289,14.370083,0,2024-05,streetview
data/images/prague/50.099289_14.370083_h90.jpg,prague,50.099289,14.370083,90,2024-05,streetview
data/images/prague/50.099289_14.370083_h180.jpg,prague,50.099289,14.370083,180,2024-05,streetview
data/images/prague/50.099289_14.370083_h270.jpg,prague,50.099289,14.370083,270,2024-05,streetview
data/images/prague/50.065871_14.386869_h0.jpg,prague,50.065871,14.386869,0,2025-09,streetview
data/images/prague/50.065871_14.386869_h90.jpg,prague,50.065871,14.386869,90,2025-09,streetview
data/images/prague/50.065871_14.386869_h180.jpg,prague,50.065871,14.386869,180,2025-09,streetview
data/images/prague/50.065871_14.386869_h270.jpg,prague,50.065871,14.386869,270,2025-09,streetview
data/images/prague/50.079885_14.425513_h0.jpg,prague,50.079885,14.425513,0,2024-05,streetview
data/images/prague/50.079885_14.425513_h90.jpg,prague,50.079885,14.425513,90,2024-05,streetview
data/images/prague/50.079885_14.425513_h180.jpg,prague,50.079885,14.425513,180,2024-05,streetview
data/images/prague/50.079885_14.425513_h270.jpg,prague,50.079885,14.425513,270,2024-05,streetview
data/images/prague/50.05078_14.460728_h0.jpg,prague,50.05078,14.460728,0,2024-05,streetview
data/images/prague/50.05078_14.460728_h90.jpg,prague,50.05078,14.460728,90,2024-05,streetview
data/images/prague/50.05078_14.460728_h180.jpg,prague,50.05078,14.460728,180,2024-05,streetview
data/images/prague/50.05078_14.460728_h270.jpg,prague,50.05078,14.460728,270,2024-05,streetview
data/images/prague/50.087431_14.385201_h0.jpg,prague,50.087431,14.385201,0,2025-09,streetview
data/images/prague/50.087431_14.385201_h90.jpg,prague,50.087431,14.385201,90,2025-09,streetview
data/images/prague/50.087431_14.385201_h180.jpg,prague,50.087431,14.385201,180,2025-09,streetview
data/images/prague/50.087431_14.385201_h270.jpg,prague,50.087431,14.385201,270,2025-09,streetview
data/images/prague/50.04539_14.428823_h0.jpg,prague,50.04539,14.428823,0,2025-09,streetview
data/images/prague/50.04539_14.428823_h90.jpg,prague,50.04539,14.428823,90,2025-09,streetview
data/images/prague/50.04539_14.428823_h180.jpg,prague,50.04539,14.428823,180,2025-09,streetview
data/images/prague/50.04539_14.428823_h270.jpg,prague,50.04539,14.428823,270,2025-09,streetview
data/images/prague/50.065871_14.450684_h0.jpg,prague,50.065871,14.450684,0,2024-05,streetview
data/images/prague/50.065871_14.450684_h90.jpg,prague,50.065871,14.450684,90,2024-05,streetview
data/images/prague/50.065871_14.450684_h180.jpg,prague,50.065871,14.450684,180,2024-05,streetview
data/images/prague/50.065871_14.450684_h270.jpg,prague,50.065871,14.450684,270,2024-05,streetview
data/images/prague/50.04539_14.415394_h0.jpg,prague,50.04539,14.415394,0,2024-05,streetview
data/images/prague/50.04539_14.415394_h90.jpg,prague,50.04539,14.415394,90,2024-05,streetview
data/images/prague/50.04539_14.415394_h180.jpg,prague,50.04539,14.415394,180,2024-05,streetview
data/images/prague/50.04539_14.415394_h270.jpg,prague,50.04539,14.415394,270,2024-05,streetview
data/images/prague/50.094977_14.398648_h0.jpg,prague,50.094977,14.398648,0,2024-09,streetview
data/images/prague/50.094977_14.398648_h90.jpg,prague,50.094977,14.398648,90,2024-09,streetview
data/images/prague/50.094977_14.398648_h180.jpg,prague,50.094977,14.398648,180,2024-09,streetview
data/images/prague/50.094977_14.398648_h270.jpg,prague,50.094977,14.398648,270,2024-09,streetview
data/images/prague/50.083119_14.469196_h0.jpg,prague,50.083119,14.469196,0,2018-05,streetview
data/images/prague/50.083119_14.469196_h90.jpg,prague,50.083119,14.469196,90,2018-05,streetview
data/images/prague/50.083119_14.469196_h180.jpg,prague,50.083119,14.469196,180,2018-05,streetview
data/images/prague/50.083119_14.469196_h270.jpg,prague,50.083119,14.469196,270,2018-05,streetview
data/images/prague/50.092821_14.430572_h0.jpg,prague,50.092821,14.430572,0,2025-09,streetview
data/images/prague/50.092821_14.430572_h90.jpg,prague,50.092821,14.430572,90,2025-09,streetview
data/images/prague/50.092821_14.430572_h180.jpg,prague,50.092821,14.430572,180,2025-09,streetview
data/images/prague/50.092821_14.430572_h270.jpg,prague,50.092821,14.430572,270,2025-09,streetview
data/images/prague/50.084197_14.38016_h0.jpg,prague,50.084197,14.38016,0,2025-09,streetview
data/images/prague/50.084197_14.38016_h90.jpg,prague,50.084197,14.38016,90,2025-09,streetview
data/images/prague/50.084197_14.38016_h180.jpg,prague,50.084197,14.38016,180,2025-09,streetview
data/images/prague/50.084197_14.38016_h270.jpg,prague,50.084197,14.38016,270,2025-09,streetview
data/images/prague/50.077729_14.388556_h0.jpg,prague,50.077729,14.388556,0,2025-07,streetview
data/images/prague/50.077729_14.388556_h90.jpg,prague,50.077729,14.388556,90,2025-07,streetview
data/images/prague/50.077729_14.388556_h180.jpg,prague,50.077729,14.388556,180,2025-07,streetview
data/images/prague/50.077729_14.388556_h270.jpg,prague,50.077729,14.388556,270,2025-07,streetview
data/images/prague/50.087431_14.371761_h0.jpg,prague,50.087431,14.371761,0,2025-09,streetview
data/images/prague/50.087431_14.371761_h90.jpg,prague,50.087431,14.371761,90,2025-09,streetview
data/images/prague/50.087431_14.371761_h180.jpg,prague,50.087431,14.371761,180,2025-09,streetview
data/images/prague/50.087431_14.371761_h270.jpg,prague,50.087431,14.371761,270,2025-09,streetview
data/images/prague/50.104678_14.375126_h0.jpg,prague,50.104678,14.375126,0,2025-09,streetview
data/images/prague/50.104678_14.375126_h90.jpg,prague,50.104678,14.375126,90,2025-09,streetview
data/images/prague/50.104678_14.375126_h180.jpg,prague,50.104678,14.375126,180,2025-09,streetview
data/images/prague/50.104678_14.375126_h270.jpg,prague,50.104678,14.375126,270,2025-09,streetview
data/images/prague/50.093899_14.459138_h0.jpg,prague,50.093899,14.459138,0,2025-09,streetview
data/images/prague/50.093899_14.459138_h90.jpg,prague,50.093899,14.459138,90,2025-09,streetview
data/images/prague/50.093899_14.459138_h180.jpg,prague,50.093899,14.459138,180,2025-09,streetview
data/images/prague/50.093899_14.459138_h270.jpg,prague,50.093899,14.459138,270,2025-09,streetview
data/images/prague/50.082041_14.420476_h0.jpg,prague,50.082041,14.420476,0,2024-05,streetview
data/images/prague/50.082041_14.420476_h90.jpg,prague,50.082041,14.420476,90,2024-05,streetview
data/images/prague/50.082041_14.420476_h180.jpg,prague,50.082041,14.420476,180,2024-05,streetview
data/images/prague/50.082041_14.420476_h270.jpg,prague,50.082041,14.420476,270,2024-05,streetview
data/images/prague/50.101444_14.449071_h0.jpg,prague,50.101444,14.449071,0,2025-09,streetview
data/images/prague/50.101444_14.449071_h90.jpg,prague,50.101444,14.449071,90,2025-09,streetview
data/images/prague/50.101444_14.449071_h180.jpg,prague,50.101444,14.449071,180,2025-09,streetview
data/images/prague/50.101444_14.449071_h270.jpg,prague,50.101444,14.449071,270,2025-09,streetview
data/images/prague/50.098211_14.370083_h0.jpg,prague,50.098211,14.370083,0,2025-09,streetview
data/images/prague/50.098211_14.370083_h90.jpg,prague,50.098211,14.370083,90,2025-09,streetview
data/images/prague/50.098211_14.370083_h180.jpg,prague,50.098211,14.370083,180,2025-09,streetview
data/images/prague/50.098211_14.370083_h270.jpg,prague,50.098211,14.370083,270,2025-09,streetview
data/images/prague/50.055092_14.437232_h0.jpg,prague,50.055092,14.437232,0,2024-05,streetview
data/images/prague/50.055092_14.437232_h90.jpg,prague,50.055092,14.437232,90,2024-05,streetview
data/images/prague/50.055092_14.437232_h180.jpg,prague,50.055092,14.437232,180,2024-05,streetview
data/images/prague/50.055092_14.437232_h270.jpg,prague,50.055092,14.437232,270,2024-05,streetview
data/images/prague/50.073417_14.475892_h0.jpg,prague,50.073417,14.475892,0,2025-07,streetview
data/images/prague/50.073417_14.475892_h90.jpg,prague,50.073417,14.475892,90,2025-07,streetview
data/images/prague/50.073417_14.475892_h180.jpg,prague,50.073417,14.475892,180,2025-07,streetview
data/images/prague/50.073417_14.475892_h270.jpg,prague,50.073417,14.475892,270,2025-07,streetview
data/images/prague/50.055092_14.366716_h0.jpg,prague,50.055092,14.366716,0,2025-08,streetview
data/images/prague/50.055092_14.366716_h90.jpg,prague,50.055092,14.366716,90,2025-08,streetview
data/images/prague/50.055092_14.366716_h180.jpg,prague,50.055092,14.366716,180,2025-08,streetview
data/images/prague/50.055092_14.366716_h270.jpg,prague,50.055092,14.366716,270,2025-08,streetview
data/images/prague/50.044312_14.44225_h0.jpg,prague,50.044312,14.44225,0,2025-09,streetview
data/images/prague/50.044312_14.44225_h90.jpg,prague,50.044312,14.44225,90,2025-09,streetview
data/images/prague/50.044312_14.44225_h180.jpg,prague,50.044312,14.44225,180,2025-09,streetview
data/images/prague/50.044312_14.44225_h270.jpg,prague,50.044312,14.44225,270,2025-09,streetview
data/images/prague/50.10899_14.477659_h0.jpg,prague,50.10899,14.477659,0,2025-08,streetview
data/images/prague/50.10899_14.477659_h90.jpg,prague,50.10899,14.477659,90,2025-08,streetview
data/images/prague/50.10899_14.477659_h180.jpg,prague,50.10899,14.477659,180,2025-08,streetview
data/images/prague/50.10899_14.477659_h270.jpg,prague,50.10899,14.477659,270,2025-08,streetview
data/images/prague/50.052936_14.433871_h0.jpg,prague,50.052936,14.433871,0,2025-09,streetview
data/images/prague/50.052936_14.433871_h90.jpg,prague,50.052936,14.433871,90,2025-09,streetview
data/images/prague/50.052936_14.433871_h180.jpg,prague,50.052936,14.433871,180,2025-09,streetview
data/images/prague/50.052936_14.433871_h270.jpg,prague,50.052936,14.433871,270,2025-09,streetview
data/images/prague/50.072339_14.383514_h0.jpg,prague,50.072339,14.383514,0,2025-09,streetview
data/images/prague/50.072339_14.383514_h90.jpg,prague,50.072339,14.383514,90,2025-09,streetview
data/images/prague/50.072339_14.383514_h180.jpg,prague,50.072339,14.383514,180,2025-09,streetview
data/images/prague/50.072339_14.383514_h270.jpg,prague,50.072339,14.383514,270,2025-09,streetview
data/images/prague/50.066949_14.459083_h0.jpg,prague,50.066949,14.459083,0,2025-09,streetview
data/images/prague/50.066949_14.459083_h90.jpg,prague,50.066949,14.459083,90,2025-09,streetview
data/images/prague/50.066949_14.459083_h180.jpg,prague,50.066949,14.459083,180,2025-09,streetview
data/images/prague/50.066949_14.459083_h270.jpg,prague,50.066949,14.459083,270,2025-09,streetview
data/images/prague/50.10899_14.425553_h0.jpg,prague,50.10899,14.425553,0,2023-06,streetview
data/images/prague/50.10899_14.425553_h90.jpg,prague,50.10899,14.425553,90,2023-06,streetview
data/images/prague/50.10899_14.425553_h180.jpg,prague,50.10899,14.425553,180,2023-06,streetview
data/images/prague/50.10899_14.425553_h270.jpg,prague,50.10899,14.425553,270,2023-06,streetview
data/images/prague/50.051858_14.438906_h0.jpg,prague,50.051858,14.438906,0,2024-05,streetview
data/images/prague/50.051858_14.438906_h90.jpg,prague,50.051858,14.438906,90,2024-05,streetview
data/images/prague/50.051858_14.438906_h180.jpg,prague,50.051858,14.438906,180,2024-05,streetview
data/images/prague/50.051858_14.438906_h270.jpg,prague,50.051858,14.438906,270,2024-05,streetview
data/images/prague/50.106834_14.455804_h0.jpg,prague,50.106834,14.455804,0,2024-05,streetview
data/images/prague/50.106834_14.455804_h90.jpg,prague,50.106834,14.455804,90,2024-05,streetview
data/images/prague/50.106834_14.455804_h180.jpg,prague,50.106834,14.455804,180,2024-05,streetview
data/images/prague/50.074495_14.423826_h0.jpg,prague,50.074495,14.423826,0,2025-09,streetview
data/images/prague/50.074495_14.423826_h90.jpg,prague,50.074495,14.423826,90,2025-09,streetview
data/images/prague/50.074495_14.423826_h180.jpg,prague,50.074495,14.423826,180,2025-09,streetview
data/images/prague/50.074495_14.423826_h270.jpg,prague,50.074495,14.423826,270,2025-09,streetview
data/images/prague/50.070183_14.401987_h0.jpg,prague,50.070183,14.401987,0,2024-05,streetview
data/images/prague/50.070183_14.401987_h90.jpg,prague,50.070183,14.401987,90,2024-05,streetview
data/images/prague/50.070183_14.401987_h180.jpg,prague,50.070183,14.401987,180,2024-05,streetview
data/images/prague/50.070183_14.401987_h270.jpg,prague,50.070183,14.401987,270,2024-05,streetview
data/images/prague/50.106834_14.479334_h0.jpg,prague,50.106834,14.479334,0,2019-07,streetview
data/images/prague/50.106834_14.479334_h90.jpg,prague,50.106834,14.479334,90,2019-07,streetview
data/images/prague/50.106834_14.479334_h180.jpg,prague,50.106834,14.479334,180,2019-07,streetview
data/images/prague/50.106834_14.479334_h270.jpg,prague,50.106834,14.479334,270,2019-07,streetview
data/images/prague/50.101444_14.391931_h0.jpg,prague,50.101444,14.391931,0,2025-09,streetview
data/images/prague/50.101444_14.391931_h90.jpg,prague,50.101444,14.391931,90,2025-09,streetview
data/images/prague/50.101444_14.391931_h180.jpg,prague,50.101444,14.391931,180,2025-09,streetview
data/images/prague/50.101444_14.391931_h270.jpg,prague,50.101444,14.391931,270,2025-09,streetview
data/images/prague/50.064793_14.386869_h0.jpg,prague,50.064793,14.386869,0,2019-09,streetview
data/images/prague/50.064793_14.386869_h90.jpg,prague,50.064793,14.386869,90,2019-09,streetview
data/images/prague/50.064793_14.386869_h180.jpg,prague,50.064793,14.386869,180,2019-09,streetview
data/images/prague/50.064793_14.386869_h270.jpg,prague,50.064793,14.386869,270,2019-09,streetview
data/images/prague/50.072339_14.385193_h0.jpg,prague,50.072339,14.385193,0,2025-09,streetview
data/images/prague/50.072339_14.385193_h90.jpg,prague,50.072339,14.385193,90,2025-09,streetview
data/images/prague/50.072339_14.385193_h180.jpg,prague,50.072339,14.385193,180,2025-09,streetview
data/images/prague/50.072339_14.385193_h270.jpg,prague,50.072339,14.385193,270,2025-09,streetview
data/images/prague/50.068027_14.433894_h0.jpg,prague,50.068027,14.433894,0,2025-09,streetview
data/images/prague/50.068027_14.433894_h90.jpg,prague,50.068027,14.433894,90,2025-09,streetview
data/images/prague/50.068027_14.433894_h180.jpg,prague,50.068027,14.433894,180,2025-09,streetview
data/images/prague/50.068027_14.433894_h270.jpg,prague,50.068027,14.433894,270,2025-09,streetview
data/images/prague/50.075573_14.420468_h0.jpg,prague,50.075573,14.420468,0,2019-12,streetview
data/images/prague/50.075573_14.420468_h90.jpg,prague,50.075573,14.420468,90,2019-12,streetview
data/images/prague/50.075573_14.420468_h180.jpg,prague,50.075573,14.420468,180,2019-12,streetview
data/images/prague/50.075573_14.420468_h270.jpg,prague,50.075573,14.420468,270,2019-12,streetview
data/images/prague/50.075573_14.454062_h0.jpg,prague,50.075573,14.454062,0,2020-05,streetview
data/images/prague/50.075573_14.454062_h90.jpg,prague,50.075573,14.454062,90,2020-05,streetview
data/images/prague/50.075573_14.454062_h180.jpg,prague,50.075573,14.454062,180,2020-05,streetview
data/images/prague/50.075573_14.454062_h270.jpg,prague,50.075573,14.454062,270,2020-05,streetview
data/images/prague/50.093899_14.447376_h0.jpg,prague,50.093899,14.447376,0,2025-08,streetview
data/images/prague/50.093899_14.447376_h90.jpg,prague,50.093899,14.447376,90,2025-08,streetview
data/images/prague/50.093899_14.447376_h180.jpg,prague,50.093899,14.447376,180,2025-08,streetview
data/images/prague/50.093899_14.447376_h270.jpg,prague,50.093899,14.447376,270,2025-08,streetview
data/images/prague/50.055092_14.375111_h0.jpg,prague,50.055092,14.375111,0,2024-05,streetview
data/images/prague/50.055092_14.375111_h90.jpg,prague,50.055092,14.375111,90,2024-05,streetview
data/images/prague/50.055092_14.375111_h180.jpg,prague,50.055092,14.375111,180,2024-05,streetview
data/images/prague/50.055092_14.375111_h270.jpg,prague,50.055092,14.375111,270,2024-05,streetview
data/images/prague/50.084197_14.395279_h0.jpg,prague,50.084197,14.395279,0,2020-01,streetview
data/images/prague/50.084197_14.395279_h90.jpg,prague,50.084197,14.395279,90,2020-01,streetview
data/images/prague/50.084197_14.395279_h180.jpg,prague,50.084197,14.395279,180,2020-01,streetview
data/images/prague/50.084197_14.395279_h270.jpg,prague,50.084197,14.395279,270,2020-01,streetview
data/images/prague/50.073417_14.457417_h0.jpg,prague,50.073417,14.457417,0,2025-08,streetview
data/images/prague/50.073417_14.457417_h90.jpg,prague,50.073417,14.457417,90,2025-08,streetview
data/images/prague/50.073417_14.457417_h180.jpg,prague,50.073417,14.457417,180,2025-08,streetview
data/images/prague/50.073417_14.457417_h270.jpg,prague,50.073417,14.457417,270,2025-08,streetview
data/images/prague/50.090665_14.437289_h0.jpg,prague,50.090665,14.437289,0,2025-09,streetview
data/images/prague/50.090665_14.437289_h90.jpg,prague,50.090665,14.437289,90,2025-09,streetview
data/images/prague/50.090665_14.437289_h180.jpg,prague,50.090665,14.437289,180,2025-09,streetview
data/images/prague/50.090665_14.437289_h270.jpg,prague,50.090665,14.437289,270,2025-09,streetview
data/images/prague/50.062637_14.378471_h0.jpg,prague,50.062637,14.378471,0,2025-09,streetview
data/images/prague/50.062637_14.378471_h90.jpg,prague,50.062637,14.378471,90,2025-09,streetview
data/images/prague/50.062637_14.378471_h180.jpg,prague,50.062637,14.378471,180,2025-09,streetview
data/images/prague/50.062637_14.378471_h270.jpg,prague,50.062637,14.378471,270,2025-09,streetview
data/images/prague/50.104678_14.437312_h0.jpg,prague,50.104678,14.437312,0,2025-09,streetview
data/images/prague/50.104678_14.437312_h90.jpg,prague,50.104678,14.437312,90,2025-09,streetview
data/images/prague/50.104678_14.437312_h180.jpg,prague,50.104678,14.437312,180,2025-09,streetview
data/images/prague/50.104678_14.437312_h270.jpg,prague,50.104678,14.437312,270,2025-09,streetview
data/images/prague/50.055092_14.433874_h0.jpg,prague,50.055092,14.433874,0,2024-05,streetview
data/images/prague/50.055092_14.433874_h90.jpg,prague,50.055092,14.433874,90,2024-05,streetview
data/images/prague/50.055092_14.433874_h180.jpg,prague,50.055092,14.433874,180,2024-05,streetview
data/images/prague/50.055092_14.433874_h270.jpg,prague,50.055092,14.433874,270,2024-05,streetview
data/images/prague/50.083119_14.422158_h0.jpg,prague,50.083119,14.422158,0,2024-09,streetview
data/images/prague/50.083119_14.422158_h90.jpg,prague,50.083119,14.422158,90,2024-09,streetview
data/images/prague/50.083119_14.422158_h180.jpg,prague,50.083119,14.422158,180,2024-09,streetview
data/images/prague/50.083119_14.422158_h270.jpg,prague,50.083119,14.422158,270,2024-09,streetview
data/images/prague/50.063715_14.376793_h0.jpg,prague,50.063715,14.376793,0,2025-09,streetview
data/images/prague/50.063715_14.376793_h90.jpg,prague,50.063715,14.376793,90,2025-09,streetview
data/images/prague/50.063715_14.376793_h180.jpg,prague,50.063715,14.376793,180,2025-09,streetview
data/images/prague/50.063715_14.376793_h270.jpg,prague,50.063715,14.376793,270,2025-09,streetview
data/images/prague/50.052936_14.459054_h0.jpg,prague,50.052936,14.459054,0,2024-05,streetview
data/images/prague/50.052936_14.459054_h90.jpg,prague,50.052936,14.459054,90,2024-05,streetview
data/images/prague/50.052936_14.459054_h180.jpg,prague,50.052936,14.459054,180,2024-05,streetview
data/images/prague/50.052936_14.459054_h270.jpg,prague,50.052936,14.459054,270,2024-05,streetview
data/images/prague/50.106834_14.38185_h0.jpg,prague,50.106834,14.38185,0,2025-09,streetview
data/images/prague/50.106834_14.38185_h90.jpg,prague,50.106834,14.38185,90,2025-09,streetview
data/images/prague/50.106834_14.38185_h180.jpg,prague,50.106834,14.38185,180,2025-09,streetview
data/images/prague/50.106834_14.38185_h270.jpg,prague,50.106834,14.38185,270,2025-09,streetview
data/images/prague/50.087431_14.420483_h0.jpg,prague,50.087431,14.420483,0,2021-12,streetview
data/images/prague/50.087431_14.420483_h90.jpg,prague,50.087431,14.420483,90,2021-12,streetview
data/images/prague/50.087431_14.420483_h180.jpg,prague,50.087431,14.420483,180,2021-12,streetview
data/images/prague/50.087431_14.420483_h270.jpg,prague,50.087431,14.420483,270,2021-12,streetview
data/images/prague/50.062637_14.418773_h0.jpg,prague,50.062637,14.418773,0,2018-10,streetview
data/images/prague/50.062637_14.418773_h90.jpg,prague,50.062637,14.418773,90,2018-10,streetview
data/images/prague/50.062637_14.418773_h180.jpg,prague,50.062637,14.418773,180,2018-10,streetview
data/images/prague/50.062637_14.418773_h270.jpg,prague,50.062637,14.418773,270,2018-10,streetview
data/images/prague/50.070183_14.449013_h0.jpg,prague,50.070183,14.449013,0,2019-03,streetview
data/images/prague/50.070183_14.449013_h90.jpg,prague,50.070183,14.449013,90,2019-03,streetview
data/images/prague/50.070183_14.449013_h180.jpg,prague,50.070183,14.449013,180,2019-03,streetview
data/images/prague/50.070183_14.449013_h270.jpg,prague,50.070183,14.449013,270,2019-03,streetview
data/images/prague/50.046468_14.470791_h0.jpg,prague,50.046468,14.470791,0,2025-09,streetview
data/images/prague/50.046468_14.470791_h90.jpg,prague,50.046468,14.470791,90,2025-09,streetview
data/images/prague/50.046468_14.470791_h180.jpg,prague,50.046468,14.470791,180,2025-09,streetview
data/images/prague/50.046468_14.470791_h270.jpg,prague,50.046468,14.470791,270,2025-09,streetview
data/images/prague/50.060481_14.403658_h0.jpg,prague,50.060481,14.403658,0,2025-09,streetview
data/images/prague/50.060481_14.403658_h90.jpg,prague,50.060481,14.403658,90,2025-09,streetview
data/images/prague/50.060481_14.403658_h180.jpg,prague,50.060481,14.403658,180,2025-09,streetview
data/images/prague/50.060481_14.403658_h270.jpg,prague,50.060481,14.403658,270,2025-09,streetview
data/images/prague/50.047546_14.407003_h0.jpg,prague,50.047546,14.407003,0,2025-08,streetview
data/images/prague/50.047546_14.407003_h90.jpg,prague,50.047546,14.407003,90,2025-08,streetview
data/images/prague/50.047546_14.407003_h180.jpg,prague,50.047546,14.407003,180,2025-08,streetview
data/images/prague/50.047546_14.407003_h270.jpg,prague,50.047546,14.407003,270,2025-08,streetview
data/images/prague/50.04539_14.413716_h0.jpg,prague,50.04539,14.413716,0,2025-08,streetview
data/images/prague/50.04539_14.413716_h90.jpg,prague,50.04539,14.413716,90,2025-08,streetview
data/images/prague/50.04539_14.413716_h180.jpg,prague,50.04539,14.413716,180,2025-08,streetview
data/images/prague/50.04539_14.413716_h270.jpg,prague,50.04539,14.413716,270,2025-08,streetview
data/images/prague/50.064793_14.425492_h0.jpg,prague,50.064793,14.425492,0,2024-10,streetview
data/images/prague/50.064793_14.425492_h90.jpg,prague,50.064793,14.425492,90,2024-10,streetview
data/images/prague/50.064793_14.425492_h180.jpg,prague,50.064793,14.425492,180,2024-10,streetview
data/images/prague/50.064793_14.425492_h270.jpg,prague,50.064793,14.425492,270,2024-10,streetview
data/images/prague/50.094977_14.386886_h0.jpg,prague,50.094977,14.386886,0,2025-09,streetview
data/images/prague/50.094977_14.386886_h90.jpg,prague,50.094977,14.386886,90,2025-09,streetview
data/images/prague/50.094977_14.386886_h180.jpg,prague,50.094977,14.386886,180,2025-09,streetview
data/images/prague/50.094977_14.386886_h270.jpg,prague,50.094977,14.386886,270,2025-09,streetview
data/images/prague/50.04539_14.462395_h0.jpg,prague,50.04539,14.462395,0,2024-05,streetview
data/images/prague/50.04539_14.462395_h90.jpg,prague,50.04539,14.462395,90,2024-05,streetview
data/images/prague/50.04539_14.462395_h180.jpg,prague,50.04539,14.462395,180,2024-05,streetview
data/images/prague/50.04539_14.462395_h270.jpg,prague,50.04539,14.462395,270,2024-05,streetview
data/images/prague/50.044312_14.422107_h0.jpg,prague,50.044312,14.422107,0,2025-09,streetview
data/images/prague/50.044312_14.422107_h90.jpg,prague,50.044312,14.422107,90,2025-09,streetview
data/images/prague/50.044312_14.422107_h180.jpg,prague,50.044312,14.422107,180,2025-09,streetview
data/images/prague/50.044312_14.422107_h270.jpg,prague,50.044312,14.422107,270,2025-09,streetview
data/images/prague/50.100367_14.408736_h0.jpg,prague,50.100367,14.408736,0,2025-09,streetview
data/images/prague/50.100367_14.408736_h90.jpg,prague,50.100367,14.408736,90,2025-09,streetview
data/images/prague/50.100367_14.408736_h180.jpg,prague,50.100367,14.408736,180,2025-09,streetview
data/images/prague/50.100367_14.408736_h270.jpg,prague,50.100367,14.408736,270,2025-09,streetview
data/images/prague/50.093899_14.390246_h0.jpg,prague,50.093899,14.390246,0,2024-08,streetview
data/images/prague/50.093899_14.390246_h90.jpg,prague,50.093899,14.390246,90,2024-08,streetview
data/images/prague/50.093899_14.390246_h180.jpg,prague,50.093899,14.390246,180,2024-08,streetview
data/images/prague/50.093899_14.390246_h270.jpg,prague,50.093899,14.390246,270,2024-08,streetview
data/images/prague/50.046468_14.423789_h0.jpg,prague,50.046468,14.423789,0,2025-09,streetview
data/images/prague/50.046468_14.423789_h90.jpg,prague,50.046468,14.423789,90,2025-09,streetview
data/images/prague/50.046468_14.423789_h180.jpg,prague,50.046468,14.423789,180,2025-09,streetview
data/images/prague/50.046468_14.423789_h270.jpg,prague,50.046468,14.423789,270,2025-09,streetview
data/images/prague/50.058326_14.430521_h0.jpg,prague,50.058326,14.430521,0,2025-09,streetview
data/images/prague/50.058326_14.430521_h90.jpg,prague,50.058326,14.430521,90,2025-09,streetview
data/images/prague/50.058326_14.430521_h180.jpg,prague,50.058326,14.430521,180,2025-09,streetview
data/images/prague/50.058326_14.430521_h270.jpg,prague,50.058326,14.430521,270,2025-09,streetview
data/images/prague/50.089587_14.415445_h0.jpg,prague,50.089587,14.415445,0,2024-04,streetview
data/images/prague/50.089587_14.415445_h90.jpg,prague,50.089587,14.415445,90,2024-04,streetview
data/images/prague/50.089587_14.415445_h180.jpg,prague,50.089587,14.415445,180,2024-04,streetview
data/images/prague/50.089587_14.415445_h270.jpg,prague,50.089587,14.415445,270,2024-04,streetview
data/images/prague/50.105756_14.396976_h0.jpg,prague,50.105756,14.396976,0,2025-08,streetview
data/images/prague/50.105756_14.396976_h90.jpg,prague,50.105756,14.396976,90,2025-08,streetview
data/images/prague/50.105756_14.396976_h180.jpg,prague,50.105756,14.396976,180,2025-08,streetview
data/images/prague/50.105756_14.396976_h270.jpg,prague,50.105756,14.396976,270,2025-08,streetview
data/images/prague/50.106834_14.470931_h0.jpg,prague,50.106834,14.470931,0,2025-04,streetview
data/images/prague/50.106834_14.470931_h90.jpg,prague,50.106834,14.470931,90,2025-04,streetview
data/images/prague/50.106834_14.470931_h180.jpg,prague,50.106834,14.470931,180,2025-04,streetview
data/images/prague/50.106834_14.470931_h270.jpg,prague,50.106834,14.470931,270,2025-04,streetview
data/images/prague/50.063715_14.368396_h0.jpg,prague,50.063715,14.368396,0,2025-08,streetview
data/images/prague/50.063715_14.368396_h90.jpg,prague,50.063715,14.368396,90,2025-08,streetview
data/images/prague/50.063715_14.368396_h180.jpg,prague,50.063715,14.368396,180,2025-08,streetview
data/images/prague/50.063715_14.368396_h270.jpg,prague,50.063715,14.368396,270,2025-08,streetview
data/images/prague/50.062637_14.380151_h0.jpg,prague,50.062637,14.380151,0,2025-09,streetview
data/images/prague/50.062637_14.380151_h90.jpg,prague,50.062637,14.380151,90,2025-09,streetview
data/images/prague/50.062637_14.380151_h180.jpg,prague,50.062637,14.380151,180,2025-09,streetview
data/images/prague/50.062637_14.380151_h270.jpg,prague,50.062637,14.380151,270,2025-09,streetview
data/images/prague/50.092821_14.432252_h0.jpg,prague,50.092821,14.432252,0,2024-05,streetview
data/images/prague/50.092821_14.432252_h90.jpg,prague,50.092821,14.432252,90,2024-05,streetview
data/images/prague/50.092821_14.432252_h180.jpg,prague,50.092821,14.432252,180,2024-05,streetview
data/images/prague/50.092821_14.432252_h270.jpg,prague,50.092821,14.432252,270,2024-05,streetview
data/images/prague/50.086353_14.444002_h0.jpg,prague,50.086353,14.444002,0,2025-09,streetview
data/images/prague/50.086353_14.444002_h90.jpg,prague,50.086353,14.444002,90,2025-09,streetview
data/images/prague/50.086353_14.444002_h180.jpg,prague,50.086353,14.444002,180,2025-09,streetview
data/images/prague/50.086353_14.444002_h270.jpg,prague,50.086353,14.444002,270,2025-09,streetview
data/images/prague/50.090665_14.435609_h0.jpg,prague,50.090665,14.435609,0,2024-05,streetview
data/images/prague/50.090665_14.435609_h90.jpg,prague,50.090665,14.435609,90,2024-05,streetview
data/images/prague/50.090665_14.435609_h180.jpg,prague,50.090665,14.435609,180,2024-05,streetview
data/images/prague/50.090665_14.435609_h270.jpg,prague,50.090665,14.435609,270,2024-05,streetview
data/images/prague/50.084197_14.37176_h0.jpg,prague,50.084197,14.37176,0,2024-09,streetview
data/images/prague/50.084197_14.37176_h90.jpg,prague,50.084197,14.37176,90,2024-09,streetview
data/images/prague/50.084197_14.37176_h180.jpg,prague,50.084197,14.37176,180,2024-09,streetview
data/images/prague/50.084197_14.37176_h270.jpg,prague,50.084197,14.37176,270,2024-09,streetview
data/images/prague/50.093899_14.388565_h0.jpg,prague,50.093899,14.388565,0,2025-09,streetview
data/images/prague/50.093899_14.388565_h90.jpg,prague,50.093899,14.388565,90,2025-09,streetview
data/images/prague/50.093899_14.388565_h180.jpg,prague,50.093899,14.388565,180,2025-09,streetview
data/images/prague/50.093899_14.388565_h270.jpg,prague,50.093899,14.388565,270,2025-09,streetview
data/images/prague/50.107912_14.449083_h0.jpg,prague,50.107912,14.449083,0,2025-09,streetview
data/images/prague/50.107912_14.449083_h90.jpg,prague,50.107912,14.449083,90,2025-09,streetview
data/images/prague/50.107912_14.449083_h180.jpg,prague,50.107912,14.449083,180,2025-09,streetview
data/images/prague/50.107912_14.449083_h270.jpg,prague,50.107912,14.449083,270,2025-09,streetview
data/images/prague/50.080963_14.398637_h0.jpg,prague,50.080963,14.398637,0,2025-07,streetview
data/images/prague/50.080963_14.398637_h90.jpg,prague,50.080963,14.398637,90,2025-07,streetview
data/images/prague/50.080963_14.398637_h180.jpg,prague,50.080963,14.398637,180,2025-07,streetview
data/images/prague/50.080963_14.398637_h270.jpg,prague,50.080963,14.398637,270,2025-07,streetview
data/images/prague/50.074495_14.449021_h0.jpg,prague,50.074495,14.449021,0,2021-07,streetview
data/images/prague/50.074495_14.449021_h90.jpg,prague,50.074495,14.449021,90,2021-07,streetview
data/images/prague/50.074495_14.449021_h180.jpg,prague,50.074495,14.449021,180,2021-07,streetview
data/images/prague/50.074495_14.449021_h270.jpg,prague,50.074495,14.449021,270,2021-07,streetview
data/images/prague/50.1036_14.413781_h0.jpg,prague,50.1036,14.413781,0,2024-10,streetview
data/images/prague/50.1036_14.413781_h90.jpg,prague,50.1036,14.413781,90,2024-10,streetview
data/images/prague/50.1036_14.413781_h180.jpg,prague,50.1036,14.413781,180,2024-10,streetview
data/images/prague/50.1036_14.413781_h270.jpg,prague,50.1036,14.413781,270,2024-10,streetview
data/images/prague/50.057248_14.442272_h0.jpg,prague,50.057248,14.442272,0,2024-05,streetview
data/images/prague/50.057248_14.442272_h90.jpg,prague,50.057248,14.442272,90,2024-05,streetview
data/images/prague/50.057248_14.442272_h180.jpg,prague,50.057248,14.442272,180,2024-05,streetview
data/images/prague/50.057248_14.442272_h270.jpg,prague,50.057248,14.442272,270,2024-05,streetview
data/images/prague/50.073417_14.378476_h0.jpg,prague,50.073417,14.378476,0,2019-08,streetview
data/images/prague/50.073417_14.378476_h90.jpg,prague,50.073417,14.378476,90,2019-08,streetview
data/images/prague/50.073417_14.378476_h180.jpg,prague,50.073417,14.378476,180,2019-08,streetview
data/images/prague/50.073417_14.378476_h270.jpg,prague,50.073417,14.378476,270,2019-08,streetview
data/images/prague/50.102522_14.449073_h0.jpg,prague,50.102522,14.449073,0,2019-05,streetview
data/images/prague/50.102522_14.449073_h90.jpg,prague,50.102522,14.449073,90,2019-05,streetview
data/images/prague/50.102522_14.449073_h180.jpg,prague,50.102522,14.449073,180,2019-05,streetview
data/images/prague/50.102522_14.449073_h270.jpg,prague,50.102522,14.449073,270,2019-05,streetview
data/images/prague/50.088509_14.467528_h0.jpg,prague,50.088509,14.467528,0,2025-09,streetview
data/images/prague/50.088509_14.467528_h90.jpg,prague,50.088509,14.467528,90,2025-09,streetview
data/images/prague/50.088509_14.467528_h180.jpg,prague,50.088509,14.467528,180,2025-09,streetview
data/images/prague/50.088509_14.467528_h270.jpg,prague,50.088509,14.467528,270,2025-09,streetview
data/images/prague/50.043234_14.403642_h0.jpg,prague,50.043234,14.403642,0,2025-08,streetview
data/images/prague/50.043234_14.403642_h90.jpg,prague,50.043234,14.403642,90,2025-08,streetview
data/images/prague/50.043234_14.403642_h180.jpg,prague,50.043234,14.403642,180,2025-08,streetview
data/images/prague/50.043234_14.403642_h270.jpg,prague,50.043234,14.403642,270,2025-08,streetview
data/images/prague/50.085275_14.3768_h0.jpg,prague,50.085275,14.3768,0,2024-05,streetview
data/images/prague/50.085275_14.3768_h90.jpg,prague,50.085275,14.3768,90,2024-05,streetview
data/images/prague/50.085275_14.3768_h180.jpg,prague,50.085275,14.3768,180,2024-05,streetview
data/images/prague/50.085275_14.3768_h270.jpg,prague,50.085275,14.3768,270,2024-05,streetview
data/images/prague/50.092821_14.452415_h0.jpg,prague,50.092821,14.452415,0,2018-02,streetview
data/images/prague/50.092821_14.452415_h90.jpg,prague,50.092821,14.452415,90,2018-02,streetview
data/images/prague/50.092821_14.452415_h180.jpg,prague,50.092821,14.452415,180,2018-02,streetview
data/images/prague/50.092821_14.452415_h270.jpg,prague,50.092821,14.452415,270,2018-02,streetview
data/images/prague/50.096055_14.450741_h0.jpg,prague,50.096055,14.450741,0,2023-05,streetview
data/images/prague/50.096055_14.450741_h90.jpg,prague,50.096055,14.450741,90,2023-05,streetview
data/images/prague/50.096055_14.450741_h180.jpg,prague,50.096055,14.450741,180,2023-05,streetview
data/images/prague/50.096055_14.450741_h270.jpg,prague,50.096055,14.450741,270,2023-05,streetview
data/images/prague/50.077729_14.459105_h0.jpg,prague,50.077729,14.459105,0,2025-07,streetview
data/images/prague/50.077729_14.459105_h90.jpg,prague,50.077729,14.459105,90,2025-07,streetview
data/images/prague/50.077729_14.459105_h180.jpg,prague,50.077729,14.459105,180,2025-07,streetview
data/images/prague/50.077729_14.459105_h270.jpg,prague,50.077729,14.459105,270,2025-07,streetview
data/images/prague/50.072339_14.380155_h0.jpg,prague,50.072339,14.380155,0,2025-09,streetview
data/images/prague/50.072339_14.380155_h90.jpg,prague,50.072339,14.380155,90,2025-09,streetview
data/images/prague/50.072339_14.380155_h180.jpg,prague,50.072339,14.380155,180,2025-09,streetview
data/images/prague/50.072339_14.380155_h270.jpg,prague,50.072339,14.380155,270,2025-09,streetview
data/images/prague/50.092821_14.417129_h0.jpg,prague,50.092821,14.417129,0,2020-03,streetview
data/images/prague/50.092821_14.417129_h90.jpg,prague,50.092821,14.417129,90,2020-03,streetview
data/images/prague/50.092821_14.417129_h180.jpg,prague,50.092821,14.417129,180,2020-03,streetview
data/images/prague/50.092821_14.417129_h270.jpg,prague,50.092821,14.417129,270,2020-03,streetview
data/images/prague/50.070183_14.430538_h0.jpg,prague,50.070183,14.430538,0,2024-10,streetview
data/images/prague/50.070183_14.430538_h90.jpg,prague,50.070183,14.430538,90,2024-10,streetview
data/images/prague/50.070183_14.430538_h180.jpg,prague,50.070183,14.430538,180,2024-10,streetview
data/images/prague/50.070183_14.430538_h270.jpg,prague,50.070183,14.430538,270,2024-10,streetview
data/images/prague/50.102522_14.385209_h0.jpg,prague,50.102522,14.385209,0,2025-09,streetview
data/images/prague/50.102522_14.385209_h90.jpg,prague,50.102522,14.385209,90,2025-09,streetview
data/images/prague/50.102522_14.385209_h180.jpg,prague,50.102522,14.385209,180,2025-09,streetview
data/images/prague/50.102522_14.385209_h270.jpg,prague,50.102522,14.385209,270,2025-09,streetview
data/images/prague/50.100367_14.402013_h0.jpg,prague,50.100367,14.402013,0,2025-08,streetview
data/images/prague/50.100367_14.402013_h90.jpg,prague,50.100367,14.402013,90,2025-08,streetview
data/images/prague/50.100367_14.402013_h180.jpg,prague,50.100367,14.402013,180,2025-08,streetview
data/images/prague/50.100367_14.402013_h270.jpg,prague,50.100367,14.402013,270,2025-08,streetview
data/images/prague/50.043234_14.433856_h0.jpg,prague,50.043234,14.433856,0,2025-09,streetview
data/images/prague/50.043234_14.433856_h90.jpg,prague,50.043234,14.433856,90,2025-09,streetview
data/images/prague/50.043234_14.433856_h180.jpg,prague,50.043234,14.433856,180,2025-09,streetview
data/images/prague/50.043234_14.433856_h270.jpg,prague,50.043234,14.433856,270,2025-09,streetview
data/images/prague/50.105756_14.47429_h0.jpg,prague,50.105756,14.47429,0,2024-08,streetview
data/images/prague/50.105756_14.47429_h90.jpg,prague,50.105756,14.47429,90,2024-08,streetview
data/images/prague/50.105756_14.47429_h180.jpg,prague,50.105756,14.47429,180,2024-08,streetview
data/images/prague/50.105756_14.47429_h270.jpg,prague,50.105756,14.47429,270,2024-08,streetview
data/images/prague/50.047546_14.447292_h0.jpg,prague,50.047546,14.447292,0,2025-09,streetview
data/images/prague/50.047546_14.447292_h90.jpg,prague,50.047546,14.447292,90,2025-09,streetview
data/images/prague/50.047546_14.447292_h180.jpg,prague,50.047546,14.447292,180,2025-09,streetview
data/images/prague/50.047546_14.447292_h270.jpg,prague,50.047546,14.447292,270,2025-09,streetview
data/images/prague/50.04_14.440564_h0.jpg,prague,50.04,14.440564,0,2025-09,streetview
data/images/prague/50.04_14.440564_h90.jpg,prague,50.04,14.440564,90,2025-09,streetview
data/images/prague/50.04_14.440564_h180.jpg,prague,50.04,14.440564,180,2025-09,streetview
data/images/prague/50.04_14.440564_h270.jpg,prague,50.04,14.440564,270,2025-09,streetview
data/images/prague/50.044312_14.420429_h0.jpg,prague,50.044312,14.420429,0,2025-08,streetview
data/images/prague/50.044312_14.420429_h90.jpg,prague,50.044312,14.420429,90,2025-08,streetview
data/images/prague/50.044312_14.420429_h180.jpg,prague,50.044312,14.420429,180,2025-08,streetview
data/images/prague/50.044312_14.420429_h270.jpg,prague,50.044312,14.420429,270,2025-08,streetview
data/images/prague/50.063715_14.423812_h0.jpg,prague,50.063715,14.423812,0,2024-05,streetview
data/images/prague/50.063715_14.423812_h90.jpg,prague,50.063715,14.423812,90,2024-05,streetview
data/images/prague/50.063715_14.423812_h180.jpg,prague,50.063715,14.423812,180,2024-05,streetview
data/images/prague/50.063715_14.423812_h270.jpg,prague,50.063715,14.423812,270,2024-05,streetview
data/images/prague/50.093899_14.381844_h0.jpg,prague,50.093899,14.381844,0,2025-09,streetview
data/images/prague/50.093899_14.381844_h90.jpg,prague,50.093899,14.381844,90,2025-09,streetview
data/images/prague/50.093899_14.381844_h180.jpg,prague,50.093899,14.381844,180,2025-09,streetview
data/images/prague/50.093899_14.381844_h270.jpg,prague,50.093899,14.381844,270,2025-09,streetview
data/images/prague/50.058326_14.391902_h0.jpg,prague,50.058326,14.391902,0,2025-08,streetview
data/images/prague/50.058326_14.391902_h90.jpg,prague,50.058326,14.391902,90,2025-08,streetview
data/images/prague/50.058326_14.391902_h180.jpg,prague,50.058326,14.391902,180,2025-08,streetview
data/images/prague/50.058326_14.391902_h270.jpg,prague,50.058326,14.391902,270,2025-08,streetview
data/images/prague/50.066949_14.469159_h0.jpg,prague,50.066949,14.469159,0,2024-08,streetview
data/images/prague/50.066949_14.469159_h90.jpg,prague,50.066949,14.469159,90,2024-08,streetview
data/images/prague/50.066949_14.469159_h180.jpg,prague,50.066949,14.469159,180,2024-08,streetview
data/images/prague/50.066949_14.469159_h270.jpg,prague,50.066949,14.469159,270,2024-08,streetview
data/images/prague/50.049702_14.450653_h0.jpg,prague,50.049702,14.450653,0,2025-09,streetview
data/images/prague/50.049702_14.450653_h90.jpg,prague,50.049702,14.450653,90,2025-09,streetview
data/images/prague/50.049702_14.450653_h180.jpg,prague,50.049702,14.450653,180,2025-09,streetview
data/images/prague/50.049702_14.450653_h270.jpg,prague,50.049702,14.450653,270,2025-09,streetview
data/images/prague/50.061559_14.447317_h0.jpg,prague,50.061559,14.447317,0,2024-05,streetview
data/images/prague/50.061559_14.447317_h90.jpg,prague,50.061559,14.447317,90,2024-05,streetview
data/images/prague/50.061559_14.447317_h180.jpg,prague,50.061559,14.447317,180,2024-05,streetview
data/images/prague/50.061559_14.447317_h270.jpg,prague,50.061559,14.447317,270,2024-05,streetview
data/images/prague/50.073417_14.454057_h0.jpg,prague,50.073417,14.454057,0,2025-09,streetview
data/images/prague/50.073417_14.454057_h90.jpg,prague,50.073417,14.454057,90,2025-09,streetview
data/images/prague/50.073417_14.454057_h180.jpg,prague,50.073417,14.454057,180,2025-09,streetview
data/images/prague/50.073417_14.454057_h270.jpg,prague,50.073417,14.454057,270,2025-09,streetview
data/images/prague/50.063715_14.38351_h0.jpg,prague,50.063715,14.38351,0,2025-09,streetview
data/images/prague/50.063715_14.38351_h90.jpg,prague,50.063715,14.38351,90,2025-09,streetview
data/images/prague/50.063715_14.38351_h180.jpg,prague,50.063715,14.38351,180,2025-09,streetview
data/images/prague/50.063715_14.38351_h270.jpg,prague,50.063715,14.38351,270,2025-09,streetview
data/images/prague/50.068027_14.391909_h0.jpg,prague,50.068027,14.391909,0,2024-05,streetview
data/images/prague/50.068027_14.391909_h90.jpg,prague,50.068027,14.391909,90,2024-05,streetview
data/images/prague/50.068027_14.391909_h180.jpg,prague,50.068027,14.391909,180,2024-05,streetview
data/images/prague/50.068027_14.391909_h270.jpg,prague,50.068027,14.391909,270,2024-05,streetview
data/images/prague/50.079885_14.472548_h0.jpg,prague,50.079885,14.472548,0,2025-08,streetview
data/images/prague/50.079885_14.472548_h90.jpg,prague,50.079885,14.472548,90,2025-08,streetview
data/images/prague/50.079885_14.472548_h180.jpg,prague,50.079885,14.472548,180,2025-08,streetview
data/images/prague/50.079885_14.472548_h270.jpg,prague,50.079885,14.472548,270,2025-08,streetview
data/images/prague/50.080963_14.373439_h0.jpg,prague,50.080963,14.373439,0,2024-05,streetview
data/images/prague/50.080963_14.373439_h90.jpg,prague,50.080963,14.373439,90,2024-05,streetview
data/images/prague/50.080963_14.373439_h180.jpg,prague,50.080963,14.373439,180,2024-05,streetview
data/images/prague/50.080963_14.373439_h270.jpg,prague,50.080963,14.373439,270,2024-05,streetview
data/images/prague/50.106834_14.386892_h0.jpg,prague,50.106834,14.386892,0,2025-09,streetview
data/images/prague/50.106834_14.386892_h90.jpg,prague,50.106834,14.386892,90,2025-09,streetview
data/images/prague/50.106834_14.386892_h180.jpg,prague,50.106834,14.386892,180,2025-09,streetview
data/images/prague/50.106834_14.386892_h270.jpg,prague,50.106834,14.386892,270,2025-09,streetview
data/images/prague/50.063715_14.420453_h0.jpg,prague,50.063715,14.420453,0,2019-04,streetview
data/images/prague/50.063715_14.420453_h90.jpg,prague,50.063715,14.420453,90,2019-04,streetview
data/images/prague/50.063715_14.420453_h180.jpg,prague,50.063715,14.420453,180,2019-04,streetview
data/images/prague/50.063715_14.420453_h270.jpg,prague,50.063715,14.420453,270,2019-04,streetview
data/images/prague/50.083119_14.415438_h0.jpg,prague,50.083119,14.415438,0,2025-09,streetview
data/images/prague/50.083119_14.415438_h90.jpg,prague,50.083119,14.415438,90,2025-09,streetview
data/images/prague/50.083119_14.415438_h180.jpg,prague,50.083119,14.415438,180,2025-09,streetview
data/images/prague/50.083119_14.415438_h270.jpg,prague,50.083119,14.415438,270,2025-09,streetview
data/images/prague/50.098211_14.388568_h0.jpg,prague,50.098211,14.388568,0,2022-05,streetview
data/images/prague/50.098211_14.388568_h90.jpg,prague,50.098211,14.388568,90,2022-05,streetview
data/images/prague/50.098211_14.388568_h180.jpg,prague,50.098211,14.388568,180,2022-05,streetview
data/images/prague/50.098211_14.388568_h270.jpg,prague,50.098211,14.388568,270,2022-05,streetview
data/images/prague/50.076651_14.371758_h0.jpg,prague,50.076651,14.371758,0,2024-05,streetview
data/images/prague/50.076651_14.371758_h90.jpg,prague,50.076651,14.371758,90,2024-05,streetview
data/images/prague/50.076651_14.371758_h180.jpg,prague,50.076651,14.371758,180,2024-05,streetview
data/images/prague/50.076651_14.371758_h270.jpg,prague,50.076651,14.371758,270,2024-05,streetview
data/images/prague/50.064793_14.450682_h0.jpg,prague,50.064793,14.450682,0,2024-05,streetview
data/images/prague/50.064793_14.450682_h90.jpg,prague,50.064793,14.450682,90,2024-05,streetview
data/images/prague/50.064793_14.450682_h180.jpg,prague,50.064793,14.450682,180,2024-05,streetview
data/images/prague/50.064793_14.450682_h270.jpg,prague,50.064793,14.450682,270,2024-05,streetview
data/images/prague/50.076651_14.433907_h0.jpg,prague,50.076651,14.433907,0,2025-09,streetview
data/images/prague/50.076651_14.433907_h90.jpg,prague,50.076651,14.433907,90,2025-09,streetview
data/images/prague/50.076651_14.433907_h180.jpg,prague,50.076651,14.433907,180,2025-09,streetview
data/images/prague/50.076651_14.433907_h270.jpg,prague,50.076651,14.433907,270,2025-09,streetview
data/images/prague/50.060481_14.425487_h0.jpg,prague,50.060481,14.425487,0,2021-02,streetview
data/images/prague/50.060481_14.425487_h90.jpg,prague,50.060481,14.425487,90,2021-02,streetview
data/images/prague/50.060481_14.425487_h180.jpg,prague,50.060481,14.425487,180,2021-02,streetview
data/images/prague/50.060481_14.425487_h270.jpg,prague,50.060481,14.425487,270,2021-02,streetview
data/images/prague/50.060481_14.437241_h0.jpg,prague,50.060481,14.437241,0,2024-08,streetview
data/images/prague/50.060481_14.437241_h90.jpg,prague,50.060481,14.437241,90,2024-08,streetview
data/images/prague/50.060481_14.437241_h180.jpg,prague,50.060481,14.437241,180,2024-08,streetview
data/images/prague/50.060481_14.437241_h270.jpg,prague,50.060481,14.437241,270,2024-08,streetview
data/images/prague/50.098211_14.455786_h0.jpg,prague,50.098211,14.455786,0,2019-09,streetview
data/images/prague/50.098211_14.455786_h90.jpg,prague,50.098211,14.455786,90,2019-09,streetview
data/images/prague/50.098211_14.455786_h180.jpg,prague,50.098211,14.455786,180,2019-09,streetview
data/images/prague/50.098211_14.455786_h270.jpg,prague,50.098211,14.455786,270,2019-09,streetview
data/images/prague/50.106834_14.391935_h0.jpg,prague,50.106834,14.391935,0,2025-09,streetview
data/images/prague/50.106834_14.391935_h90.jpg,prague,50.106834,14.391935,90,2025-09,streetview
data/images/prague/50.106834_14.391935_h180.jpg,prague,50.106834,14.391935,180,2025-09,streetview
data/images/prague/50.106834_14.391935_h270.jpg,prague,50.106834,14.391935,270,2025-09,streetview
data/images/prague/50.086353_14.438962_h0.jpg,prague,50.086353,14.438962,0,2024-09,streetview
data/images/prague/50.086353_14.438962_h90.jpg,prague,50.086353,14.438962,90,2024-09,streetview
data/images/prague/50.086353_14.438962_h180.jpg,prague,50.086353,14.438962,180,2024-09,streetview
data/images/prague/50.086353_14.438962_h270.jpg,prague,50.086353,14.438962,270,2024-09,streetview
data/images/prague/50.101444_14.422181_h0.jpg,prague,50.101444,14.422181,0,2019-08,streetview
data/images/prague/50.101444_14.422181_h90.jpg,prague,50.101444,14.422181,90,2019-08,streetview
data/images/prague/50.101444_14.422181_h180.jpg,prague,50.101444,14.422181,180,2019-08,streetview
data/images/prague/50.101444_14.422181_h270.jpg,prague,50.101444,14.422181,270,2019-08,streetview
data/images/prague/50.04_14.453992_h0.jpg,prague,50.04,14.453992,0,2025-09,streetview
data/images/prague/50.04_14.453992_h90.jpg,prague,50.04,14.453992,90,2025-09,streetview
data/images/prague/50.04_14.453992_h180.jpg,prague,50.04,14.453992,180,2025-09,streetview
data/images/prague/50.04_14.453992_h270.jpg,prague,50.04,14.453992,270,2025-09,streetview
data/images/prague/50.101444_14.470918_h0.jpg,prague,50.101444,14.470918,0,2023-06,streetview
data/images/prague/50.101444_14.470918_h90.jpg,prague,50.101444,14.470918,90,2023-06,streetview
data/images/prague/50.101444_14.470918_h180.jpg,prague,50.101444,14.470918,180,2023-06,streetview
data/images/prague/50.101444_14.470918_h270.jpg,prague,50.101444,14.470918,270,2023-06,streetview
data/images/prague/50.058326_14.422125_h0.jpg,prague,50.058326,14.422125,0,2024-05,streetview
data/images/prague/50.058326_14.422125_h90.jpg,prague,50.058326,14.422125,90,2024-05,streetview
data/images/prague/50.058326_14.422125_h180.jpg,prague,50.058326,14.422125,180,2024-05,streetview
data/images/prague/50.058326_14.422125_h270.jpg,prague,50.058326,14.422125,270,2024-05,streetview
data/images/prague/50.087431_14.412083_h0.jpg,prague,50.087431,14.412083,0,2018-07,streetview
data/images/prague/50.087431_14.412083_h90.jpg,prague,50.087431,14.412083,90,2018-07,streetview
data/images/prague/50.087431_14.412083_h180.jpg,prague,50.087431,14.412083,180,2018-07,streetview
data/images/prague/50.087431_14.412083_h270.jpg,prague,50.087431,14.412083,270,2018-07,streetview
data/images/prague/50.077729_14.403673_h0.jpg,prague,50.077729,14.403673,0,2021-03,streetview
data/images/prague/50.077729_14.403673_h90.jpg,prague,50.077729,14.403673,90,2021-03,streetview
data/images/prague/50.077729_14.403673_h180.jpg,prague,50.077729,14.403673,180,2021-03,streetview
data/images/prague/50.077729_14.403673_h270.jpg,prague,50.077729,14.403673,270,2021-03,streetview
data/images/prague/50.068027_14.373435_h0.jpg,prague,50.068027,14.373435,0,2025-09,streetview
data/images/prague/50.068027_14.373435_h90.jpg,prague,50.068027,14.373435,90,2025-09,streetview
data/images/prague/50.068027_14.373435_h180.jpg,prague,50.068027,14.373435,180,2025-09,streetview
data/images/prague/50.068027_14.373435_h270.jpg,prague,50.068027,14.373435,270,2025-09,streetview
data/images/prague/50.087431_14.477606_h0.jpg,prague,50.087431,14.477606,0,2025-08,streetview
data/images/prague/50.087431_14.477606_h90.jpg,prague,50.087431,14.477606,90,2025-08,streetview
data/images/prague/50.087431_14.477606_h180.jpg,prague,50.087431,14.477606,180,2025-08,streetview
data/images/prague/50.087431_14.477606_h270.jpg,prague,50.087431,14.477606,270,2025-08,streetview
data/images/prague/50.05617_14.370074_h0.jpg,prague,50.05617,14.370074,0,2025-08,streetview
data/images/prague/50.05617_14.370074_h90.jpg,prague,50.05617,14.370074,90,2025-08,streetview
data/images/prague/50.05617_14.370074_h180.jpg,prague,50.05617,14.370074,180,2025-08,streetview
data/images/prague/50.05617_14.370074_h270.jpg,prague,50.05617,14.370074,270,2025-08,streetview
data/images/prague/50.05078_14.465765_h0.jpg,prague,50.05078,14.465765,0,2025-09,streetview
data/images/prague/50.05078_14.465765_h90.jpg,prague,50.05078,14.465765,90,2025-09,streetview
data/images/prague/50.05078_14.465765_h180.jpg,prague,50.05078,14.465765,180,2025-09,streetview
data/images/prague/50.05078_14.465765_h270.jpg,prague,50.05078,14.465765,270,2025-09,streetview
data/images/prague/50.077729_14.415432_h0.jpg,prague,50.077729,14.415432,0,2019-11,streetview
data/images/prague/50.077729_14.415432_h90.jpg,prague,50.077729,14.415432,90,2019-11,streetview
data/images/prague/50.077729_14.415432_h180.jpg,prague,50.077729,14.415432,180,2019-11,streetview
data/images/prague/50.077729_14.415432_h270.jpg,prague,50.077729,14.415432,270,2019-11,streetview
data/images/prague/50.073417_14.388553_h0.jpg,prague,50.073417,14.388553,0,2025-09,streetview
data/images/prague/50.073417_14.388553_h90.jpg,prague,50.073417,14.388553,90,2025-09,streetview
data/images/prague/50.073417_14.388553_h180.jpg,prague,50.073417,14.388553,180,2025-09,streetview
data/images/prague/50.073417_14.388553_h270.jpg,prague,50.073417,14.388553,270,2025-09,streetview
data/images/prague/50.073417_14.371757_h0.jpg,prague,50.073417,14.371757,0,2023-09,streetview
data/images/prague/50.073417_14.371757_h90.jpg,prague,50.073417,14.371757,90,2023-09,streetview
data/images/prague/50.073417_14.371757_h180.jpg,prague,50.073417,14.371757,180,2023-09,streetview
data/images/prague/50.073417_14.371757_h270.jpg,prague,50.073417,14.371757,270,2023-09,streetview
data/images/prague/50.049702_14.408684_h0.jpg,prague,50.049702,14.408684,0,2025-08,streetview
data/images/prague/50.049702_14.408684_h90.jpg,prague,50.049702,14.408684,90,2025-08,streetview
data/images/prague/50.049702_14.408684_h180.jpg,prague,50.049702,14.408684,180,2025-08,streetview
data/images/prague/50.049702_14.408684_h270.jpg,prague,50.049702,14.408684,270,2025-08,streetview
data/images/prague/50.04_14.437208_h0.jpg,prague,50.04,14.437208,0,2025-09,streetview
data/images/prague/50.04_14.437208_h90.jpg,prague,50.04,14.437208,90,2025-09,streetview
data/images/prague/50.04_14.437208_h180.jpg,prague,50.04,14.437208,180,2025-09,streetview
data/images/prague/50.04_14.437208_h270.jpg,prague,50.04,14.437208,270,2025-09,streetview
data/images/prague/50.088509_14.36672_h0.jpg,prague,50.088509,14.36672,0,2025-09,streetview
data/images/prague/50.088509_14.36672_h90.jpg,prague,50.088509,14.36672,90,2025-09,streetview
data/images/prague/50.088509_14.36672_h180.jpg,prague,50.088509,14.36672,180,2025-09,streetview
data/images/prague/50.088509_14.36672_h270.jpg,prague,50.088509,14.36672,270,2025-09,streetview
data/images/prague/50.071261_14.438937_h0.jpg,prague,50.071261,14.438937,0,2024-05,streetview
data/images/prague/50.071261_14.438937_h90.jpg,prague,50.071261,14.438937,90,2024-05,streetview
data/images/prague/50.071261_14.438937_h180.jpg,prague,50.071261,14.438937,180,2024-05,streetview
data/images/prague/50.071261_14.438937_h270.jpg,prague,50.071261,14.438937,270,2024-05,streetview
data/images/prague/50.063715_14.465793_h0.jpg,prague,50.063715,14.465793,0,2019-07,streetview
data/images/prague/50.063715_14.465793_h90.jpg,prague,50.063715,14.465793,90,2019-07,streetview
data/images/prague/50.063715_14.465793_h180.jpg,prague,50.063715,14.465793,180,2019-07,streetview
data/images/prague/50.063715_14.465793_h270.jpg,prague,50.063715,14.465793,270,2019-07,streetview
data/images/prague/50.065871_14.371755_h0.jpg,prague,50.065871,14.371755,0,2025-08,streetview
data/images/prague/50.065871_14.371755_h90.jpg,prague,50.065871,14.371755,90,2025-08,streetview
data/images/prague/50.065871_14.371755_h180.jpg,prague,50.065871,14.371755,180,2025-08,streetview
data/images/prague/50.065871_14.371755_h270.jpg,prague,50.065871,14.371755,270,2025-08,streetview
data/images/prague/50.090665_14.44569_h0.jpg,prague,50.090665,14.44569,0,2025-09,streetview
data/images/prague/50.090665_14.44569_h90.jpg,prague,50.090665,14.44569,90,2025-09,streetview
data/images/prague/50.090665_14.44569_h180.jpg,prague,50.090665,14.44569,180,2025-09,streetview
data/images/prague/50.090665_14.44569_h270.jpg,prague,50.090665,14.44569,270,2025-09,streetview
data/images/prague/50.066949_14.370076_h0.jpg,prague,50.066949,14.370076,0,2025-09,streetview
data/images/prague/50.066949_14.370076_h90.jpg,prague,50.066949,14.370076,90,2025-09,streetview
data/images/prague/50.066949_14.370076_h180.jpg,prague,50.066949,14.370076,180,2025-09,streetview
data/images/prague/50.066949_14.370076_h270.jpg,prague,50.066949,14.370076,270,2025-09,streetview
data/images/prague/50.100367_14.396972_h0.jpg,prague,50.100367,14.396972,0,2024-05,streetview
data/images/prague/50.100367_14.396972_h90.jpg,prague,50.100367,14.396972,90,2024-05,streetview
data/images/prague/50.100367_14.396972_h180.jpg,prague,50.100367,14.396972,180,2024-05,streetview
data/images/prague/50.100367_14.396972_h270.jpg,prague,50.100367,14.396972,270,2024-05,streetview
data/images/prague/50.070183_14.470846_h0.jpg,prague,50.070183,14.470846,0,2025-07,streetview
data/images/prague/50.070183_14.470846_h90.jpg,prague,50.070183,14.470846,90,2025-07,streetview
data/images/prague/50.070183_14.470846_h180.jpg,prague,50.070183,14.470846,180,2025-07,streetview
data/images/prague/50.070183_14.470846_h270.jpg,prague,50.070183,14.470846,270,2025-07,streetview
data/images/prague/50.106834_14.395296_h0.jpg,prague,50.106834,14.395296,0,2024-08,streetview
data/images/prague/50.106834_14.395296_h90.jpg,prague,50.106834,14.395296,90,2024-08,streetview
data/images/prague/50.106834_14.395296_h180.jpg,prague,50.106834,14.395296,180,2024-08,streetview
data/images/prague/50.106834_14.395296_h270.jpg,prague,50.106834,14.395296,270,2024-08,streetview
data/images/prague/50.05617_14.396938_h0.jpg,prague,50.05617,14.396938,0,2025-09,streetview
data/images/prague/50.05617_14.396938_h90.jpg,prague,50.05617,14.396938,90,2025-09,streetview
data/images/prague/50.05617_14.396938_h180.jpg,prague,50.05617,14.396938,180,2025-09,streetview
data/images/prague/50.05617_14.396938_h270.jpg,prague,50.05617,14.396938,270,2025-09,streetview
data/images/prague/50.071261_14.450694_h0.jpg,prague,50.071261,14.450694,0,2024-05,streetview
data/images/prague/50.071261_14.450694_h90.jpg,prague,50.071261,14.450694,90,2024-05,streetview
data/images/prague/50.071261_14.450694_h180.jpg,prague,50.071261,14.450694,180,2024-05,streetview
data/images/prague/50.071261_14.450694_h270.jpg,prague,50.071261,14.450694,270,2024-05,streetview
data/images/prague/50.083119_14.390239_h0.jpg,prague,50.083119,14.390239,0,2022-08,streetview
data/images/prague/50.083119_14.390239_h90.jpg,prague,50.083119,14.390239,90,2022-08,streetview
data/images/prague/50.083119_14.390239_h180.jpg,prague,50.083119,14.390239,180,2022-08,streetview
data/images/prague/50.083119_14.390239_h270.jpg,prague,50.083119,14.390239,270,2022-08,streetview
data/images/prague/50.078807_14.393596_h0.jpg,prague,50.078807,14.393596,0,2019-08,streetview
data/images/prague/50.078807_14.393596_h90.jpg,prague,50.078807,14.393596,90,2019-08,streetview
data/images/prague/50.078807_14.393596_h180.jpg,prague,50.078807,14.393596,180,2019-08,streetview
data/images/prague/50.078807_14.393596_h270.jpg,prague,50.078807,14.393596,270,2019-08,streetview
data/images/prague/50.066949_14.417099_h0.jpg,prague,50.066949,14.417099,0,2019-10,streetview
data/images/prague/50.066949_14.417099_h90.jpg,prague,50.066949,14.417099,90,2019-10,streetview
data/images/prague/50.066949_14.417099_h180.jpg,prague,50.066949,14.417099,180,2019-10,streetview
data/images/prague/50.066949_14.417099_h270.jpg,prague,50.066949,14.417099,270,2019-10,streetview
data/images/prague/50.086353_14.417122_h0.jpg,prague,50.086353,14.417122,0,2024-05,streetview
data/images/prague/50.086353_14.417122_h90.jpg,prague,50.086353,14.417122,90,2024-05,streetview
data/images/prague/50.086353_14.417122_h180.jpg,prague,50.086353,14.417122,180,2024-05,streetview
data/images/prague/50.086353_14.417122_h270.jpg,prague,50.086353,14.417122,270,2024-05,streetview
data/images/prague/50.065871_14.407021_h0.jpg,prague,50.065871,14.407021,0,2020-10,streetview
data/images/prague/50.065871_14.407021_h90.jpg,prague,50.065871,14.407021,90,2020-10,streetview
data/images/prague/50.065871_14.407021_h180.jpg,prague,50.065871,14.407021,180,2020-10,streetview
data/images/prague/50.065871_14.407021_h270.jpg,prague,50.065871,14.407021,270,2020-10,streetview
data/images/prague/50.069105_14.455728_h0.jpg,prague,50.069105,14.455728,0,2019-07,streetview
data/images/prague/50.069105_14.455728_h90.jpg,prague,50.069105,14.455728,90,2019-07,streetview
data/images/prague/50.069105_14.455728_h180.jpg,prague,50.069105,14.455728,180,2019-07,streetview
data/images/prague/50.069105_14.455728_h270.jpg,prague,50.069105,14.455728,270,2019-07,streetview
data/images/prague/50.093899_14.428893_h0.jpg,prague,50.093899,14.428893,0,2024-09,streetview
data/images/prague/50.093899_14.428893_h90.jpg,prague,50.093899,14.428893,90,2024-09,streetview
data/images/prague/50.093899_14.428893_h180.jpg,prague,50.093899,14.428893,180,2024-09,streetview
data/images/prague/50.093899_14.428893_h270.jpg,prague,50.093899,14.428893,270,2024-09,streetview
data/images/prague/50.043234_14.406999_h0.jpg,prague,50.043234,14.406999,0,2024-05,streetview
data/images/prague/50.043234_14.406999_h90.jpg,prague,50.043234,14.406999,90,2024-05,streetview
data/images/prague/50.043234_14.406999_h180.jpg,prague,50.043234,14.406999,180,2024-05,streetview
data/images/prague/50.043234_14.406999_h270.jpg,prague,50.043234,14.406999,270,2024-05,streetview
data/images/prague/50.054014_14.425478_h0.jpg,prague,50.054014,14.425478,0,2024-05,streetview
data/images/prague/50.054014_14.425478_h90.jpg,prague,50.054014,14.425478,90,2024-05,streetview
data/images/prague/50.054014_14.425478_h180.jpg,prague,50.054014,14.425478,180,2024-05,streetview
data/images/prague/50.054014_14.425478_h270.jpg,prague,50.054014,14.425478,270,2024-05,streetview
data/images/prague/50.086353_14.3684_h0.jpg,prague,50.086353,14.3684,0,2025-09,streetview
data/images/prague/50.086353_14.3684_h90.jpg,prague,50.086353,14.3684,90,2025-09,streetview
data/images/prague/50.086353_14.3684_h180.jpg,prague,50.086353,14.3684,180,2025-09,streetview
data/images/prague/50.086353_14.3684_h270.jpg,prague,50.086353,14.3684,270,2025-09,streetview
data/images/prague/50.101444_14.396973_h0.jpg,prague,50.101444,14.396973,0,2025-07,streetview
data/images/prague/50.101444_14.396973_h90.jpg,prague,50.101444,14.396973,90,2025-07,streetview
data/images/prague/50.101444_14.396973_h180.jpg,prague,50.101444,14.396973,180,2025-07,streetview
data/images/prague/50.101444_14.396973_h270.jpg,prague,50.101444,14.396973,270,2025-07,streetview
data/images/prague/50.054014_14.435551_h0.jpg,prague,50.054014,14.435551,0,2024-05,streetview
data/images/prague/50.054014_14.435551_h90.jpg,prague,50.054014,14.435551,90,2024-05,streetview
data/images/prague/50.054014_14.435551_h180.jpg,prague,50.054014,14.435551,180,2024-05,streetview
data/images/prague/50.054014_14.435551_h270.jpg,prague,50.054014,14.435551,270,2024-05,streetview
data/images/prague/50.099289_14.472594_h0.jpg,prague,50.099289,14.472594,0,2025-09,streetview
data/images/prague/50.099289_14.472594_h90.jpg,prague,50.099289,14.472594,90,2025-09,streetview
data/images/prague/50.099289_14.472594_h180.jpg,prague,50.099289,14.472594,180,2025-09,streetview
data/images/prague/50.099289_14.472594_h270.jpg,prague,50.099289,14.472594,270,2025-09,streetview
data/images/prague/50.069105_14.449011_h0.jpg,prague,50.069105,14.449011,0,2025-09,streetview
data/images/prague/50.069105_14.449011_h90.jpg,prague,50.069105,14.449011,90,2025-09,streetview
data/images/prague/50.069105_14.449011_h180.jpg,prague,50.069105,14.449011,180,2025-09,streetview
data/images/prague/50.069105_14.449011_h270.jpg,prague,50.069105,14.449011,270,2025-09,streetview
data/images/prague/50.059404_14.375112_h0.jpg,prague,50.059404,14.375112,0,2025-09,streetview
data/images/prague/50.059404_14.375112_h90.jpg,prague,50.059404,14.375112,90,2025-09,streetview
data/images/prague/50.059404_14.375112_h180.jpg,prague,50.059404,14.375112,180,2025-09,streetview
data/images/prague/50.059404_14.375112_h270.jpg,prague,50.059404,14.375112,270,2025-09,streetview
data/images/prague/50.083119_14.470876_h0.jpg,prague,50.083119,14.470876,0,2025-08,streetview
data/images/prague/50.083119_14.470876_h90.jpg,prague,50.083119,14.470876,90,2025-08,streetview
data/images/prague/50.083119_14.470876_h180.jpg,prague,50.083119,14.470876,180,2025-08,streetview
data/images/prague/50.083119_14.470876_h270.jpg,prague,50.083119,14.470876,270,2025-08,streetview
data/images/prague/50.100367_14.370083_h0.jpg,prague,50.100367,14.370083,0,2024-05,streetview
data/images/prague/50.100367_14.370083_h90.jpg,prague,50.100367,14.370083,90,2024-05,streetview
data/images/prague/50.100367_14.370083_h180.jpg,prague,50.100367,14.370083,180,2024-05,streetview
data/images/prague/50.100367_14.370083_h270.jpg,prague,50.100367,14.370083,270,2024-05,streetview
data/images/prague/50.041078_14.393569_h0.jpg,prague,50.041078,14.393569,0,2025-09,streetview
data/images/prague/50.041078_14.393569_h90.jpg,prague,50.041078,14.393569,90,2025-09,streetview
data/images/prague/50.041078_14.393569_h180.jpg,prague,50.041078,14.393569,180,2025-09,streetview
data/images/prague/50.041078_14.393569_h270.jpg,prague,50.041078,14.393569,270,2025-09,streetview
data/images/prague/50.071261_14.370077_h0.jpg,prague,50.071261,14.370077,0,2025-09,streetview
data/images/prague/50.071261_14.370077_h90.jpg,prague,50.071261,14.370077,90,2025-09,streetview
data/images/prague/50.071261_14.370077_h180.jpg,prague,50.071261,14.370077,180,2025-09,streetview
data/images/prague/50.071261_14.370077_h270.jpg,prague,50.071261,14.370077,270,2025-09,streetview
data/images/prague/50.088509_14.472568_h0.jpg,prague,50.088509,14.472568,0,2024-08,streetview
data/images/prague/50.088509_14.472568_h90.jpg,prague,50.088509,14.472568,90,2024-08,streetview
data/images/prague/50.088509_14.472568_h180.jpg,prague,50.088509,14.472568,180,2024-08,streetview
data/images/prague/50.088509_14.472568_h270.jpg,prague,50.088509,14.472568,270,2024-08,streetview
data/images/prague/50.098211_14.378485_h0.jpg,prague,50.098211,14.378485,0,2024-05,streetview
data/images/prague/50.098211_14.378485_h90.jpg,prague,50.098211,14.378485,90,2024-05,streetview
data/images/prague/50.098211_14.378485_h180.jpg,prague,50.098211,14.378485,180,2024-05,streetview
data/images/prague/50.098211_14.378485_h270.jpg,prague,50.098211,14.378485,270,2024-05,streetview
data/images/prague/50.077729_14.42551_h0.jpg,prague,50.077729,14.42551,0,2018-05,streetview
data/images/prague/50.077729_14.42551_h90.jpg,prague,50.077729,14.42551,90,2018-05,streetview
data/images/prague/50.077729_14.42551_h180.jpg,prague,50.077729,14.42551,180,2018-05,streetview
data/images/prague/50.077729_14.42551_h270.jpg,prague,50.077729,14.42551,270,2018-05,streetview
data/images/prague/50.088509_14.460807_h0.jpg,prague,50.088509,14.460807,0,2024-03,streetview
data/images/prague/50.088509_14.460807_h90.jpg,prague,50.088509,14.460807,90,2024-03,streetview
data/images/prague/50.088509_14.460807_h180.jpg,prague,50.088509,14.460807,180,2024-03,streetview
data/images/prague/50.088509_14.460807_h270.jpg,prague,50.088509,14.460807,270,2024-03,streetview
data/images/prague/50.059404_14.479216_h0.jpg,prague,50.059404,14.479216,0,2019-08,streetview
data/images/prague/50.059404_14.479216_h90.jpg,prague,50.059404,14.479216,90,2019-08,streetview
data/images/prague/50.059404_14.479216_h180.jpg,prague,50.059404,14.479216,180,2019-08,streetview
data/images/prague/50.059404_14.479216_h270.jpg,prague,50.059404,14.479216,270,2019-08,streetview
data/images/prague/50.092821_14.445694_h0.jpg,prague,50.092821,14.445694,0,2025-09,streetview
data/images/prague/50.092821_14.445694_h90.jpg,prague,50.092821,14.445694,90,2025-09,streetview
data/images/prague/50.092821_14.445694_h180.jpg,prague,50.092821,14.445694,180,2025-09,streetview
data/images/prague/50.092821_14.445694_h270.jpg,prague,50.092821,14.445694,270,2025-09,streetview
data/images/prague/50.084197_14.477598_h0.jpg,prague,50.084197,14.477598,0,2024-07,streetview
data/images/prague/50.084197_14.477598_h90.jpg,prague,50.084197,14.477598,90,2024-07,streetview
data/images/prague/50.084197_14.477598_h180.jpg,prague,50.084197,14.477598,180,2024-07,streetview
data/images/prague/50.084197_14.477598_h270.jpg,prague,50.084197,14.477598,270,2024-07,streetview
data/images/prague/50.105756_14.479332_h0.jpg,prague,50.105756,14.479332,0,2025-08,streetview
data/images/prague/50.105756_14.479332_h90.jpg,prague,50.105756,14.479332,90,2025-08,streetview
data/images/prague/50.105756_14.479332_h180.jpg,prague,50.105756,14.479332,180,2025-08,streetview
data/images/prague/50.105756_14.479332_h270.jpg,prague,50.105756,14.479332,270,2025-08,streetview
data/images/prague/50.097133_14.427217_h0.jpg,prague,50.097133,14.427217,0,2019-08,streetview
data/images/prague/50.097133_14.427217_h90.jpg,prague,50.097133,14.427217,90,2019-08,streetview
data/images/prague/50.097133_14.427217_h180.jpg,prague,50.097133,14.427217,180,2019-08,streetview
data/images/prague/50.097133_14.427217_h270.jpg,prague,50.097133,14.427217,270,2019-08,streetview
data/images/prague/50.105756_14.477651_h0.jpg,prague,50.105756,14.477651,0,2025-08,streetview
data/images/prague/50.105756_14.477651_h90.jpg,prague,50.105756,14.477651,90,2025-08,streetview
data/images/prague/50.105756_14.477651_h180.jpg,prague,50.105756,14.477651,180,2025-08,streetview
data/images/prague/50.105756_14.477651_h270.jpg,prague,50.105756,14.477651,270,2025-08,streetview
data/images/prague/50.076651_14.459103_h0.jpg,prague,50.076651,14.459103,0,2024-08,streetview
data/images/prague/50.076651_14.459103_h90.jpg,prague,50.076651,14.459103,90,2024-08,streetview
data/images/prague/50.076651_14.459103_h180.jpg,prague,50.076651,14.459103,180,2024-08,streetview
data/images/prague/50.076651_14.459103_h270.jpg,prague,50.076651,14.459103,270,2024-08,streetview
data/images/prague/50.107912_14.400339_h0.jpg,prague,50.107912,14.400339,0,2024-05,streetview
data/images/prague/50.107912_14.400339_h90.jpg,prague,50.107912,14.400339,90,2024-05,streetview
data/images/prague/50.107912_14.400339_h180.jpg,prague,50.107912,14.400339,180,2024-05,streetview
data/images/prague/50.107912_14.400339_h270.jpg,prague,50.107912,14.400339,270,2024-05,streetview
data/images/prague/50.065871_14.432211_h0.jpg,prague,50.065871,14.432211,0,2024-05,streetview
data/images/prague/50.065871_14.432211_h90.jpg,prague,50.065871,14.432211,90,2024-05,streetview
data/images/prague/50.065871_14.432211_h180.jpg,prague,50.065871,14.432211,180,2024-05,streetview
data/images/prague/50.065871_14.432211_h270.jpg,prague,50.065871,14.432211,270,2024-05,streetview
data/images/prague/50.094977_14.445698_h0.jpg,prague,50.094977,14.445698,0,2026-05,streetview
data/images/prague/50.094977_14.445698_h90.jpg,prague,50.094977,14.445698,90,2026-05,streetview
data/images/prague/50.094977_14.445698_h180.jpg,prague,50.094977,14.445698,180,2026-05,streetview
data/images/prague/50.094977_14.445698_h270.jpg,prague,50.094977,14.445698,270,2026-05,streetview
data/images/prague/50.04539_14.442252_h0.jpg,prague,50.04539,14.442252,0,2025-09,streetview
data/images/prague/50.04539_14.442252_h90.jpg,prague,50.04539,14.442252,90,2025-09,streetview
data/images/prague/50.04539_14.442252_h180.jpg,prague,50.04539,14.442252,180,2025-09,streetview
data/images/prague/50.04539_14.442252_h270.jpg,prague,50.04539,14.442252,270,2025-09,streetview
data/images/prague/50.086353_14.425522_h0.jpg,prague,50.086353,14.425522,0,2018-05,streetview
data/images/prague/50.086353_14.425522_h90.jpg,prague,50.086353,14.425522,90,2018-05,streetview
data/images/prague/50.086353_14.425522_h180.jpg,prague,50.086353,14.425522,180,2018-05,streetview
data/images/prague/50.086353_14.425522_h270.jpg,prague,50.086353,14.425522,270,2018-05,streetview
data/images/prague/50.074495_14.437263_h0.jpg,prague,50.074495,14.437263,0,2019-07,streetview
data/images/prague/50.074495_14.437263_h90.jpg,prague,50.074495,14.437263,90,2019-07,streetview
data/images/prague/50.074495_14.437263_h180.jpg,prague,50.074495,14.437263,180,2019-07,streetview
data/images/prague/50.074495_14.437263_h270.jpg,prague,50.074495,14.437263,270,2019-07,streetview
data/images/prague/50.093899_14.365041_h0.jpg,prague,50.093899,14.365041,0,2024-05,streetview
data/images/prague/50.093899_14.365041_h90.jpg,prague,50.093899,14.365041,90,2024-05,streetview
data/images/prague/50.093899_14.365041_h180.jpg,prague,50.093899,14.365041,180,2024-05,streetview
data/images/prague/50.093899_14.365041_h270.jpg,prague,50.093899,14.365041,270,2024-05,streetview
data/images/prague/50.082041_14.413757_h0.jpg,prague,50.082041,14.413757,0,2025-08,streetview
data/images/prague/50.082041_14.413757_h90.jpg,prague,50.082041,14.413757,90,2025-08,streetview
data/images/prague/50.082041_14.413757_h180.jpg,prague,50.082041,14.413757,180,2025-08,streetview
data/images/prague/50.082041_14.413757_h270.jpg,prague,50.082041,14.413757,270,2025-08,streetview
data/images/prague/50.073417_14.423825_h0.jpg,prague,50.073417,14.423825,0,2025-09,streetview
data/images/prague/50.073417_14.423825_h90.jpg,prague,50.073417,14.423825,90,2025-09,streetview
data/images/prague/50.073417_14.423825_h180.jpg,prague,50.073417,14.423825,180,2025-09,streetview
data/images/prague/50.073417_14.423825_h270.jpg,prague,50.073417,14.423825,270,2025-09,streetview
data/images/prague/50.085275_14.43392_h0.jpg,prague,50.085275,14.43392,0,2025-09,streetview
data/images/prague/50.085275_14.43392_h90.jpg,prague,50.085275,14.43392,90,2025-09,streetview
data/images/prague/50.085275_14.43392_h180.jpg,prague,50.085275,14.43392,180,2025-09,streetview
data/images/prague/50.085275_14.43392_h270.jpg,prague,50.085275,14.43392,270,2025-09,streetview
data/images/prague/50.042156_14.42714_h0.jpg,prague,50.042156,14.42714,0,2025-08,streetview
data/images/prague/50.042156_14.42714_h90.jpg,prague,50.042156,14.42714,90,2025-08,streetview
data/images/prague/50.042156_14.42714_h180.jpg,prague,50.042156,14.42714,180,2025-08,streetview
data/images/prague/50.042156_14.42714_h270.jpg,prague,50.042156,14.42714,270,2025-08,streetview
data/images/prague/50.079885_14.366719_h0.jpg,prague,50.079885,14.366719,0,2025-09,streetview
data/images/prague/50.079885_14.366719_h90.jpg,prague,50.079885,14.366719,90,2025-09,streetview
data/images/prague/50.079885_14.366719_h180.jpg,prague,50.079885,14.366719,180,2025-09,streetview
data/images/prague/50.079885_14.366719_h270.jpg,prague,50.079885,14.366719,270,2025-09,streetview
data/images/prague/50.042156_14.396927_h0.jpg,prague,50.042156,14.396927,0,2025-08,streetview
data/images/prague/50.042156_14.396927_h90.jpg,prague,50.042156,14.396927,90,2025-08,streetview
data/images/prague/50.042156_14.396927_h180.jpg,prague,50.042156,14.396927,180,2025-08,streetview
data/images/prague/50.042156_14.396927_h270.jpg,prague,50.042156,14.396927,270,2025-08,streetview
data/images/prague/50.080963_14.449033_h0.jpg,prague,50.080963,14.449033,0,2024-05,streetview
data/images/prague/50.080963_14.449033_h90.jpg,prague,50.080963,14.449033,90,2024-05,streetview
data/images/prague/50.080963_14.449033_h180.jpg,prague,50.080963,14.449033,180,2024-05,streetview
data/images/prague/50.080963_14.449033_h270.jpg,prague,50.080963,14.449033,270,2024-05,streetview
data/images/prague/50.061559_14.366717_h0.jpg,prague,50.061559,14.366717,0,2025-08,streetview
data/images/prague/50.061559_14.366717_h90.jpg,prague,50.061559,14.366717,90,2025-08,streetview
data/images/prague/50.061559_14.366717_h180.jpg,prague,50.061559,14.366717,180,2025-08,streetview
data/images/prague/50.061559_14.366717_h270.jpg,prague,50.061559,14.366717,270,2025-08,streetview
data/images/prague/50.059404_14.430522_h0.jpg,prague,50.059404,14.430522,0,2025-09,streetview
data/images/prague/50.059404_14.430522_h90.jpg,prague,50.059404,14.430522,90,2025-09,streetview
data/images/prague/50.059404_14.430522_h180.jpg,prague,50.059404,14.430522,180,2025-09,streetview
data/images/prague/50.059404_14.430522_h270.jpg,prague,50.059404,14.430522,270,2025-09,streetview
data/images/prague/50.046468_14.430503_h0.jpg,prague,50.046468,14.430503,0,2025-09,streetview
data/images/prague/50.046468_14.430503_h90.jpg,prague,50.046468,14.430503,90,2025-09,streetview
data/images/prague/50.046468_14.430503_h180.jpg,prague,50.046468,14.430503,180,2025-09,streetview
data/images/prague/50.046468_14.430503_h270.jpg,prague,50.046468,14.430503,270,2025-09,streetview
data/images/prague/50.062637_14.365038_h0.jpg,prague,50.062637,14.365038,0,2024-05,streetview
data/images/prague/50.062637_14.365038_h90.jpg,prague,50.062637,14.365038,90,2024-05,streetview
data/images/prague/50.062637_14.365038_h180.jpg,prague,50.062637,14.365038,180,2024-05,streetview
data/images/prague/50.062637_14.365038_h270.jpg,prague,50.062637,14.365038,270,2024-05,streetview
data/images/prague/50.044312_14.472465_h0.jpg,prague,50.044312,14.472465,0,2025-09,streetview
data/images/prague/50.044312_14.472465_h90.jpg,prague,50.044312,14.472465,90,2025-09,streetview
data/images/prague/50.044312_14.472465_h180.jpg,prague,50.044312,14.472465,180,2025-09,streetview
data/images/prague/50.044312_14.472465_h270.jpg,prague,50.044312,14.472465,270,2025-09,streetview
data/images/prague/50.04_14.435529_h0.jpg,prague,50.04,14.435529,0,2024-06,streetview
data/images/prague/50.04_14.435529_h90.jpg,prague,50.04,14.435529,90,2024-06,streetview
data/images/prague/50.04_14.435529_h180.jpg,prague,50.04,14.435529,180,2024-06,streetview
data/images/prague/50.04_14.435529_h270.jpg,prague,50.04,14.435529,270,2024-06,streetview
data/images/prague/50.075573_14.41207_h0.jpg,prague,50.075573,14.41207,0,2019-07,streetview
data/images/prague/50.075573_14.41207_h90.jpg,prague,50.075573,14.41207,90,2019-07,streetview
data/images/prague/50.075573_14.41207_h180.jpg,prague,50.075573,14.41207,180,2019-07,streetview
data/images/prague/50.075573_14.41207_h270.jpg,prague,50.075573,14.41207,270,2019-07,streetview
data/images/prague/50.102522_14.38857_h0.jpg,prague,50.102522,14.38857,0,2024-05,streetview
data/images/prague/50.102522_14.38857_h90.jpg,prague,50.102522,14.38857,90,2024-05,streetview
data/images/prague/50.102522_14.38857_h180.jpg,prague,50.102522,14.38857,180,2024-05,streetview
data/images/prague/50.102522_14.38857_h270.jpg,prague,50.102522,14.38857,270,2024-05,streetview
data/images/prague/50.064793_14.415417_h0.jpg,prague,50.064793,14.415417,0,2025-09,streetview
data/images/prague/50.064793_14.415417_h90.jpg,prague,50.064793,14.415417,90,2025-09,streetview
data/images/prague/50.064793_14.415417_h180.jpg,prague,50.064793,14.415417,180,2025-09,streetview
data/images/prague/50.064793_14.415417_h270.jpg,prague,50.064793,14.415417,270,2025-09,streetview
data/images/prague/50.105756_14.415464_h0.jpg,prague,50.105756,14.415464,0,2019-10,streetview
data/images/prague/50.105756_14.415464_h90.jpg,prague,50.105756,14.415464,90,2019-10,streetview
data/images/prague/50.105756_14.415464_h180.jpg,prague,50.105756,14.415464,180,2019-10,streetview
data/images/prague/50.105756_14.415464_h270.jpg,prague,50.105756,14.415464,270,2019-10,streetview
data/images/prague/50.074495_14.415428_h0.jpg,prague,50.074495,14.415428,0,2018-09,streetview
data/images/prague/50.074495_14.415428_h90.jpg,prague,50.074495,14.415428,90,2018-09,streetview
data/images/prague/50.074495_14.415428_h180.jpg,prague,50.074495,14.415428,180,2018-09,streetview
data/images/prague/50.074495_14.415428_h270.jpg,prague,50.074495,14.415428,270,2018-09,streetview
data/images/prague/50.042156_14.417069_h0.jpg,prague,50.042156,14.417069,0,2025-08,streetview
data/images/prague/50.042156_14.417069_h90.jpg,prague,50.042156,14.417069,90,2025-08,streetview
data/images/prague/50.042156_14.417069_h180.jpg,prague,50.042156,14.417069,180,2025-08,streetview
data/images/prague/50.042156_14.417069_h270.jpg,prague,50.042156,14.417069,270,2025-08,streetview
data/images/prague/50.078807_14.412073_h0.jpg,prague,50.078807,14.412073,0,2018-08,streetview
data/images/prague/50.078807_14.412073_h90.jpg,prague,50.078807,14.412073,90,2018-08,streetview
data/images/prague/50.078807_14.412073_h180.jpg,prague,50.078807,14.412073,180,2018-08,streetview
data/images/prague/50.078807_14.412073_h270.jpg,prague,50.078807,14.412073,270,2018-08,streetview
data/images/prague/50.085275_14.41208_h0.jpg,prague,50.085275,14.41208,0,2019-05,streetview
data/images/prague/50.085275_14.41208_h90.jpg,prague,50.085275,14.41208,90,2019-05,streetview
data/images/prague/50.085275_14.41208_h180.jpg,prague,50.085275,14.41208,180,2019-05,streetview
data/images/prague/50.085275_14.41208_h270.jpg,prague,50.085275,14.41208,270,2019-05,streetview
data/images/prague/50.074495_14.457419_h0.jpg,prague,50.074495,14.457419,0,2023-02,streetview
data/images/prague/50.074495_14.457419_h90.jpg,prague,50.074495,14.457419,90,2023-02,streetview
data/images/prague/50.074495_14.457419_h180.jpg,prague,50.074495,14.457419,180,2023-02,streetview
data/images/prague/50.074495_14.457419_h270.jpg,prague,50.074495,14.457419,270,2023-02,streetview
data/images/prague/50.060481_14.443957_h0.jpg,prague,50.060481,14.443957,0,2025-09,streetview
data/images/prague/50.060481_14.443957_h90.jpg,prague,50.060481,14.443957,90,2025-09,streetview
data/images/prague/50.060481_14.443957_h180.jpg,prague,50.060481,14.443957,180,2025-09,streetview
data/images/prague/50.060481_14.443957_h270.jpg,prague,50.060481,14.443957,270,2025-09,streetview
data/images/prague/50.098211_14.435621_h0.jpg,prague,50.098211,14.435621,0,2025-09,streetview
data/images/prague/50.098211_14.435621_h90.jpg,prague,50.098211,14.435621,90,2025-09,streetview
data/images/prague/50.098211_14.435621_h180.jpg,prague,50.098211,14.435621,180,2025-09,streetview
data/images/prague/50.098211_14.435621_h270.jpg,prague,50.098211,14.435621,270,2025-09,streetview
data/images/prague/50.105756_14.386892_h0.jpg,prague,50.105756,14.386892,0,2024-05,streetview
data/images/prague/50.105756_14.386892_h90.jpg,prague,50.105756,14.386892,90,2024-05,streetview
data/images/prague/50.105756_14.386892_h180.jpg,prague,50.105756,14.386892,180,2024-05,streetview
data/images/prague/50.105756_14.386892_h270.jpg,prague,50.105756,14.386892,270,2024-05,streetview
data/images/prague/50.070183_14.370077_h0.jpg,prague,50.070183,14.370077,0,2025-09,streetview
data/images/prague/50.070183_14.370077_h90.jpg,prague,50.070183,14.370077,90,2025-09,streetview
data/images/prague/50.070183_14.370077_h180.jpg,prague,50.070183,14.370077,180,2025-09,streetview
data/images/prague/50.070183_14.370077_h270.jpg,prague,50.070183,14.370077,270,2025-09,streetview
data/images/prague/50.10899_14.393617_h0.jpg,prague,50.10899,14.393617,0,2025-09,streetview
data/images/prague/50.10899_14.393617_h90.jpg,prague,50.10899,14.393617,90,2025-09,streetview
data/images/prague/50.10899_14.393617_h180.jpg,prague,50.10899,14.393617,180,2025-09,streetview
data/images/prague/50.10899_14.393617_h270.jpg,prague,50.10899,14.393617,270,2025-09,streetview
data/images/prague/50.102522_14.427225_h0.jpg,prague,50.102522,14.427225,0,2019-08,streetview
data/images/prague/50.102522_14.427225_h90.jpg,prague,50.102522,14.427225,90,2019-08,streetview
data/images/prague/50.102522_14.427225_h180.jpg,prague,50.102522,14.427225,180,2019-08,streetview
data/images/prague/50.102522_14.427225_h270.jpg,prague,50.102522,14.427225,270,2019-08,streetview
data/images/prague/50.096055_14.430576_h0.jpg,prague,50.096055,14.430576,0,2025-09,streetview
data/images/prague/50.096055_14.430576_h90.jpg,prague,50.096055,14.430576,90,2025-09,streetview
data/images/prague/50.096055_14.430576_h180.jpg,prague,50.096055,14.430576,180,2025-09,streetview
data/images/prague/50.096055_14.430576_h270.jpg,prague,50.096055,14.430576,270,2025-09,streetview
data/images/prague/50.107912_14.385212_h0.jpg,prague,50.107912,14.385212,0,2025-09,streetview
data/images/prague/50.107912_14.385212_h90.jpg,prague,50.107912,14.385212,90,2025-09,streetview
data/images/prague/50.107912_14.385212_h180.jpg,prague,50.107912,14.385212,180,2025-09,streetview
data/images/prague/50.107912_14.385212_h270.jpg,prague,50.107912,14.385212,270,2025-09,streetview
data/images/prague/50.084197_14.401999_h0.jpg,prague,50.084197,14.401999,0,2019-06,streetview
data/images/prague/50.084197_14.401999_h90.jpg,prague,50.084197,14.401999,90,2019-06,streetview
data/images/prague/50.084197_14.401999_h180.jpg,prague,50.084197,14.401999,180,2019-06,streetview
data/images/prague/50.084197_14.401999_h270.jpg,prague,50.084197,14.401999,270,2019-06,streetview
data/images/prague/50.093899_14.366721_h0.jpg,prague,50.093899,14.366721,0,2025-09,streetview
data/images/prague/50.093899_14.366721_h90.jpg,prague,50.093899,14.366721,90,2025-09,streetview
data/images/prague/50.093899_14.366721_h180.jpg,prague,50.093899,14.366721,180,2025-09,streetview
data/images/prague/50.093899_14.366721_h270.jpg,prague,50.093899,14.366721,270,2025-09,streetview
data/images/prague/50.069105_14.418781_h0.jpg,prague,50.069105,14.418781,0,2024-05,streetview
data/images/prague/50.069105_14.418781_h90.jpg,prague,50.069105,14.418781,90,2024-05,streetview
data/images/prague/50.069105_14.418781_h180.jpg,prague,50.069105,14.418781,180,2024-05,streetview
data/images/prague/50.069105_14.418781_h270.jpg,prague,50.069105,14.418781,270,2024-05,streetview
data/images/prague/50.054014_14.368395_h0.jpg,prague,50.054014,14.368395,0,2024-05,streetview
data/images/prague/50.054014_14.368395_h90.jpg,prague,50.054014,14.368395,90,2024-05,streetview
data/images/prague/50.054014_14.368395_h180.jpg,prague,50.054014,14.368395,180,2024-05,streetview
data/images/prague/50.054014_14.368395_h270.jpg,prague,50.054014,14.368395,270,2024-05,streetview
data/images/prague/50.061559_14.438921_h0.jpg,prague,50.061559,14.438921,0,2024-08,streetview
data/images/prague/50.061559_14.438921_h90.jpg,prague,50.061559,14.438921,90,2024-08,streetview
data/images/prague/50.061559_14.438921_h180.jpg,prague,50.061559,14.438921,180,2024-08,streetview
data/images/prague/50.061559_14.438921_h270.jpg,prague,50.061559,14.438921,270,2024-08,streetview
data/images/prague/50.060481_14.39862_h0.jpg,prague,50.060481,14.39862,0,2024-05,streetview
data/images/prague/50.060481_14.39862_h90.jpg,prague,50.060481,14.39862,90,2024-05,streetview
data/images/prague/50.060481_14.39862_h180.jpg,prague,50.060481,14.39862,180,2024-05,streetview
data/images/prague/50.060481_14.39862_h270.jpg,prague,50.060481,14.39862,270,2024-05,streetview
data/images/prague/50.084197_14.36504_h0.jpg,prague,50.084197,14.36504,0,2026-05,streetview
data/images/prague/50.084197_14.36504_h90.jpg,prague,50.084197,14.36504,90,2026-05,streetview
data/images/prague/50.084197_14.36504_h180.jpg,prague,50.084197,14.36504,180,2026-05,streetview
data/images/prague/50.084197_14.36504_h270.jpg,prague,50.084197,14.36504,270,2026-05,streetview
data/images/prague/50.044312_14.425464_h0.jpg,prague,50.044312,14.425464,0,2025-09,streetview
data/images/prague/50.044312_14.425464_h90.jpg,prague,50.044312,14.425464,90,2025-09,streetview
data/images/prague/50.044312_14.425464_h180.jpg,prague,50.044312,14.425464,180,2025-09,streetview
data/images/prague/50.044312_14.425464_h270.jpg,prague,50.044312,14.425464,270,2025-09,streetview
data/images/prague/50.046468_14.45904_h0.jpg,prague,50.046468,14.45904,0,2025-09,streetview
data/images/prague/50.046468_14.45904_h90.jpg,prague,50.046468,14.45904,90,2025-09,streetview
data/images/prague/50.046468_14.45904_h180.jpg,prague,50.046468,14.45904,180,2025-09,streetview
data/images/prague/50.046468_14.45904_h270.jpg,prague,50.046468,14.45904,270,2025-09,streetview
data/images/prague/50.074495_14.422146_h0.jpg,prague,50.074495,14.422146,0,2024-05,streetview
data/images/prague/50.074495_14.422146_h90.jpg,prague,50.074495,14.422146,90,2024-05,streetview
data/images/prague/50.074495_14.422146_h180.jpg,prague,50.074495,14.422146,180,2024-05,streetview
data/images/prague/50.074495_14.422146_h270.jpg,prague,50.074495,14.422146,270,2024-05,streetview
data/images/prague/50.076651_14.41711_h0.jpg,prague,50.076651,14.41711,0,2024-05,streetview
data/images/prague/50.076651_14.41711_h90.jpg,prague,50.076651,14.41711,90,2024-05,streetview
data/images/prague/50.076651_14.41711_h180.jpg,prague,50.076651,14.41711,180,2024-05,streetview
data/images/prague/50.076651_14.41711_h270.jpg,prague,50.076651,14.41711,270,2024-05,streetview
data/images/prague/50.098211_14.427219_h0.jpg,prague,50.098211,14.427219,0,2024-05,streetview
data/images/prague/50.098211_14.427219_h90.jpg,prague,50.098211,14.427219,90,2024-05,streetview
data/images/prague/50.098211_14.427219_h180.jpg,prague,50.098211,14.427219,180,2024-05,streetview
data/images/prague/50.098211_14.427219_h270.jpg,prague,50.098211,14.427219,270,2024-05,streetview
data/images/prague/50.091743_14.437291_h0.jpg,prague,50.091743,14.437291,0,2025-09,streetview
data/images/prague/50.091743_14.437291_h90.jpg,prague,50.091743,14.437291,90,2025-09,streetview
data/images/prague/50.091743_14.437291_h180.jpg,prague,50.091743,14.437291,180,2025-09,streetview
data/images/prague/50.091743_14.437291_h270.jpg,prague,50.091743,14.437291,270,2025-09,streetview
data/images/prague/50.063715_14.398623_h0.jpg,prague,50.063715,14.398623,0,2025-09,streetview
data/images/prague/50.063715_14.398623_h90.jpg,prague,50.063715,14.398623,90,2025-09,streetview
data/images/prague/50.063715_14.398623_h180.jpg,prague,50.063715,14.398623,180,2025-09,streetview
data/images/prague/50.063715_14.398623_h270.jpg,prague,50.063715,14.398623,270,2025-09,streetview
data/images/prague/50.082041_14.445675_h0.jpg,prague,50.082041,14.445675,0,2024-05,streetview
data/images/prague/50.082041_14.445675_h90.jpg,prague,50.082041,14.445675,90,2024-05,streetview
data/images/prague/50.082041_14.445675_h180.jpg,prague,50.082041,14.445675,180,2024-05,streetview
data/images/prague/50.082041_14.445675_h270.jpg,prague,50.082041,14.445675,270,2024-05,streetview
data/images/prague/50.065871_14.462439_h0.jpg,prague,50.065871,14.462439,0,2025-09,streetview
data/images/prague/50.065871_14.462439_h90.jpg,prague,50.065871,14.462439,90,2025-09,streetview
data/images/prague/50.065871_14.462439_h180.jpg,prague,50.065871,14.462439,180,2025-09,streetview
data/images/prague/50.065871_14.462439_h270.jpg,prague,50.065871,14.462439,270,2025-09,streetview
data/images/prague/50.065871_14.388549_h0.jpg,prague,50.065871,14.388549,0,2024-05,streetview
data/images/prague/50.065871_14.388549_h90.jpg,prague,50.065871,14.388549,90,2024-05,streetview
data/images/prague/50.065871_14.388549_h180.jpg,prague,50.065871,14.388549,180,2024-05,streetview
data/images/prague/50.065871_14.388549_h270.jpg,prague,50.065871,14.388549,270,2024-05,streetview
data/images/prague/50.084197_14.435599_h0.jpg,prague,50.084197,14.435599,0,2025-09,streetview
data/images/prague/50.084197_14.435599_h90.jpg,prague,50.084197,14.435599,90,2025-09,streetview
data/images/prague/50.084197_14.435599_h180.jpg,prague,50.084197,14.435599,180,2025-09,streetview
data/images/prague/50.084197_14.435599_h270.jpg,prague,50.084197,14.435599,270,2025-09,streetview
data/images/prague/50.090665_14.422167_h0.jpg,prague,50.090665,14.422167,0,2023-09,streetview
data/images/prague/50.090665_14.422167_h90.jpg,prague,50.090665,14.422167,90,2023-09,streetview
data/images/prague/50.090665_14.422167_h180.jpg,prague,50.090665,14.422167,180,2023-09,streetview
data/images/prague/50.090665_14.422167_h270.jpg,prague,50.090665,14.422167,270,2023-09,streetview
data/images/prague/50.080963_14.420475_h0.jpg,prague,50.080963,14.420475,0,2022-09,streetview
data/images/prague/50.080963_14.420475_h90.jpg,prague,50.080963,14.420475,90,2022-09,streetview
data/images/prague/50.080963_14.420475_h180.jpg,prague,50.080963,14.420475,180,2022-09,streetview
data/images/prague/50.080963_14.420475_h270.jpg,prague,50.080963,14.420475,270,2022-09,streetview
data/images/prague/50.058326_14.427163_h0.jpg,prague,50.058326,14.427163,0,2025-09,streetview
data/images/prague/50.058326_14.427163_h90.jpg,prague,50.058326,14.427163,90,2025-09,streetview
data/images/prague/50.058326_14.427163_h180.jpg,prague,50.058326,14.427163,180,2025-09,streetview
data/images/prague/50.058326_14.427163_h270.jpg,prague,50.058326,14.427163,270,2025-09,streetview
data/images/prague/50.10899_14.381851_h0.jpg,prague,50.10899,14.381851,0,2025-09,streetview
data/images/prague/50.10899_14.381851_h90.jpg,prague,50.10899,14.381851,90,2025-09,streetview
data/images/prague/50.10899_14.381851_h180.jpg,prague,50.10899,14.381851,180,2025-09,streetview
data/images/prague/50.10899_14.381851_h270.jpg,prague,50.10899,14.381851,270,2025-09,streetview
data/images/prague/50.092821_14.454095_h0.jpg,prague,50.092821,14.454095,0,2026-02,streetview
data/images/prague/50.092821_14.454095_h90.jpg,prague,50.092821,14.454095,90,2026-02,streetview
data/images/prague/50.092821_14.454095_h180.jpg,prague,50.092821,14.454095,180,2026-02,streetview
data/images/prague/50.092821_14.454095_h270.jpg,prague,50.092821,14.454095,270,2026-02,streetview
data/images/prague/50.070183_14.440615_h0.jpg,prague,50.070183,14.440615,0,2024-05,streetview
data/images/prague/50.070183_14.440615_h90.jpg,prague,50.070183,14.440615,90,2024-05,streetview
data/images/prague/50.070183_14.440615_h180.jpg,prague,50.070183,14.440615,180,2024-05,streetview
data/images/prague/50.070183_14.440615_h270.jpg,prague,50.070183,14.440615,270,2024-05,streetview
data/images/prague/50.064793_14.363359_h0.jpg,prague,50.064793,14.363359,0,2025-08,streetview
data/images/prague/50.064793_14.363359_h90.jpg,prague,50.064793,14.363359,90,2025-08,streetview
data/images/prague/50.064793_14.363359_h180.jpg,prague,50.064793,14.363359,180,2025-08,streetview
data/images/prague/50.064793_14.363359_h270.jpg,prague,50.064793,14.363359,270,2025-08,streetview
data/images/prague/50.099289_14.415457_h0.jpg,prague,50.099289,14.415457,0,2025-09,streetview
data/images/prague/50.099289_14.415457_h90.jpg,prague,50.099289,14.415457,90,2025-09,streetview
data/images/prague/50.099289_14.415457_h180.jpg,prague,50.099289,14.415457,180,2025-09,streetview
data/images/prague/50.099289_14.415457_h270.jpg,prague,50.099289,14.415457,270,2025-09,streetview
data/images/prague/50.082041_14.412077_h0.jpg,prague,50.082041,14.412077,0,2018-05,streetview
data/images/prague/50.082041_14.412077_h90.jpg,prague,50.082041,14.412077,90,2018-05,streetview
data/images/prague/50.082041_14.412077_h180.jpg,prague,50.082041,14.412077,180,2018-05,streetview
data/images/prague/50.082041_14.412077_h270.jpg,prague,50.082041,14.412077,270,2018-05,streetview
data/images/prague/50.043234_14.422106_h0.jpg,prague,50.043234,14.422106,0,2025-08,streetview
data/images/prague/50.043234_14.422106_h90.jpg,prague,50.043234,14.422106,90,2025-08,streetview
data/images/prague/50.043234_14.422106_h180.jpg,prague,50.043234,14.422106,180,2025-08,streetview
data/images/prague/50.043234_14.422106_h270.jpg,prague,50.043234,14.422106,270,2025-08,streetview
data/images/prague/50.080963_14.422155_h0.jpg,prague,50.080963,14.422155,0,2021-03,streetview
data/images/prague/50.080963_14.422155_h90.jpg,prague,50.080963,14.422155,90,2021-03,streetview
data/images/prague/50.080963_14.422155_h180.jpg,prague,50.080963,14.422155,180,2021-03,streetview
data/images/prague/50.080963_14.422155_h270.jpg,prague,50.080963,14.422155,270,2021-03,streetview
data/images/prague/50.05617_14.400296_h0.jpg,prague,50.05617,14.400296,0,2025-09,streetview
data/images/prague/50.05617_14.400296_h90.jpg,prague,50.05617,14.400296,90,2025-09,streetview
data/images/prague/50.05617_14.400296_h180.jpg,prague,50.05617,14.400296,180,2025-09,streetview
data/images/prague/50.05617_14.400296_h270.jpg,prague,50.05617,14.400296,270,2025-09,streetview
data/images/prague/50.086353_14.381841_h0.jpg,prague,50.086353,14.381841,0,2024-05,streetview
data/images/prague/50.086353_14.381841_h90.jpg,prague,50.086353,14.381841,90,2024-05,streetview
data/images/prague/50.086353_14.381841_h180.jpg,prague,50.086353,14.381841,180,2024-05,streetview
data/images/prague/50.086353_14.381841_h270.jpg,prague,50.086353,14.381841,270,2024-05,streetview
data/images/prague/50.052936_14.460733_h0.jpg,prague,50.052936,14.460733,0,2024-05,streetview
data/images/prague/50.052936_14.460733_h90.jpg,prague,50.052936,14.460733,90,2024-05,streetview
data/images/prague/50.052936_14.460733_h180.jpg,prague,50.052936,14.460733,180,2024-05,streetview
data/images/prague/50.052936_14.460733_h270.jpg,prague,50.052936,14.460733,270,2024-05,streetview
data/images/prague/50.064793_14.36_h0.jpg,prague,50.064793,14.36,0,2024-05,streetview
data/images/prague/50.064793_14.36_h90.jpg,prague,50.064793,14.36,90,2024-05,streetview
data/images/prague/50.064793_14.36_h180.jpg,prague,50.064793,14.36,180,2024-05,streetview
data/images/prague/50.064793_14.36_h270.jpg,prague,50.064793,14.36,270,2024-05,streetview
data/images/prague/50.05617_14.425481_h0.jpg,prague,50.05617,14.425481,0,2025-09,streetview
data/images/prague/50.05617_14.425481_h90.jpg,prague,50.05617,14.425481,90,2025-09,streetview
data/images/prague/50.05617_14.425481_h180.jpg,prague,50.05617,14.425481,180,2025-09,streetview
data/images/prague/50.05617_14.425481_h270.jpg,prague,50.05617,14.425481,270,2025-09,streetview
data/images/prague/50.05617_14.36_h0.jpg,prague,50.05617,14.36,0,2019-09,streetview
data/images/prague/50.05617_14.36_h90.jpg,prague,50.05617,14.36,90,2019-09,streetview
data/images/prague/50.05617_14.36_h180.jpg,prague,50.05617,14.36,180,2019-09,streetview
data/images/prague/50.05617_14.36_h270.jpg,prague,50.05617,14.36,270,2019-09,streetview
data/images/prague/50.064793_14.428851_h0.jpg,prague,50.064793,14.428851,0,2025-09,streetview
data/images/prague/50.064793_14.428851_h90.jpg,prague,50.064793,14.428851,90,2025-09,streetview
data/images/prague/50.064793_14.428851_h180.jpg,prague,50.064793,14.428851,180,2025-09,streetview
data/images/prague/50.064793_14.428851_h270.jpg,prague,50.064793,14.428851,270,2025-09,streetview
data/images/prague/50.078807_14.418792_h0.jpg,prague,50.078807,14.418792,0,2021-10,streetview
data/images/prague/50.078807_14.418792_h90.jpg,prague,50.078807,14.418792,90,2021-10,streetview
data/images/prague/50.078807_14.418792_h180.jpg,prague,50.078807,14.418792,180,2021-10,streetview
data/images/prague/50.078807_14.418792_h270.jpg,prague,50.078807,14.418792,270,2021-10,streetview
data/images/prague/50.096055_14.395288_h0.jpg,prague,50.096055,14.395288,0,2025-09,streetview
data/images/prague/50.096055_14.395288_h90.jpg,prague,50.096055,14.395288,90,2025-09,streetview
data/images/prague/50.096055_14.395288_h180.jpg,prague,50.096055,14.395288,180,2025-09,streetview
data/images/prague/50.096055_14.395288_h270.jpg,prague,50.096055,14.395288,270,2025-09,streetview
data/images/prague/50.051858_14.365037_h0.jpg,prague,50.051858,14.365037,0,2019-09,streetview
data/images/prague/50.051858_14.365037_h90.jpg,prague,50.051858,14.365037,90,2019-09,streetview
data/images/prague/50.051858_14.365037_h180.jpg,prague,50.051858,14.365037,180,2019-09,streetview
data/images/prague/50.051858_14.365037_h270.jpg,prague,50.051858,14.365037,270,2019-09,streetview
data/images/prague/50.101444_14.368403_h0.jpg,prague,50.101444,14.368403,0,2025-09,streetview
data/images/prague/50.101444_14.368403_h90.jpg,prague,50.101444,14.368403,90,2025-09,streetview
data/images/prague/50.101444_14.368403_h180.jpg,prague,50.101444,14.368403,180,2025-09,streetview
data/images/prague/50.101444_14.368403_h270.jpg,prague,50.101444,14.368403,270,2025-09,streetview
data/images/prague/50.10899_14.40034_h0.jpg,prague,50.10899,14.40034,0,2024-03,streetview
data/images/prague/50.10899_14.40034_h90.jpg,prague,50.10899,14.40034,90,2024-03,streetview
data/images/prague/50.10899_14.40034_h180.jpg,prague,50.10899,14.40034,180,2024-03,streetview
data/images/prague/50.10899_14.40034_h270.jpg,prague,50.10899,14.40034,270,2024-03,streetview
data/images/prague/50.073417_14.477572_h0.jpg,prague,50.073417,14.477572,0,2024-06,streetview
data/images/prague/50.073417_14.477572_h90.jpg,prague,50.073417,14.477572,90,2024-06,streetview
data/images/prague/50.073417_14.477572_h180.jpg,prague,50.073417,14.477572,180,2024-06,streetview
data/images/prague/50.073417_14.477572_h270.jpg,prague,50.073417,14.477572,270,2024-06,streetview
data/images/prague/50.041078_14.422103_h0.jpg,prague,50.041078,14.422103,0,2025-08,streetview
data/images/prague/50.041078_14.422103_h90.jpg,prague,50.041078,14.422103,90,2025-08,streetview
data/images/prague/50.041078_14.422103_h180.jpg,prague,50.041078,14.422103,180,2025-08,streetview
data/images/prague/50.041078_14.422103_h270.jpg,prague,50.041078,14.422103,270,2025-08,streetview
data/images/prague/50.087431_14.415443_h0.jpg,prague,50.087431,14.415443,0,2018-03,streetview
data/images/prague/50.087431_14.415443_h90.jpg,prague,50.087431,14.415443,90,2018-03,streetview
data/images/prague/50.087431_14.415443_h180.jpg,prague,50.087431,14.415443,180,2018-03,streetview
data/images/prague/50.087431_14.415443_h270.jpg,prague,50.087431,14.415443,270,2018-03,streetview
data/images/prague/50.091743_14.450733_h0.jpg,prague,50.091743,14.450733,0,2025-09,streetview
data/images/prague/50.091743_14.450733_h90.jpg,prague,50.091743,14.450733,90,2025-09,streetview
data/images/prague/50.091743_14.450733_h180.jpg,prague,50.091743,14.450733,180,2025-09,streetview
data/images/prague/50.091743_14.450733_h270.jpg,prague,50.091743,14.450733,270,2025-09,streetview
data/images/prague/50.073417_14.380155_h0.jpg,prague,50.073417,14.380155,0,2025-09,streetview
data/images/prague/50.073417_14.380155_h90.jpg,prague,50.073417,14.380155,90,2025-09,streetview
data/images/prague/50.073417_14.380155_h180.jpg,prague,50.073417,14.380155,180,2025-09,streetview
data/images/prague/50.073417_14.380155_h270.jpg,prague,50.073417,14.380155,270,2025-09,streetview
data/images/prague/50.048624_14.410362_h0.jpg,prague,50.048624,14.410362,0,2025-09,streetview
data/images/prague/50.048624_14.410362_h90.jpg,prague,50.048624,14.410362,90,2025-09,streetview
data/images/prague/50.048624_14.410362_h180.jpg,prague,50.048624,14.410362,180,2025-09,streetview
data/images/prague/50.048624_14.410362_h270.jpg,prague,50.048624,14.410362,270,2025-09,streetview
data/images/prague/50.074495_14.381835_h0.jpg,prague,50.074495,14.381835,0,2019-08,streetview
data/images/prague/50.074495_14.381835_h90.jpg,prague,50.074495,14.381835,90,2019-08,streetview
data/images/prague/50.074495_14.381835_h180.jpg,prague,50.074495,14.381835,180,2019-08,streetview
data/images/prague/50.074495_14.381835_h270.jpg,prague,50.074495,14.381835,270,2019-08,streetview
data/images/prague/50.098211_14.415455_h0.jpg,prague,50.098211,14.415455,0,2024-06,streetview
data/images/prague/50.098211_14.415455_h90.jpg,prague,50.098211,14.415455,90,2024-06,streetview
data/images/prague/50.098211_14.415455_h180.jpg,prague,50.098211,14.415455,180,2024-06,streetview
data/images/prague/50.098211_14.415455_h270.jpg,prague,50.098211,14.415455,270,2024-06,streetview
data/images/prague/50.099289_14.407054_h0.jpg,prague,50.099289,14.407054,0,2019-04,streetview
data/images/prague/50.099289_14.407054_h90.jpg,prague,50.099289,14.407054,90,2019-04,streetview
data/images/prague/50.099289_14.407054_h180.jpg,prague,50.099289,14.407054,180,2019-04,streetview
data/images/prague/50.099289_14.407054_h270.jpg,prague,50.099289,14.407054,270,2019-04,streetview
data/images/prague/50.083119_14.3684_h0.jpg,prague,50.083119,14.3684,0,2025-09,streetview
data/images/prague/50.083119_14.3684_h90.jpg,prague,50.083119,14.3684,90,2025-09,streetview
data/images/prague/50.083119_14.3684_h180.jpg,prague,50.083119,14.3684,180,2025-09,streetview
data/images/prague/50.083119_14.3684_h270.jpg,prague,50.083119,14.3684,270,2025-09,streetview
data/images/prague/50.083119_14.475916_h0.jpg,prague,50.083119,14.475916,0,2025-08,streetview
data/images/prague/50.083119_14.475916_h90.jpg,prague,50.083119,14.475916,90,2025-08,streetview
data/images/prague/50.083119_14.475916_h180.jpg,prague,50.083119,14.475916,180,2025-08,streetview
data/images/prague/50.083119_14.475916_h270.jpg,prague,50.083119,14.475916,270,2025-08,streetview
data/images/prague/50.069105_14.428857_h0.jpg,prague,50.069105,14.428857,0,2023-04,streetview
data/images/prague/50.069105_14.428857_h90.jpg,prague,50.069105,14.428857,90,2023-04,streetview
data/images/prague/50.069105_14.428857_h180.jpg,prague,50.069105,14.428857,180,2023-04,streetview
data/images/prague/50.069105_14.428857_h270.jpg,prague,50.069105,14.428857,270,2023-04,streetview
data/images/prague/50.069105_14.475882_h0.jpg,prague,50.069105,14.475882,0,2023-12,streetview
data/images/prague/50.069105_14.475882_h90.jpg,prague,50.069105,14.475882,90,2023-12,streetview
data/images/prague/50.069105_14.475882_h180.jpg,prague,50.069105,14.475882,180,2023-12,streetview
data/images/prague/50.069105_14.475882_h270.jpg,prague,50.069105,14.475882,270,2023-12,streetview
data/images/prague/50.074495_14.376796_h0.jpg,prague,50.074495,14.376796,0,2024-05,streetview
data/images/prague/50.074495_14.376796_h90.jpg,prague,50.074495,14.376796,90,2024-05,streetview
data/images/prague/50.074495_14.376796_h180.jpg,prague,50.074495,14.376796,180,2024-05,streetview
data/images/prague/50.074495_14.376796_h270.jpg,prague,50.074495,14.376796,270,2024-05,streetview
data/images/prague/50.065871_14.403663_h0.jpg,prague,50.065871,14.403663,0,2025-09,streetview
data/images/prague/50.065871_14.403663_h90.jpg,prague,50.065871,14.403663,90,2025-09,streetview
data/images/prague/50.065871_14.403663_h180.jpg,prague,50.065871,14.403663,180,2025-09,streetview
data/images/prague/50.065871_14.403663_h270.jpg,prague,50.065871,14.403663,270,2025-09,streetview
data/images/prague/50.058326_14.428842_h0.jpg,prague,50.058326,14.428842,0,2020-05,streetview
data/images/prague/50.058326_14.428842_h90.jpg,prague,50.058326,14.428842,90,2020-05,streetview
data/images/prague/50.058326_14.428842_h180.jpg,prague,50.058326,14.428842,180,2020-05,streetview
data/images/prague/50.058326_14.428842_h270.jpg,prague,50.058326,14.428842,270,2020-05,streetview
data/images/prague/50.051858_14.459052_h0.jpg,prague,50.051858,14.459052,0,2024-05,streetview
data/images/prague/50.051858_14.459052_h90.jpg,prague,50.051858,14.459052,90,2024-05,streetview
data/images/prague/50.051858_14.459052_h180.jpg,prague,50.051858,14.459052,180,2024-05,streetview
data/images/prague/50.051858_14.459052_h270.jpg,prague,50.051858,14.459052,270,2024-05,streetview
data/images/prague/50.057248_14.393581_h0.jpg,prague,50.057248,14.393581,0,2025-08,streetview
data/images/prague/50.057248_14.393581_h90.jpg,prague,50.057248,14.393581,90,2025-08,streetview
data/images/prague/50.057248_14.393581_h180.jpg,prague,50.057248,14.393581,180,2025-08,streetview
data/images/prague/50.057248_14.393581_h270.jpg,prague,50.057248,14.393581,270,2025-08,streetview
data/images/prague/50.101444_14.366722_h0.jpg,prague,50.101444,14.366722,0,2025-09,streetview
data/images/prague/50.101444_14.366722_h90.jpg,prague,50.101444,14.366722,90,2025-09,streetview
data/images/prague/50.101444_14.366722_h180.jpg,prague,50.101444,14.366722,180,2025-09,streetview
data/images/prague/50.101444_14.366722_h270.jpg,prague,50.101444,14.366722,270,2025-09,streetview
data/images/prague/50.048624_14.361679_h0.jpg,prague,50.048624,14.361679,0,2024-05,streetview
data/images/prague/50.048624_14.361679_h90.jpg,prague,50.048624,14.361679,90,2024-05,streetview
data/images/prague/50.048624_14.361679_h180.jpg,prague,50.048624,14.361679,180,2024-05,streetview
data/images/prague/50.048624_14.361679_h270.jpg,prague,50.048624,14.361679,270,2024-05,streetview
data/images/prague/50.05617_14.432197_h0.jpg,prague,50.05617,14.432197,0,2024-05,streetview
data/images/prague/50.05617_14.432197_h90.jpg,prague,50.05617,14.432197,90,2024-05,streetview
data/images/prague/50.05617_14.432197_h180.jpg,prague,50.05617,14.432197,180,2024-05,streetview
data/images/prague/50.05617_14.432197_h270.jpg,prague,50.05617,14.432197,270,2024-05,streetview
data/images/prague/50.075573_14.449023_h0.jpg,prague,50.075573,14.449023,0,2025-09,streetview
data/images/prague/50.075573_14.449023_h90.jpg,prague,50.075573,14.449023,90,2025-09,streetview
data/images/prague/50.075573_14.449023_h180.jpg,prague,50.075573,14.449023,180,2025-09,streetview
data/images/prague/50.075573_14.449023_h270.jpg,prague,50.075573,14.449023,270,2025-09,streetview
data/images/prague/50.106834_14.465888_h0.jpg,prague,50.106834,14.465888,0,2025-09,streetview
data/images/prague/50.106834_14.465888_h90.jpg,prague,50.106834,14.465888,90,2025-09,streetview
data/images/prague/50.106834_14.465888_h180.jpg,prague,50.106834,14.465888,180,2025-09,streetview
data/images/prague/50.106834_14.465888_h270.jpg,prague,50.106834,14.465888,270,2025-09,streetview
data/images/prague/50.073417_14.373437_h0.jpg,prague,50.073417,14.373437,0,2025-09,streetview
data/images/prague/50.073417_14.373437_h90.jpg,prague,50.073417,14.373437,90,2025-09,streetview
data/images/prague/50.073417_14.373437_h180.jpg,prague,50.073417,14.373437,180,2025-09,streetview
data/images/prague/50.073417_14.373437_h270.jpg,prague,50.073417,14.373437,270,2025-09,streetview
data/images/prague/50.098211_14.475952_h0.jpg,prague,50.098211,14.475952,0,2019-07,streetview
data/images/prague/50.098211_14.475952_h90.jpg,prague,50.098211,14.475952,90,2019-07,streetview
data/images/prague/50.098211_14.475952_h180.jpg,prague,50.098211,14.475952,180,2019-07,streetview
data/images/prague/50.098211_14.475952_h270.jpg,prague,50.098211,14.475952,270,2019-07,streetview
data/images/prague/50.099289_14.39193_h0.jpg,prague,50.099289,14.39193,0,2025-09,streetview
data/images/prague/50.099289_14.39193_h90.jpg,prague,50.099289,14.39193,90,2025-09,streetview
data/images/prague/50.099289_14.39193_h180.jpg,prague,50.099289,14.39193,180,2025-09,streetview
data/images/prague/50.099289_14.39193_h270.jpg,prague,50.099289,14.39193,270,2025-09,streetview
data/images/prague/50.091743_14.373442_h0.jpg,prague,50.091743,14.373442,0,2025-09,streetview
data/images/prague/50.091743_14.373442_h90.jpg,prague,50.091743,14.373442,90,2025-09,streetview
data/images/prague/50.091743_14.373442_h180.jpg,prague,50.091743,14.373442,180,2025-09,streetview
data/images/prague/50.091743_14.373442_h270.jpg,prague,50.091743,14.373442,270,2025-09,streetview
data/images/prague/50.068027_14.390229_h0.jpg,prague,50.068027,14.390229,0,2024-05,streetview
data/images/prague/50.068027_14.390229_h90.jpg,prague,50.068027,14.390229,90,2024-05,streetview
data/images/prague/50.068027_14.390229_h180.jpg,prague,50.068027,14.390229,180,2024-05,streetview
data/images/prague/50.068027_14.390229_h270.jpg,prague,50.068027,14.390229,270,2024-05,streetview
data/images/prague/50.1036_14.447394_h0.jpg,prague,50.1036,14.447394,0,2019-04,streetview
data/images/prague/50.1036_14.447394_h90.jpg,prague,50.1036,14.447394,90,2019-04,streetview
data/images/prague/50.1036_14.447394_h180.jpg,prague,50.1036,14.447394,180,2019-04,streetview
data/images/prague/50.1036_14.447394_h270.jpg,prague,50.1036,14.447394,270,2019-04,streetview
data/images/prague/50.058326_14.423805_h0.jpg,prague,50.058326,14.423805,0,2025-09,streetview
data/images/prague/50.058326_14.423805_h90.jpg,prague,50.058326,14.423805,90,2025-09,streetview
data/images/prague/50.058326_14.423805_h180.jpg,prague,50.058326,14.423805,180,2025-09,streetview
data/images/prague/50.058326_14.423805_h270.jpg,prague,50.058326,14.423805,270,2025-09,streetview
data/images/prague/50.065871_14.398625_h0.jpg,prague,50.065871,14.398625,0,2025-09,streetview
data/images/prague/50.065871_14.398625_h90.jpg,prague,50.065871,14.398625,90,2025-09,streetview
data/images/prague/50.065871_14.398625_h180.jpg,prague,50.065871,14.398625,180,2025-09,streetview
data/images/prague/50.065871_14.398625_h270.jpg,prague,50.065871,14.398625,270,2025-09,streetview
data/images/prague/50.073417_14.390233_h0.jpg,prague,50.073417,14.390233,0,2019-05,streetview
data/images/prague/50.073417_14.390233_h90.jpg,prague,50.073417,14.390233,90,2019-05,streetview
data/images/prague/50.073417_14.390233_h180.jpg,prague,50.073417,14.390233,180,2019-05,streetview
data/images/prague/50.073417_14.390233_h270.jpg,prague,50.073417,14.390233,270,2019-05,streetview
data/images/prague/50.068027_14.363359_h0.jpg,prague,50.068027,14.363359,0,2025-08,streetview
data/images/prague/50.068027_14.363359_h90.jpg,prague,50.068027,14.363359,90,2025-08,streetview
data/images/prague/50.068027_14.363359_h180.jpg,prague,50.068027,14.363359,180,2025-08,streetview
data/images/prague/50.068027_14.363359_h270.jpg,prague,50.068027,14.363359,270,2025-08,streetview
data/images/prague/50.057248_14.368395_h0.jpg,prague,50.057248,14.368395,0,2025-08,streetview
data/images/prague/50.057248_14.368395_h90.jpg,prague,50.057248,14.368395,90,2025-08,streetview
data/images/prague/50.057248_14.368395_h180.jpg,prague,50.057248,14.368395,180,2025-08,streetview
data/images/prague/50.057248_14.368395_h270.jpg,prague,50.057248,14.368395,270,2025-08,streetview
data/images/prague/50.097133_14.365041_h0.jpg,prague,50.097133,14.365041,0,2025-09,streetview
data/images/prague/50.097133_14.365041_h90.jpg,prague,50.097133,14.365041,90,2025-09,streetview
data/images/prague/50.097133_14.365041_h180.jpg,prague,50.097133,14.365041,180,2025-09,streetview
data/images/prague/50.097133_14.365041_h270.jpg,prague,50.097133,14.365041,270,2025-09,streetview
data/images/prague/50.061559_14.401979_h0.jpg,prague,50.061559,14.401979,0,2025-08,streetview
data/images/prague/50.061559_14.401979_h90.jpg,prague,50.061559,14.401979,90,2025-08,streetview
data/images/prague/50.061559_14.401979_h180.jpg,prague,50.061559,14.401979,180,2025-08,streetview
data/images/prague/50.061559_14.401979_h270.jpg,prague,50.061559,14.401979,270,2025-08,streetview
data/images/prague/50.1036_14.395294_h0.jpg,prague,50.1036,14.395294,0,2025-09,streetview
data/images/prague/50.1036_14.395294_h90.jpg,prague,50.1036,14.395294,90,2025-09,streetview
data/images/prague/50.1036_14.395294_h180.jpg,prague,50.1036,14.395294,180,2025-09,streetview
data/images/prague/50.1036_14.395294_h270.jpg,prague,50.1036,14.395294,270,2025-09,streetview
data/images/prague/50.105756_14.470928_h0.jpg,prague,50.105756,14.470928,0,2025-08,streetview
data/images/prague/50.105756_14.470928_h90.jpg,prague,50.105756,14.470928,90,2025-08,streetview
data/images/prague/50.105756_14.470928_h180.jpg,prague,50.105756,14.470928,180,2025-08,streetview
data/images/prague/50.105756_14.470928_h270.jpg,prague,50.105756,14.470928,270,2025-08,streetview
data/images/prague/50.070183_14.438936_h0.jpg,prague,50.070183,14.438936,0,2024-05,streetview
data/images/prague/50.070183_14.438936_h90.jpg,prague,50.070183,14.438936,90,2024-05,streetview
data/images/prague/50.070183_14.438936_h180.jpg,prague,50.070183,14.438936,180,2024-05,streetview
data/images/prague/50.070183_14.438936_h270.jpg,prague,50.070183,14.438936,270,2024-05,streetview
data/images/prague/50.092821_14.457456_h0.jpg,prague,50.092821,14.457456,0,2025-09,streetview
data/images/prague/50.092821_14.457456_h90.jpg,prague,50.092821,14.457456,90,2025-09,streetview
data/images/prague/50.092821_14.457456_h180.jpg,prague,50.092821,14.457456,180,2025-09,streetview
data/images/prague/50.092821_14.457456_h270.jpg,prague,50.092821,14.457456,270,2025-09,streetview
data/images/prague/50.072339_14.459094_h0.jpg,prague,50.072339,14.459094,0,2024-07,streetview
data/images/prague/50.072339_14.459094_h90.jpg,prague,50.072339,14.459094,90,2024-07,streetview
data/images/prague/50.072339_14.459094_h180.jpg,prague,50.072339,14.459094,180,2024-07,streetview
data/images/prague/50.072339_14.459094_h270.jpg,prague,50.072339,14.459094,270,2024-07,streetview
data/images/prague/50.1036_14.375126_h0.jpg,prague,50.1036,14.375126,0,2025-09,streetview
data/images/prague/50.1036_14.375126_h90.jpg,prague,50.1036,14.375126,90,2025-09,streetview
data/images/prague/50.1036_14.375126_h180.jpg,prague,50.1036,14.375126,180,2025-09,streetview
data/images/prague/50.1036_14.375126_h270.jpg,prague,50.1036,14.375126,270,2025-09,streetview
data/images/prague/50.043234_14.472462_h0.jpg,prague,50.043234,14.472462,0,2023-01,streetview
data/images/prague/50.043234_14.472462_h90.jpg,prague,50.043234,14.472462,90,2023-01,streetview
data/images/prague/50.043234_14.472462_h180.jpg,prague,50.043234,14.472462,180,2023-01,streetview
data/images/prague/50.043234_14.472462_h270.jpg,prague,50.043234,14.472462,270,2023-01,streetview
data/images/prague/50.046468_14.415396_h0.jpg,prague,50.046468,14.415396,0,2025-08,streetview
data/images/prague/50.046468_14.415396_h90.jpg,prague,50.046468,14.415396,90,2025-08,streetview
data/images/prague/50.046468_14.415396_h180.jpg,prague,50.046468,14.415396,180,2025-08,streetview
data/images/prague/50.046468_14.415396_h270.jpg,prague,50.046468,14.415396,270,2025-08,streetview
data/images/prague/50.106834_14.370085_h0.jpg,prague,50.106834,14.370085,0,2025-09,streetview
data/images/prague/50.106834_14.370085_h90.jpg,prague,50.106834,14.370085,90,2025-09,streetview
data/images/prague/50.106834_14.370085_h180.jpg,prague,50.106834,14.370085,180,2025-09,streetview
data/images/prague/50.106834_14.370085_h270.jpg,prague,50.106834,14.370085,270,2025-09,streetview
data/images/prague/50.085275_14.38856_h0.jpg,prague,50.085275,14.38856,0,2018-04,streetview
data/images/prague/50.085275_14.38856_h90.jpg,prague,50.085275,14.38856,90,2018-04,streetview
data/images/prague/50.085275_14.38856_h180.jpg,prague,50.085275,14.38856,180,2018-04,streetview
data/images/prague/50.085275_14.38856_h270.jpg,prague,50.085275,14.38856,270,2018-04,streetview
data/images/prague/50.1036_14.402016_h0.jpg,prague,50.1036,14.402016,0,2025-09,streetview
data/images/prague/50.1036_14.402016_h90.jpg,prague,50.1036,14.402016,90,2025-09,streetview
data/images/prague/50.1036_14.402016_h180.jpg,prague,50.1036,14.402016,180,2025-09,streetview
data/images/prague/50.1036_14.402016_h270.jpg,prague,50.1036,14.402016,270,2025-09,streetview
data/images/prague/50.071261_14.371757_h0.jpg,prague,50.071261,14.371757,0,2025-09,streetview
data/images/prague/50.071261_14.371757_h90.jpg,prague,50.071261,14.371757,90,2025-09,streetview
data/images/prague/50.071261_14.371757_h180.jpg,prague,50.071261,14.371757,180,2025-09,streetview
data/images/prague/50.071261_14.371757_h270.jpg,prague,50.071261,14.371757,270,2025-09,streetview
data/images/prague/50.059404_14.401978_h0.jpg,prague,50.059404,14.401978,0,2025-09,streetview
data/images/prague/50.059404_14.401978_h90.jpg,prague,50.059404,14.401978,90,2025-09,streetview
data/images/prague/50.059404_14.401978_h180.jpg,prague,50.059404,14.401978,180,2025-09,streetview
data/images/prague/50.059404_14.401978_h270.jpg,prague,50.059404,14.401978,270,2025-09,streetview
data/images/prague/50.052936_14.423797_h0.jpg,prague,50.052936,14.423797,0,2024-05,streetview
data/images/prague/50.052936_14.423797_h90.jpg,prague,50.052936,14.423797,90,2024-05,streetview
data/images/prague/50.052936_14.423797_h180.jpg,prague,50.052936,14.423797,180,2024-05,streetview
data/images/prague/50.052936_14.423797_h270.jpg,prague,50.052936,14.423797,270,2024-05,streetview
data/images/prague/50.071261_14.46581_h0.jpg,prague,50.071261,14.46581,0,2019-07,streetview
data/images/prague/50.071261_14.46581_h90.jpg,prague,50.071261,14.46581,90,2019-07,streetview
data/images/prague/50.071261_14.46581_h180.jpg,prague,50.071261,14.46581,180,2019-07,streetview
data/images/prague/50.071261_14.46581_h270.jpg,prague,50.071261,14.46581,270,2019-07,streetview
data/images/prague/50.075573_14.422148_h0.jpg,prague,50.075573,14.422148,0,2019-07,streetview
data/images/prague/50.075573_14.422148_h90.jpg,prague,50.075573,14.422148,90,2019-07,streetview
data/images/prague/50.075573_14.422148_h180.jpg,prague,50.075573,14.422148,180,2019-07,streetview
data/images/prague/50.075573_14.422148_h270.jpg,prague,50.075573,14.422148,270,2019-07,streetview
data/images/prague/50.073417_14.428863_h0.jpg,prague,50.073417,14.428863,0,2025-09,streetview
data/images/prague/50.073417_14.428863_h90.jpg,prague,50.073417,14.428863,90,2025-09,streetview
data/images/prague/50.073417_14.428863_h180.jpg,prague,50.073417,14.428863,180,2025-09,streetview
data/images/prague/50.073417_14.428863_h270.jpg,prague,50.073417,14.428863,270,2025-09,streetview
data/images/prague/50.059404_14.403657_h0.jpg,prague,50.059404,14.403657,0,2025-09,streetview
data/images/prague/50.059404_14.403657_h90.jpg,prague,50.059404,14.403657,90,2025-09,streetview
data/images/prague/50.059404_14.403657_h180.jpg,prague,50.059404,14.403657,180,2025-09,streetview
data/images/prague/50.059404_14.403657_h270.jpg,prague,50.059404,14.403657,270,2025-09,streetview
data/images/prague/50.083119_14.398639_h0.jpg,prague,50.083119,14.398639,0,2019-04,streetview
data/images/prague/50.083119_14.398639_h90.jpg,prague,50.083119,14.398639,90,2019-04,streetview
data/images/prague/50.083119_14.398639_h180.jpg,prague,50.083119,14.398639,180,2019-04,streetview
data/images/prague/50.083119_14.398639_h270.jpg,prague,50.083119,14.398639,270,2019-04,streetview
data/images/prague/50.096055_14.390247_h0.jpg,prague,50.096055,14.390247,0,2025-09,streetview
data/images/prague/50.096055_14.390247_h90.jpg,prague,50.096055,14.390247,90,2025-09,streetview
data/images/prague/50.096055_14.390247_h180.jpg,prague,50.096055,14.390247,180,2025-09,streetview
data/images/prague/50.096055_14.390247_h270.jpg,prague,50.096055,14.390247,270,2025-09,streetview
data/images/prague/50.05617_14.418765_h0.jpg,prague,50.05617,14.418765,0,2019-06,streetview
data/images/prague/50.05617_14.418765_h90.jpg,prague,50.05617,14.418765,90,2019-06,streetview
data/images/prague/50.05617_14.418765_h180.jpg,prague,50.05617,14.418765,180,2019-06,streetview
data/images/prague/50.05617_14.418765_h270.jpg,prague,50.05617,14.418765,270,2019-06,streetview
data/images/prague/50.05617_14.365037_h0.jpg,prague,50.05617,14.365037,0,2025-08,streetview
data/images/prague/50.05617_14.365037_h90.jpg,prague,50.05617,14.365037,90,2025-08,streetview
data/images/prague/50.05617_14.365037_h180.jpg,prague,50.05617,14.365037,180,2025-08,streetview
data/images/prague/50.05617_14.365037_h270.jpg,prague,50.05617,14.365037,270,2025-08,streetview
data/images/prague/50.066949_14.38687_h0.jpg,prague,50.066949,14.38687,0,2024-05,streetview
data/images/prague/50.066949_14.38687_h90.jpg,prague,50.066949,14.38687,90,2024-05,streetview
data/images/prague/50.066949_14.38687_h180.jpg,prague,50.066949,14.38687,180,2024-05,streetview
data/images/prague/50.066949_14.38687_h270.jpg,prague,50.066949,14.38687,270,2024-05,streetview
data/images/prague/50.10899_14.469255_h0.jpg,prague,50.10899,14.469255,0,2023-06,streetview
data/images/prague/50.10899_14.469255_h90.jpg,prague,50.10899,14.469255,90,2023-06,streetview
data/images/prague/50.10899_14.469255_h180.jpg,prague,50.10899,14.469255,180,2023-06,streetview
data/images/prague/50.10899_14.469255_h270.jpg,prague,50.10899,14.469255,270,2023-06,streetview
data/images/prague/50.042156_14.479174_h0.jpg,prague,50.042156,14.479174,0,2019-08,streetview
data/images/prague/50.042156_14.479174_h90.jpg,prague,50.042156,14.479174,90,2019-08,streetview
data/images/prague/50.042156_14.479174_h180.jpg,prague,50.042156,14.479174,180,2019-08,streetview
data/images/prague/50.042156_14.479174_h270.jpg,prague,50.042156,14.479174,270,2019-08,streetview
data/images/prague/50.089587_14.479291_h0.jpg,prague,50.089587,14.479291,0,2025-08,streetview
data/images/prague/50.089587_14.479291_h90.jpg,prague,50.089587,14.479291,90,2025-08,streetview
data/images/prague/50.089587_14.479291_h180.jpg,prague,50.089587,14.479291,180,2025-08,streetview
data/images/prague/50.089587_14.479291_h270.jpg,prague,50.089587,14.479291,270,2025-08,streetview
data/images/prague/50.057248_14.380148_h0.jpg,prague,50.057248,14.380148,0,2025-08,streetview
data/images/prague/50.057248_14.380148_h90.jpg,prague,50.057248,14.380148,90,2025-08,streetview
data/images/prague/50.057248_14.380148_h180.jpg,prague,50.057248,14.380148,180,2025-08,streetview
data/images/prague/50.057248_14.380148_h270.jpg,prague,50.057248,14.380148,270,2025-08,streetview
data/images/prague/50.043234_14.477498_h0.jpg,prague,50.043234,14.477498,0,2025-07,streetview
data/images/prague/50.043234_14.477498_h90.jpg,prague,50.043234,14.477498,90,2025-07,streetview
data/images/prague/50.043234_14.477498_h180.jpg,prague,50.043234,14.477498,180,2025-07,streetview
data/images/prague/50.043234_14.477498_h270.jpg,prague,50.043234,14.477498,270,2025-07,streetview
data/images/prague/50.107912_14.438998_h0.jpg,prague,50.107912,14.438998,0,2024-05,streetview
data/images/prague/50.107912_14.438998_h90.jpg,prague,50.107912,14.438998,90,2024-05,streetview
data/images/prague/50.107912_14.438998_h180.jpg,prague,50.107912,14.438998,180,2024-05,streetview
data/images/prague/50.107912_14.438998_h270.jpg,prague,50.107912,14.438998,270,2024-05,streetview
data/images/prague/50.075573_14.375117_h0.jpg,prague,50.075573,14.375117,0,2025-09,streetview
data/images/prague/50.075573_14.375117_h90.jpg,prague,50.075573,14.375117,90,2025-09,streetview
data/images/prague/50.075573_14.375117_h180.jpg,prague,50.075573,14.375117,180,2025-09,streetview
data/images/prague/50.075573_14.375117_h270.jpg,prague,50.075573,14.375117,270,2025-09,streetview
data/images/prague/50.075573_14.380156_h0.jpg,prague,50.075573,14.380156,0,2019-08,streetview
data/images/prague/50.075573_14.380156_h90.jpg,prague,50.075573,14.380156,90,2019-08,streetview
data/images/prague/50.075573_14.380156_h180.jpg,prague,50.075573,14.380156,180,2019-08,streetview
data/images/prague/50.075573_14.380156_h270.jpg,prague,50.075573,14.380156,270,2019-08,streetview
data/images/prague/50.046468_14.435539_h0.jpg,prague,50.046468,14.435539,0,2025-09,streetview
data/images/prague/50.046468_14.435539_h90.jpg,prague,50.046468,14.435539,90,2025-09,streetview
data/images/prague/50.046468_14.435539_h180.jpg,prague,50.046468,14.435539,180,2025-09,streetview
data/images/prague/50.046468_14.435539_h270.jpg,prague,50.046468,14.435539,270,2025-09,streetview
data/images/prague/50.04539_14.460717_h0.jpg,prague,50.04539,14.460717,0,2022-05,streetview
data/images/prague/50.04539_14.460717_h90.jpg,prague,50.04539,14.460717,90,2022-05,streetview
data/images/prague/50.04539_14.460717_h180.jpg,prague,50.04539,14.460717,180,2022-05,streetview
data/images/prague/50.04539_14.460717_h270.jpg,prague,50.04539,14.460717,270,2022-05,streetview
data/images/prague/50.101444_14.383528_h0.jpg,prague,50.101444,14.383528,0,2025-09,streetview
data/images/prague/50.101444_14.383528_h90.jpg,prague,50.101444,14.383528,90,2025-09,streetview
data/images/prague/50.101444_14.383528_h180.jpg,prague,50.101444,14.383528,180,2025-09,streetview
data/images/prague/50.101444_14.383528_h270.jpg,prague,50.101444,14.383528,270,2025-09,streetview
data/images/prague/50.092821_14.380163_h0.jpg,prague,50.092821,14.380163,0,2025-09,streetview
data/images/prague/50.092821_14.380163_h90.jpg,prague,50.092821,14.380163,90,2025-09,streetview
data/images/prague/50.092821_14.380163_h180.jpg,prague,50.092821,14.380163,180,2025-09,streetview
data/images/prague/50.092821_14.380163_h270.jpg,prague,50.092821,14.380163,270,2025-09,streetview
data/images/prague/50.055092_14.454021_h0.jpg,prague,50.055092,14.454021,0,2025-09,streetview
data/images/prague/50.055092_14.454021_h90.jpg,prague,50.055092,14.454021,90,2025-09,streetview
data/images/prague/50.055092_14.454021_h180.jpg,prague,50.055092,14.454021,180,2025-09,streetview
data/images/prague/50.055092_14.454021_h270.jpg,prague,50.055092,14.454021,270,2025-09,streetview
data/images/prague/50.051858_14.417081_h0.jpg,prague,50.051858,14.417081,0,2025-09,streetview
data/images/prague/50.051858_14.417081_h90.jpg,prague,50.051858,14.417081,90,2025-09,streetview
data/images/prague/50.051858_14.417081_h180.jpg,prague,50.051858,14.417081,180,2025-09,streetview
data/images/prague/50.051858_14.417081_h270.jpg,prague,50.051858,14.417081,270,2025-09,streetview
data/images/prague/50.069105_14.454049_h0.jpg,prague,50.069105,14.454049,0,2019-07,streetview
data/images/prague/50.069105_14.454049_h90.jpg,prague,50.069105,14.454049,90,2019-07,streetview
data/images/prague/50.069105_14.454049_h180.jpg,prague,50.069105,14.454049,180,2019-07,streetview
data/images/prague/50.069105_14.454049_h270.jpg,prague,50.069105,14.454049,270,2019-07,streetview
data/images/prague/50.054014_14.438909_h0.jpg,prague,50.054014,14.438909,0,2024-05,streetview
data/images/prague/50.054014_14.438909_h90.jpg,prague,50.054014,14.438909,90,2024-05,streetview
data/images/prague/50.054014_14.438909_h180.jpg,prague,50.054014,14.438909,180,2024-05,streetview
data/images/prague/50.054014_14.438909_h270.jpg,prague,50.054014,14.438909,270,2024-05,streetview
data/images/prague/50.079885_14.45743_h0.jpg,prague,50.079885,14.45743,0,2024-07,streetview
data/images/prague/50.079885_14.45743_h90.jpg,prague,50.079885,14.45743,90,2024-07,streetview
data/images/prague/50.079885_14.45743_h180.jpg,prague,50.079885,14.45743,180,2024-07,streetview
data/images/prague/50.079885_14.45743_h270.jpg,prague,50.079885,14.45743,270,2024-07,streetview
data/images/prague/50.088509_14.432245_h0.jpg,prague,50.088509,14.432245,0,2025-06,streetview
data/images/prague/50.088509_14.432245_h90.jpg,prague,50.088509,14.432245,90,2025-06,streetview
data/images/prague/50.088509_14.432245_h180.jpg,prague,50.088509,14.432245,180,2025-06,streetview
data/images/prague/50.088509_14.432245_h270.jpg,prague,50.088509,14.432245,270,2025-06,streetview
data/images/prague/50.065871_14.400304_h0.jpg,prague,50.065871,14.400304,0,2025-09,streetview
data/images/prague/50.065871_14.400304_h90.jpg,prague,50.065871,14.400304,90,2025-09,streetview
data/images/prague/50.065871_14.400304_h180.jpg,prague,50.065871,14.400304,180,2025-09,streetview
data/images/prague/50.065871_14.400304_h270.jpg,prague,50.065871,14.400304,270,2025-09,streetview
data/images/prague/50.099289_14.440664_h0.jpg,prague,50.099289,14.440664,0,2024-10,streetview
data/images/prague/50.099289_14.440664_h90.jpg,prague,50.099289,14.440664,90,2024-10,streetview
data/images/prague/50.099289_14.440664_h180.jpg,prague,50.099289,14.440664,180,2024-10,streetview
data/images/prague/50.099289_14.440664_h270.jpg,prague,50.099289,14.440664,270,2024-10,streetview
data/images/prague/50.100367_14.380166_h0.jpg,prague,50.100367,14.380166,0,2025-09,streetview
data/images/prague/50.100367_14.380166_h90.jpg,prague,50.100367,14.380166,90,2025-09,streetview
data/images/prague/50.100367_14.380166_h180.jpg,prague,50.100367,14.380166,180,2025-09,streetview
data/images/prague/50.100367_14.380166_h270.jpg,prague,50.100367,14.380166,270,2025-09,streetview
data/images/prague/50.078807_14.459107_h0.jpg,prague,50.078807,14.459107,0,2025-08,streetview
data/images/prague/50.078807_14.459107_h90.jpg,prague,50.078807,14.459107,90,2025-08,streetview
data/images/prague/50.078807_14.459107_h180.jpg,prague,50.078807,14.459107,180,2025-08,streetview
data/images/prague/50.078807_14.459107_h270.jpg,prague,50.078807,14.459107,270,2025-08,streetview
data/images/prague/50.083119_14.376799_h0.jpg,prague,50.083119,14.376799,0,2025-09,streetview
data/images/prague/50.083119_14.376799_h90.jpg,prague,50.083119,14.376799,90,2025-09,streetview
data/images/prague/50.083119_14.376799_h180.jpg,prague,50.083119,14.376799,180,2025-09,streetview
data/images/prague/50.083119_14.376799_h270.jpg,prague,50.083119,14.376799,270,2025-09,streetview
data/images/prague/50.107912_14.440679_h0.jpg,prague,50.107912,14.440679,0,2024-05,streetview
data/images/prague/50.107912_14.440679_h90.jpg,prague,50.107912,14.440679,90,2024-05,streetview
data/images/prague/50.107912_14.440679_h180.jpg,prague,50.107912,14.440679,180,2024-05,streetview
data/images/prague/50.107912_14.440679_h270.jpg,prague,50.107912,14.440679,270,2024-05,streetview
data/images/prague/50.085275_14.455761_h0.jpg,prague,50.085275,14.455761,0,2025-09,streetview
data/images/prague/50.085275_14.455761_h90.jpg,prague,50.085275,14.455761,90,2025-09,streetview
data/images/prague/50.085275_14.455761_h180.jpg,prague,50.085275,14.455761,180,2025-09,streetview
data/images/prague/50.085275_14.455761_h270.jpg,prague,50.085275,14.455761,270,2025-09,streetview
data/images/prague/50.090665_14.365041_h0.jpg,prague,50.090665,14.365041,0,2025-09,streetview
data/images/prague/50.090665_14.365041_h90.jpg,prague,50.090665,14.365041,90,2025-09,streetview
data/images/prague/50.090665_14.365041_h180.jpg,prague,50.090665,14.365041,180,2025-09,streetview
data/images/prague/50.090665_14.365041_h270.jpg,prague,50.090665,14.365041,270,2025-09,streetview
data/images/prague/50.102522_14.445711_h0.jpg,prague,50.102522,14.445711,0,2025-09,streetview
data/images/prague/50.102522_14.445711_h90.jpg,prague,50.102522,14.445711,90,2025-09,streetview
data/images/prague/50.102522_14.445711_h180.jpg,prague,50.102522,14.445711,180,2025-09,streetview
data/images/prague/50.102522_14.445711_h270.jpg,prague,50.102522,14.445711,270,2025-09,streetview
data/images/prague/50.106834_14.361681_h0.jpg,prague,50.106834,14.361681,0,2025-06,streetview
data/images/prague/50.106834_14.361681_h90.jpg,prague,50.106834,14.361681,90,2025-06,streetview
data/images/prague/50.106834_14.361681_h180.jpg,prague,50.106834,14.361681,180,2025-06,streetview
data/images/prague/50.106834_14.361681_h270.jpg,prague,50.106834,14.361681,270,2025-06,streetview
data/images/prague/50.085275_14.42384_h0.jpg,prague,50.085275,14.42384,0,2023-08,streetview
data/images/prague/50.085275_14.42384_h90.jpg,prague,50.085275,14.42384,90,2023-08,streetview
data/images/prague/50.085275_14.42384_h180.jpg,prague,50.085275,14.42384,180,2023-08,streetview
data/images/prague/50.085275_14.42384_h270.jpg,prague,50.085275,14.42384,270,2023-08,streetview
data/images/prague/50.090665_14.433929_h0.jpg,prague,50.090665,14.433929,0,2024-03,streetview
data/images/prague/50.090665_14.433929_h90.jpg,prague,50.090665,14.433929,90,2024-03,streetview
data/images/prague/50.090665_14.433929_h180.jpg,prague,50.090665,14.433929,180,2024-03,streetview
data/images/prague/50.090665_14.433929_h270.jpg,prague,50.090665,14.433929,270,2024-03,streetview
data/images/prague/50.075573_14.366719_h0.jpg,prague,50.075573,14.366719,0,2025-09,streetview
data/images/prague/50.075573_14.366719_h90.jpg,prague,50.075573,14.366719,90,2025-09,streetview
data/images/prague/50.075573_14.366719_h180.jpg,prague,50.075573,14.366719,180,2025-09,streetview
data/images/prague/50.075573_14.366719_h270.jpg,prague,50.075573,14.366719,270,2025-09,streetview
data/images/prague/50.104678_14.45748_h0.jpg,prague,50.104678,14.45748,0,2019-07,streetview
data/images/prague/50.104678_14.45748_h90.jpg,prague,50.104678,14.45748,90,2019-07,streetview
data/images/prague/50.104678_14.45748_h180.jpg,prague,50.104678,14.45748,180,2019-07,streetview
data/images/prague/50.104678_14.45748_h270.jpg,prague,50.104678,14.45748,270,2019-07,streetview
data/images/prague/50.059404_14.448993_h0.jpg,prague,50.059404,14.448993,0,2024-05,streetview
data/images/prague/50.059404_14.448993_h90.jpg,prague,50.059404,14.448993,90,2024-05,streetview
data/images/prague/50.059404_14.448993_h180.jpg,prague,50.059404,14.448993,180,2024-05,streetview
data/images/prague/50.059404_14.448993_h270.jpg,prague,50.059404,14.448993,270,2024-05,streetview
data/images/prague/50.104678_14.390252_h0.jpg,prague,50.104678,14.390252,0,2020-12,streetview
data/images/prague/50.104678_14.390252_h90.jpg,prague,50.104678,14.390252,90,2020-12,streetview
data/images/prague/50.104678_14.390252_h180.jpg,prague,50.104678,14.390252,180,2020-12,streetview
data/images/prague/50.104678_14.390252_h270.jpg,prague,50.104678,14.390252,270,2020-12,streetview
data/images/prague/50.047546_14.435541_h0.jpg,prague,50.047546,14.435541,0,2024-08,streetview
data/images/prague/50.047546_14.435541_h90.jpg,prague,50.047546,14.435541,90,2024-08,streetview
data/images/prague/50.047546_14.435541_h180.jpg,prague,50.047546,14.435541,180,2024-08,streetview
data/images/prague/50.047546_14.435541_h270.jpg,prague,50.047546,14.435541,270,2024-08,streetview
data/images/prague/50.041078_14.435531_h0.jpg,prague,50.041078,14.435531,0,2025-09,streetview
data/images/prague/50.041078_14.435531_h90.jpg,prague,50.041078,14.435531,90,2025-09,streetview
data/images/prague/50.041078_14.435531_h180.jpg,prague,50.041078,14.435531,180,2025-09,streetview
data/images/prague/50.041078_14.435531_h270.jpg,prague,50.041078,14.435531,270,2025-09,streetview
data/images/prague/50.068027_14.376794_h0.jpg,prague,50.068027,14.376794,0,2025-09,streetview
data/images/prague/50.068027_14.376794_h90.jpg,prague,50.068027,14.376794,90,2025-09,streetview
data/images/prague/50.068027_14.376794_h180.jpg,prague,50.068027,14.376794,180,2025-09,streetview
data/images/prague/50.068027_14.376794_h270.jpg,prague,50.068027,14.376794,270,2025-09,streetview
data/images/prague/50.091743_14.375122_h0.jpg,prague,50.091743,14.375122,0,2019-09,streetview
data/images/prague/50.091743_14.375122_h90.jpg,prague,50.091743,14.375122,90,2019-09,streetview
data/images/prague/50.091743_14.375122_h180.jpg,prague,50.091743,14.375122,180,2019-09,streetview
data/images/prague/50.091743_14.375122_h270.jpg,prague,50.091743,14.375122,270,2019-09,streetview
data/images/prague/50.104678_14.405379_h0.jpg,prague,50.104678,14.405379,0,2019-04,streetview
data/images/prague/50.104678_14.405379_h90.jpg,prague,50.104678,14.405379,90,2019-04,streetview
data/images/prague/50.104678_14.405379_h180.jpg,prague,50.104678,14.405379,180,2019-04,streetview
data/images/prague/50.104678_14.405379_h270.jpg,prague,50.104678,14.405379,270,2019-04,streetview
data/images/prague/50.059404_14.432201_h0.jpg,prague,50.059404,14.432201,0,2024-05,streetview
data/images/prague/50.059404_14.432201_h90.jpg,prague,50.059404,14.432201,90,2024-05,streetview
data/images/prague/50.059404_14.432201_h180.jpg,prague,50.059404,14.432201,180,2024-05,streetview
data/images/prague/50.059404_14.432201_h270.jpg,prague,50.059404,14.432201,270,2024-05,streetview
data/images/prague/50.075573_14.46078_h0.jpg,prague,50.075573,14.46078,0,2025-09,streetview
data/images/prague/50.075573_14.46078_h90.jpg,prague,50.075573,14.46078,90,2025-09,streetview
data/images/prague/50.075573_14.46078_h180.jpg,prague,50.075573,14.46078,180,2025-09,streetview
data/images/prague/50.075573_14.46078_h270.jpg,prague,50.075573,14.46078,270,2025-09,streetview
data/images/prague/50.080963_14.393597_h0.jpg,prague,50.080963,14.393597,0,2024-05,streetview
data/images/prague/50.080963_14.393597_h90.jpg,prague,50.080963,14.393597,90,2024-05,streetview
data/images/prague/50.080963_14.393597_h180.jpg,prague,50.080963,14.393597,180,2024-05,streetview
data/images/prague/50.080963_14.393597_h270.jpg,prague,50.080963,14.393597,270,2024-05,streetview
data/images/prague/50.092821_14.393606_h0.jpg,prague,50.092821,14.393606,0,2019-04,streetview
data/images/prague/50.092821_14.393606_h90.jpg,prague,50.092821,14.393606,90,2019-04,streetview
data/images/prague/50.092821_14.393606_h180.jpg,prague,50.092821,14.393606,180,2019-04,streetview
data/images/prague/50.092821_14.393606_h270.jpg,prague,50.092821,14.393606,270,2019-04,streetview
data/images/prague/50.041078_14.443923_h0.jpg,prague,50.041078,14.443923,0,2024-06,streetview
data/images/prague/50.041078_14.443923_h90.jpg,prague,50.041078,14.443923,90,2024-06,streetview
data/images/prague/50.041078_14.443923_h180.jpg,prague,50.041078,14.443923,180,2024-06,streetview
data/images/prague/50.041078_14.443923_h270.jpg,prague,50.041078,14.443923,270,2024-06,streetview
data/images/prague/50.085275_14.475921_h0.jpg,prague,50.085275,14.475921,0,2018-02,streetview
data/images/prague/50.085275_14.475921_h90.jpg,prague,50.085275,14.475921,90,2018-02,streetview
data/images/prague/50.085275_14.475921_h180.jpg,prague,50.085275,14.475921,180,2018-02,streetview
data/images/prague/50.085275_14.475921_h270.jpg,prague,50.085275,14.475921,270,2018-02,streetview
data/images/prague/50.089587_14.428887_h0.jpg,prague,50.089587,14.428887,0,2024-05,streetview
data/images/prague/50.089587_14.428887_h90.jpg,prague,50.089587,14.428887,90,2024-05,streetview
data/images/prague/50.089587_14.428887_h180.jpg,prague,50.089587,14.428887,180,2024-05,streetview
data/images/prague/50.089587_14.428887_h270.jpg,prague,50.089587,14.428887,270,2024-05,streetview
data/images/prague/50.084197_14.447359_h0.jpg,prague,50.084197,14.447359,0,2024-05,streetview
data/images/prague/50.084197_14.447359_h90.jpg,prague,50.084197,14.447359,90,2024-05,streetview
data/images/prague/50.084197_14.447359_h180.jpg,prague,50.084197,14.447359,180,2024-05,streetview
data/images/prague/50.084197_14.447359_h270.jpg,prague,50.084197,14.447359,270,2024-05,streetview
data/images/prague/50.047546_14.460721_h0.jpg,prague,50.047546,14.460721,0,2020-02,streetview
data/images/prague/50.047546_14.460721_h90.jpg,prague,50.047546,14.460721,90,2020-02,streetview
data/images/prague/50.047546_14.460721_h180.jpg,prague,50.047546,14.460721,180,2020-02,streetview
data/images/prague/50.047546_14.460721_h270.jpg,prague,50.047546,14.460721,270,2020-02,streetview
data/images/prague/50.065871_14.378473_h0.jpg,prague,50.065871,14.378473,0,2024-05,streetview
data/images/prague/50.065871_14.378473_h90.jpg,prague,50.065871,14.378473,90,2024-05,streetview
data/images/prague/50.065871_14.378473_h180.jpg,prague,50.065871,14.378473,180,2024-05,streetview
data/images/prague/50.065871_14.378473_h270.jpg,prague,50.065871,14.378473,270,2024-05,streetview
data/images/prague/50.098211_14.407053_h0.jpg,prague,50.098211,14.407053,0,2019-04,streetview
data/images/prague/50.098211_14.407053_h90.jpg,prague,50.098211,14.407053,90,2019-04,streetview
data/images/prague/50.098211_14.407053_h180.jpg,prague,50.098211,14.407053,180,2019-04,streetview
data/images/prague/50.098211_14.407053_h270.jpg,prague,50.098211,14.407053,270,2019-04,streetview
data/images/prague/50.061559_14.383509_h0.jpg,prague,50.061559,14.383509,0,2024-05,streetview
data/images/prague/50.061559_14.383509_h90.jpg,prague,50.061559,14.383509,90,2024-05,streetview
data/images/prague/50.061559_14.383509_h180.jpg,prague,50.061559,14.383509,180,2024-05,streetview
data/images/prague/50.061559_14.383509_h270.jpg,prague,50.061559,14.383509,270,2024-05,streetview
data/images/prague/50.043234_14.430499_h0.jpg,prague,50.043234,14.430499,0,2025-08,streetview
data/images/prague/50.043234_14.430499_h90.jpg,prague,50.043234,14.430499,90,2025-08,streetview
data/images/prague/50.043234_14.430499_h180.jpg,prague,50.043234,14.430499,180,2025-08,streetview
data/images/prague/50.043234_14.430499_h270.jpg,prague,50.043234,14.430499,270,2025-08,streetview
data/images/prague/50.093899_14.370082_h0.jpg,prague,50.093899,14.370082,0,2025-09,streetview
data/images/prague/50.093899_14.370082_h90.jpg,prague,50.093899,14.370082,90,2025-09,streetview
data/images/prague/50.093899_14.370082_h180.jpg,prague,50.093899,14.370082,180,2025-09,streetview
data/images/prague/50.093899_14.370082_h270.jpg,prague,50.093899,14.370082,270,2025-09,streetview
data/images/prague/50.094977_14.371762_h0.jpg,prague,50.094977,14.371762,0,2025-09,streetview
data/images/prague/50.094977_14.371762_h90.jpg,prague,50.094977,14.371762,90,2025-09,streetview
data/images/prague/50.094977_14.371762_h180.jpg,prague,50.094977,14.371762,180,2025-09,streetview
data/images/prague/50.094977_14.371762_h270.jpg,prague,50.094977,14.371762,270,2025-09,streetview
data/images/prague/50.062637_14.383509_h0.jpg,prague,50.062637,14.383509,0,2025-09,streetview
data/images/prague/50.062637_14.383509_h90.jpg,prague,50.062637,14.383509,90,2025-09,streetview
data/images/prague/50.062637_14.383509_h180.jpg,prague,50.062637,14.383509,180,2025-09,streetview
data/images/prague/50.062637_14.383509_h270.jpg,prague,50.062637,14.383509,270,2025-09,streetview
data/images/prague/50.1036_14.370084_h0.jpg,prague,50.1036,14.370084,0,2024-05,streetview
data/images/prague/50.1036_14.370084_h90.jpg,prague,50.1036,14.370084,90,2024-05,streetview
data/images/prague/50.1036_14.370084_h180.jpg,prague,50.1036,14.370084,180,2024-05,streetview
data/images/prague/50.1036_14.370084_h270.jpg,prague,50.1036,14.370084,270,2024-05,streetview
data/images/prague/50.062637_14.440602_h0.jpg,prague,50.062637,14.440602,0,2025-09,streetview
data/images/prague/50.062637_14.440602_h90.jpg,prague,50.062637,14.440602,90,2025-09,streetview
data/images/prague/50.062637_14.440602_h180.jpg,prague,50.062637,14.440602,180,2025-09,streetview
data/images/prague/50.062637_14.440602_h270.jpg,prague,50.062637,14.440602,270,2025-09,streetview
data/images/prague/50.075573_14.467499_h0.jpg,prague,50.075573,14.467499,0,2025-09,streetview
data/images/prague/50.075573_14.467499_h90.jpg,prague,50.075573,14.467499,90,2025-09,streetview
data/images/prague/50.075573_14.467499_h180.jpg,prague,50.075573,14.467499,180,2025-09,streetview
data/images/prague/50.075573_14.467499_h270.jpg,prague,50.075573,14.467499,270,2025-09,streetview
data/images/prague/50.074495_14.420467_h0.jpg,prague,50.074495,14.420467,0,2025-09,streetview
data/images/prague/50.074495_14.420467_h90.jpg,prague,50.074495,14.420467,90,2025-09,streetview
data/images/prague/50.074495_14.420467_h180.jpg,prague,50.074495,14.420467,180,2025-09,streetview
data/images/prague/50.074495_14.420467_h270.jpg,prague,50.074495,14.420467,270,2025-09,streetview
data/images/prague/50.048624_14.368394_h0.jpg,prague,50.048624,14.368394,0,2025-07,streetview
data/images/prague/50.048624_14.368394_h90.jpg,prague,50.048624,14.368394,90,2025-07,streetview
data/images/prague/50.048624_14.368394_h180.jpg,prague,50.048624,14.368394,180,2025-07,streetview
data/images/prague/50.048624_14.368394_h270.jpg,prague,50.048624,14.368394,270,2025-07,streetview
data/images/prague/50.061559_14.469147_h0.jpg,prague,50.061559,14.469147,0,2024-08,streetview
data/images/prague/50.061559_14.469147_h90.jpg,prague,50.061559,14.469147,90,2024-08,streetview
data/images/prague/50.061559_14.469147_h180.jpg,prague,50.061559,14.469147,180,2024-08,streetview
data/images/prague/50.061559_14.469147_h270.jpg,prague,50.061559,14.469147,270,2024-08,streetview
data/images/prague/50.074495_14.36168_h0.jpg,prague,50.074495,14.36168,0,2025-09,streetview
data/images/prague/50.074495_14.36168_h90.jpg,prague,50.074495,14.36168,90,2025-09,streetview
data/images/prague/50.074495_14.36168_h180.jpg,prague,50.074495,14.36168,180,2025-09,streetview
data/images/prague/50.074495_14.36168_h270.jpg,prague,50.074495,14.36168,270,2025-09,streetview
data/images/prague/50.099289_14.386888_h0.jpg,prague,50.099289,14.386888,0,2025-09,streetview
data/images/prague/50.099289_14.386888_h90.jpg,prague,50.099289,14.386888,90,2025-09,streetview
data/images/prague/50.099289_14.386888_h180.jpg,prague,50.099289,14.386888,180,2025-09,streetview
data/images/prague/50.099289_14.386888_h270.jpg,prague,50.099289,14.386888,270,2025-09,streetview
data/images/prague/50.05617_14.440592_h0.jpg,prague,50.05617,14.440592,0,2024-05,streetview
data/images/prague/50.05617_14.440592_h90.jpg,prague,50.05617,14.440592,90,2024-05,streetview
data/images/prague/50.05617_14.440592_h180.jpg,prague,50.05617,14.440592,180,2024-05,streetview
data/images/prague/50.05617_14.440592_h270.jpg,prague,50.05617,14.440592,270,2024-05,streetview
data/images/prague/50.073417_14.403669_h0.jpg,prague,50.073417,14.403669,0,2025-05,streetview
data/images/prague/50.073417_14.403669_h90.jpg,prague,50.073417,14.403669,90,2025-05,streetview
data/images/prague/50.073417_14.403669_h180.jpg,prague,50.073417,14.403669,180,2025-05,streetview
data/images/prague/50.073417_14.403669_h270.jpg,prague,50.073417,14.403669,270,2025-05,streetview
data/images/prague/50.080963_14.376799_h0.jpg,prague,50.080963,14.376799,0,2025-09,streetview
data/images/prague/50.080963_14.376799_h90.jpg,prague,50.080963,14.376799,90,2025-09,streetview
data/images/prague/50.080963_14.376799_h180.jpg,prague,50.080963,14.376799,180,2025-09,streetview
data/images/prague/50.080963_14.376799_h270.jpg,prague,50.080963,14.376799,270,2025-09,streetview
data/images/prague/50.104678_14.396975_h0.jpg,prague,50.104678,14.396975,0,2024-05,streetview
data/images/prague/50.104678_14.396975_h90.jpg,prague,50.104678,14.396975,90,2024-05,streetview
data/images/prague/50.104678_14.396975_h180.jpg,prague,50.104678,14.396975,180,2024-05,streetview
data/images/prague/50.104678_14.396975_h270.jpg,prague,50.104678,14.396975,270,2024-05,streetview
data/images/prague/50.057248_14.385185_h0.jpg,prague,50.057248,14.385185,0,2022-01,streetview
data/images/prague/50.057248_14.385185_h90.jpg,prague,50.057248,14.385185,90,2022-01,streetview
data/images/prague/50.057248_14.385185_h180.jpg,prague,50.057248,14.385185,180,2022-01,streetview
data/images/prague/50.057248_14.385185_h270.jpg,prague,50.057248,14.385185,270,2022-01,streetview
data/images/prague/50.05617_14.37679_h0.jpg,prague,50.05617,14.37679,0,2025-08,streetview
data/images/prague/50.05617_14.37679_h90.jpg,prague,50.05617,14.37679,90,2025-08,streetview
data/images/prague/50.05617_14.37679_h180.jpg,prague,50.05617,14.37679,180,2025-08,streetview
data/images/prague/50.05617_14.37679_h270.jpg,prague,50.05617,14.37679,270,2025-08,streetview
data/images/prague/50.107912_14.375127_h0.jpg,prague,50.107912,14.375127,0,2025-09,streetview
data/images/prague/50.107912_14.375127_h90.jpg,prague,50.107912,14.375127,90,2025-09,streetview
data/images/prague/50.107912_14.375127_h180.jpg,prague,50.107912,14.375127,180,2025-09,streetview
data/images/prague/50.107912_14.375127_h270.jpg,prague,50.107912,14.375127,270,2025-09,streetview
data/images/prague/50.074495_14.373437_h0.jpg,prague,50.074495,14.373437,0,2025-09,streetview
data/images/prague/50.074495_14.373437_h90.jpg,prague,50.074495,14.373437,90,2025-09,streetview
data/images/prague/50.074495_14.373437_h180.jpg,prague,50.074495,14.373437,180,2025-09,streetview
data/images/prague/50.074495_14.373437_h270.jpg,prague,50.074495,14.373437,270,2025-09,streetview
data/images/prague/50.075573_14.450702_h0.jpg,prague,50.075573,14.450702,0,2019-10,streetview
data/images/prague/50.075573_14.450702_h90.jpg,prague,50.075573,14.450702,90,2019-10,streetview
data/images/prague/50.075573_14.450702_h180.jpg,prague,50.075573,14.450702,180,2019-10,streetview
data/images/prague/50.075573_14.450702_h270.jpg,prague,50.075573,14.450702,270,2019-10,streetview
data/images/prague/50.078807_14.454068_h0.jpg,prague,50.078807,14.454068,0,2024-05,streetview
data/images/prague/50.078807_14.454068_h90.jpg,prague,50.078807,14.454068,90,2024-05,streetview
data/images/prague/50.078807_14.454068_h180.jpg,prague,50.078807,14.454068,180,2024-05,streetview
data/images/prague/50.078807_14.454068_h270.jpg,prague,50.078807,14.454068,270,2024-05,streetview
data/images/prague/50.099289_14.422179_h0.jpg,prague,50.099289,14.422179,0,2025-09,streetview
data/images/prague/50.099289_14.422179_h90.jpg,prague,50.099289,14.422179,90,2025-09,streetview
data/images/prague/50.099289_14.422179_h180.jpg,prague,50.099289,14.422179,180,2025-09,streetview
data/images/prague/50.099289_14.422179_h270.jpg,prague,50.099289,14.422179,270,2025-09,streetview
data/images/prague/50.061559_14.460751_h0.jpg,prague,50.061559,14.460751,0,2019-07,streetview
data/images/prague/50.061559_14.460751_h90.jpg,prague,50.061559,14.460751,90,2019-07,streetview
data/images/prague/50.061559_14.460751_h180.jpg,prague,50.061559,14.460751,180,2019-07,streetview
data/images/prague/50.061559_14.460751_h270.jpg,prague,50.061559,14.460751,270,2019-07,streetview
data/images/prague/50.043234_14.460712_h0.jpg,prague,50.043234,14.460712,0,2025-09,streetview
data/images/prague/50.043234_14.460712_h90.jpg,prague,50.043234,14.460712,90,2025-09,streetview
data/images/prague/50.043234_14.460712_h180.jpg,prague,50.043234,14.460712,180,2025-09,streetview
data/images/prague/50.043234_14.460712_h270.jpg,prague,50.043234,14.460712,270,2025-09,streetview
data/images/prague/50.096055_14.425535_h0.jpg,prague,50.096055,14.425535,0,2025-06,streetview
data/images/prague/50.096055_14.425535_h90.jpg,prague,50.096055,14.425535,90,2025-06,streetview
data/images/prague/50.096055_14.425535_h180.jpg,prague,50.096055,14.425535,180,2025-06,streetview
data/images/prague/50.096055_14.425535_h270.jpg,prague,50.096055,14.425535,270,2025-06,streetview
data/images/prague/50.079885_14.376798_h0.jpg,prague,50.079885,14.376798,0,2025-09,streetview
data/images/prague/50.079885_14.376798_h90.jpg,prague,50.079885,14.376798,90,2025-09,streetview
data/images/prague/50.079885_14.376798_h180.jpg,prague,50.079885,14.376798,180,2025-09,streetview
data/images/prague/50.079885_14.376798_h270.jpg,prague,50.079885,14.376798,270,2025-09,streetview
data/images/prague/50.077729_14.383516_h0.jpg,prague,50.077729,14.383516,0,2025-09,streetview
data/images/prague/50.077729_14.383516_h90.jpg,prague,50.077729,14.383516,90,2025-09,streetview
data/images/prague/50.077729_14.383516_h180.jpg,prague,50.077729,14.383516,180,2025-09,streetview
data/images/prague/50.077729_14.383516_h270.jpg,prague,50.077729,14.383516,270,2025-09,streetview
data/images/prague/50.090665_14.402005_h0.jpg,prague,50.090665,14.402005,0,2018-09,streetview
data/images/prague/50.090665_14.402005_h90.jpg,prague,50.090665,14.402005,90,2018-09,streetview
data/images/prague/50.090665_14.402005_h180.jpg,prague,50.090665,14.402005,180,2018-09,streetview
data/images/prague/50.090665_14.402005_h270.jpg,prague,50.090665,14.402005,270,2018-09,streetview
data/images/prague/50.099289_14.383527_h0.jpg,prague,50.099289,14.383527,0,2025-09,streetview
data/images/prague/50.099289_14.383527_h90.jpg,prague,50.099289,14.383527,90,2025-09,streetview
data/images/prague/50.099289_14.383527_h180.jpg,prague,50.099289,14.383527,180,2025-09,streetview
data/images/prague/50.099289_14.383527_h270.jpg,prague,50.099289,14.383527,270,2025-09,streetview
data/images/prague/50.087431_14.469206_h0.jpg,prague,50.087431,14.469206,0,2025-02,streetview
data/images/prague/50.087431_14.469206_h90.jpg,prague,50.087431,14.469206,90,2025-02,streetview
data/images/prague/50.087431_14.469206_h180.jpg,prague,50.087431,14.469206,180,2025-02,streetview
data/images/prague/50.087431_14.469206_h270.jpg,prague,50.087431,14.469206,270,2025-02,streetview
data/images/prague/50.074495_14.378476_h0.jpg,prague,50.074495,14.378476,0,2019-08,streetview
data/images/prague/50.074495_14.378476_h90.jpg,prague,50.074495,14.378476,90,2019-08,streetview
data/images/prague/50.074495_14.378476_h180.jpg,prague,50.074495,14.378476,180,2019-08,streetview
data/images/prague/50.074495_14.378476_h270.jpg,prague,50.074495,14.378476,270,2019-08,streetview
data/images/prague/50.075573_14.407031_h0.jpg,prague,50.075573,14.407031,0,2025-09,streetview
data/images/prague/50.075573_14.407031_h90.jpg,prague,50.075573,14.407031,90,2025-09,streetview
data/images/prague/50.075573_14.407031_h180.jpg,prague,50.075573,14.407031,180,2025-09,streetview
data/images/prague/50.075573_14.407031_h270.jpg,prague,50.075573,14.407031,270,2025-09,streetview
data/images/prague/50.060481_14.472503_h0.jpg,prague,50.060481,14.472503,0,2024-03,streetview
data/images/prague/50.060481_14.472503_h90.jpg,prague,50.060481,14.472503,90,2024-03,streetview
data/images/prague/50.060481_14.472503_h180.jpg,prague,50.060481,14.472503,180,2024-03,streetview
data/images/prague/50.060481_14.472503_h270.jpg,prague,50.060481,14.472503,270,2024-03,streetview
data/images/prague/50.04539_14.465753_h0.jpg,prague,50.04539,14.465753,0,2025-09,streetview
data/images/prague/50.04539_14.465753_h90.jpg,prague,50.04539,14.465753,90,2025-09,streetview
data/images/prague/50.04539_14.465753_h180.jpg,prague,50.04539,14.465753,180,2025-09,streetview
data/images/prague/50.04539_14.465753_h270.jpg,prague,50.04539,14.465753,270,2025-09,streetview
data/images/prague/50.1036_14.479326_h0.jpg,prague,50.1036,14.479326,0,2024-08,streetview
data/images/prague/50.1036_14.479326_h90.jpg,prague,50.1036,14.479326,90,2024-08,streetview
data/images/prague/50.1036_14.479326_h180.jpg,prague,50.1036,14.479326,180,2024-08,streetview
data/images/prague/50.1036_14.479326_h270.jpg,prague,50.1036,14.479326,270,2024-08,streetview
data/images/prague/50.071261_14.433899_h0.jpg,prague,50.071261,14.433899,0,2024-05,streetview
data/images/prague/50.071261_14.433899_h90.jpg,prague,50.071261,14.433899,90,2024-05,streetview
data/images/prague/50.071261_14.433899_h180.jpg,prague,50.071261,14.433899,180,2024-05,streetview
data/images/prague/50.071261_14.433899_h270.jpg,prague,50.071261,14.433899,270,2024-05,streetview
data/images/prague/50.075573_14.365039_h0.jpg,prague,50.075573,14.365039,0,2025-09,streetview
data/images/prague/50.075573_14.365039_h90.jpg,prague,50.075573,14.365039,90,2025-09,streetview
data/images/prague/50.075573_14.365039_h180.jpg,prague,50.075573,14.365039,180,2025-09,streetview
data/images/prague/50.075573_14.365039_h270.jpg,prague,50.075573,14.365039,270,2025-09,streetview
data/images/prague/50.106834_14.363362_h0.jpg,prague,50.106834,14.363362,0,2025-06,streetview
data/images/prague/50.106834_14.363362_h90.jpg,prague,50.106834,14.363362,90,2025-06,streetview
data/images/prague/50.106834_14.363362_h180.jpg,prague,50.106834,14.363362,180,2025-06,streetview
data/images/prague/50.106834_14.363362_h270.jpg,prague,50.106834,14.363362,270,2025-06,streetview
data/images/prague/50.049702_14.45569_h0.jpg,prague,50.049702,14.45569,0,2025-09,streetview
data/images/prague/50.049702_14.45569_h90.jpg,prague,50.049702,14.45569,90,2025-09,streetview
data/images/prague/50.049702_14.45569_h180.jpg,prague,50.049702,14.45569,180,2025-09,streetview
data/images/prague/50.049702_14.45569_h270.jpg,prague,50.049702,14.45569,270,2025-09,streetview
data/images/prague/50.10899_14.444042_h0.jpg,prague,50.10899,14.444042,0,2019-10,streetview
data/images/prague/50.10899_14.444042_h90.jpg,prague,50.10899,14.444042,90,2019-10,streetview
data/images/prague/50.10899_14.444042_h180.jpg,prague,50.10899,14.444042,180,2019-10,streetview
data/images/prague/50.10899_14.444042_h270.jpg,prague,50.10899,14.444042,270,2019-10,streetview
data/images/prague/50.099289_14.42722_h0.jpg,prague,50.099289,14.42722,0,2025-09,streetview
data/images/prague/50.099289_14.42722_h90.jpg,prague,50.099289,14.42722,90,2025-09,streetview
data/images/prague/50.099289_14.42722_h180.jpg,prague,50.099289,14.42722,180,2025-09,streetview
data/images/prague/50.099289_14.42722_h270.jpg,prague,50.099289,14.42722,270,2025-09,streetview
data/images/prague/50.094977_14.467542_h0.jpg,prague,50.094977,14.467542,0,2024-08,streetview
data/images/prague/50.094977_14.467542_h90.jpg,prague,50.094977,14.467542,90,2024-08,streetview
data/images/prague/50.094977_14.467542_h180.jpg,prague,50.094977,14.467542,180,2024-08,streetview
data/images/prague/50.094977_14.467542_h270.jpg,prague,50.094977,14.467542,270,2024-08,streetview
data/images/prague/50.087431_14.395282_h0.jpg,prague,50.087431,14.395282,0,2022-02,streetview
data/images/prague/50.087431_14.395282_h90.jpg,prague,50.087431,14.395282,90,2022-02,streetview
data/images/prague/50.087431_14.395282_h180.jpg,prague,50.087431,14.395282,180,2022-02,streetview
data/images/prague/50.087431_14.395282_h270.jpg,prague,50.087431,14.395282,270,2022-02,streetview
data/images/prague/50.071261_14.410386_h0.jpg,prague,50.071261,14.410386,0,2025-09,streetview
data/images/prague/50.071261_14.410386_h90.jpg,prague,50.071261,14.410386,90,2025-09,streetview
data/images/prague/50.071261_14.410386_h180.jpg,prague,50.071261,14.410386,180,2025-09,streetview
data/images/prague/50.071261_14.410386_h270.jpg,prague,50.071261,14.410386,270,2025-09,streetview
data/images/prague/50.093899_14.375123_h0.jpg,prague,50.093899,14.375123,0,2024-05,streetview
data/images/prague/50.093899_14.375123_h90.jpg,prague,50.093899,14.375123,90,2024-05,streetview
data/images/prague/50.093899_14.375123_h180.jpg,prague,50.093899,14.375123,180,2024-05,streetview
data/images/prague/50.093899_14.375123_h270.jpg,prague,50.093899,14.375123,270,2024-05,streetview
data/images/prague/50.100367_14.472596_h0.jpg,prague,50.100367,14.472596,0,2026-04,streetview
data/images/prague/50.100367_14.472596_h90.jpg,prague,50.100367,14.472596,90,2026-04,streetview
data/images/prague/50.100367_14.472596_h180.jpg,prague,50.100367,14.472596,180,2026-04,streetview
data/images/prague/50.100367_14.472596_h270.jpg,prague,50.100367,14.472596,270,2026-04,streetview
data/images/prague/50.041078_14.475814_h0.jpg,prague,50.041078,14.475814,0,2025-09,streetview
data/images/prague/50.041078_14.475814_h90.jpg,prague,50.041078,14.475814,90,2025-09,streetview
data/images/prague/50.041078_14.475814_h180.jpg,prague,50.041078,14.475814,180,2025-09,streetview
data/images/prague/50.041078_14.475814_h270.jpg,prague,50.041078,14.475814,270,2025-09,streetview
data/images/prague/50.072339_14.43558_h0.jpg,prague,50.072339,14.43558,0,2018-08,streetview
data/images/prague/50.072339_14.43558_h90.jpg,prague,50.072339,14.43558,90,2018-08,streetview
data/images/prague/50.072339_14.43558_h180.jpg,prague,50.072339,14.43558,180,2018-08,streetview
data/images/prague/50.072339_14.43558_h270.jpg,prague,50.072339,14.43558,270,2018-08,streetview
data/images/prague/50.05078_14.438904_h0.jpg,prague,50.05078,14.438904,0,2026-01,streetview
data/images/prague/50.05078_14.438904_h90.jpg,prague,50.05078,14.438904,90,2026-01,streetview
data/images/prague/50.05078_14.438904_h180.jpg,prague,50.05078,14.438904,180,2026-01,streetview
data/images/prague/50.05078_14.438904_h270.jpg,prague,50.05078,14.438904,270,2026-01,streetview
data/images/prague/50.05617_14.375111_h0.jpg,prague,50.05617,14.375111,0,2024-05,streetview
data/images/prague/50.05617_14.375111_h90.jpg,prague,50.05617,14.375111,90,2024-05,streetview
data/images/prague/50.05617_14.375111_h180.jpg,prague,50.05617,14.375111,180,2024-05,streetview
data/images/prague/50.05617_14.375111_h270.jpg,prague,50.05617,14.375111,270,2024-05,streetview
data/images/prague/50.041078_14.450637_h0.jpg,prague,50.041078,14.450637,0,2025-09,streetview
data/images/prague/50.041078_14.450637_h90.jpg,prague,50.041078,14.450637,90,2025-09,streetview
data/images/prague/50.041078_14.450637_h180.jpg,prague,50.041078,14.450637,180,2025-09,streetview
data/images/prague/50.041078_14.450637_h270.jpg,prague,50.041078,14.450637,270,2025-09,streetview
data/images/prague/50.089587_14.388563_h0.jpg,prague,50.089587,14.388563,0,2019-04,streetview
data/images/prague/50.089587_14.388563_h90.jpg,prague,50.089587,14.388563,90,2019-04,streetview
data/images/prague/50.089587_14.388563_h180.jpg,prague,50.089587,14.388563,180,2019-04,streetview
data/images/prague/50.089587_14.388563_h270.jpg,prague,50.089587,14.388563,270,2019-04,streetview
data/images/prague/50.042156_14.474138_h0.jpg,prague,50.042156,14.474138,0,2025-09,streetview
data/images/prague/50.042156_14.474138_h90.jpg,prague,50.042156,14.474138,90,2025-09,streetview
data/images/prague/50.042156_14.474138_h180.jpg,prague,50.042156,14.474138,180,2025-09,streetview
data/images/prague/50.042156_14.474138_h270.jpg,prague,50.042156,14.474138,270,2025-09,streetview
data/images/prague/50.090665_14.407046_h0.jpg,prague,50.090665,14.407046,0,2019-07,streetview
data/images/prague/50.090665_14.407046_h90.jpg,prague,50.090665,14.407046,90,2019-07,streetview
data/images/prague/50.090665_14.407046_h180.jpg,prague,50.090665,14.407046,180,2019-07,streetview
data/images/prague/50.090665_14.407046_h270.jpg,prague,50.090665,14.407046,270,2019-07,streetview
data/images/prague/50.075573_14.393593_h0.jpg,prague,50.075573,14.393593,0,2025-09,streetview
data/images/prague/50.075573_14.393593_h90.jpg,prague,50.075573,14.393593,90,2025-09,streetview
data/images/prague/50.075573_14.393593_h180.jpg,prague,50.075573,14.393593,180,2025-09,streetview
data/images/prague/50.075573_14.393593_h270.jpg,prague,50.075573,14.393593,270,2025-09,streetview
data/images/prague/50.082041_14.430556_h0.jpg,prague,50.082041,14.430556,0,2025-09,streetview
data/images/prague/50.082041_14.430556_h90.jpg,prague,50.082041,14.430556,90,2025-09,streetview
data/images/prague/50.082041_14.430556_h180.jpg,prague,50.082041,14.430556,180,2025-09,streetview
data/images/prague/50.082041_14.430556_h270.jpg,prague,50.082041,14.430556,270,2025-09,streetview
data/images/prague/50.086353_14.422162_h0.jpg,prague,50.086353,14.422162,0,2018-04,streetview
data/images/prague/50.086353_14.422162_h90.jpg,prague,50.086353,14.422162,90,2018-04,streetview
data/images/prague/50.086353_14.422162_h180.jpg,prague,50.086353,14.422162,180,2018-04,streetview
data/images/prague/50.086353_14.422162_h270.jpg,prague,50.086353,14.422162,270,2018-04,streetview
data/images/prague/50.058326_14.380149_h0.jpg,prague,50.058326,14.380149,0,2025-08,streetview
data/images/prague/50.058326_14.380149_h90.jpg,prague,50.058326,14.380149,90,2025-08,streetview
data/images/prague/50.058326_14.380149_h180.jpg,prague,50.058326,14.380149,180,2025-08,streetview
data/images/prague/50.058326_14.380149_h270.jpg,prague,50.058326,14.380149,270,2025-08,streetview
data/images/prague/50.066949_14.400305_h0.jpg,prague,50.066949,14.400305,0,2025-09,streetview
data/images/prague/50.066949_14.400305_h90.jpg,prague,50.066949,14.400305,90,2025-09,streetview
data/images/prague/50.066949_14.400305_h180.jpg,prague,50.066949,14.400305,180,2025-09,streetview
data/images/prague/50.066949_14.400305_h270.jpg,prague,50.066949,14.400305,270,2025-09,streetview
data/images/prague/50.092821_14.413769_h0.jpg,prague,50.092821,14.413769,0,2024-09,streetview
data/images/prague/50.092821_14.413769_h90.jpg,prague,50.092821,14.413769,90,2024-09,streetview
data/images/prague/50.092821_14.413769_h180.jpg,prague,50.092821,14.413769,180,2024-09,streetview
data/images/prague/50.092821_14.413769_h270.jpg,prague,50.092821,14.413769,270,2024-09,streetview
data/images/prague/50.042156_14.39357_h0.jpg,prague,50.042156,14.39357,0,2025-08,streetview
data/images/prague/50.042156_14.39357_h90.jpg,prague,50.042156,14.39357,90,2025-08,streetview
data/images/prague/50.042156_14.39357_h180.jpg,prague,50.042156,14.39357,180,2025-08,streetview
data/images/prague/50.042156_14.39357_h270.jpg,prague,50.042156,14.39357,270,2025-08,streetview
data/images/prague/50.046468_14.428825_h0.jpg,prague,50.046468,14.428825,0,2025-09,streetview
data/images/prague/50.046468_14.428825_h90.jpg,prague,50.046468,14.428825,90,2025-09,streetview
data/images/prague/50.046468_14.428825_h180.jpg,prague,50.046468,14.428825,180,2025-09,streetview
data/images/prague/50.046468_14.428825_h270.jpg,prague,50.046468,14.428825,270,2025-09,streetview
data/images/prague/50.057248_14.44563_h0.jpg,prague,50.057248,14.44563,0,2025-09,streetview
data/images/prague/50.057248_14.44563_h90.jpg,prague,50.057248,14.44563,90,2025-09,streetview
data/images/prague/50.057248_14.44563_h180.jpg,prague,50.057248,14.44563,180,2025-09,streetview
data/images/prague/50.057248_14.44563_h270.jpg,prague,50.057248,14.44563,270,2025-09,streetview
data/images/prague/50.068027_14.435573_h0.jpg,prague,50.068027,14.435573,0,2025-09,streetview
data/images/prague/50.068027_14.435573_h90.jpg,prague,50.068027,14.435573,90,2025-09,streetview
data/images/prague/50.068027_14.435573_h180.jpg,prague,50.068027,14.435573,180,2025-09,streetview
data/images/prague/50.068027_14.435573_h270.jpg,prague,50.068027,14.435573,270,2025-09,streetview
data/images/prague/50.079885_14.420474_h0.jpg,prague,50.079885,14.420474,0,2021-05,streetview
data/images/prague/50.079885_14.420474_h90.jpg,prague,50.079885,14.420474,90,2021-05,streetview
data/images/prague/50.079885_14.420474_h180.jpg,prague,50.079885,14.420474,180,2021-05,streetview
data/images/prague/50.079885_14.420474_h270.jpg,prague,50.079885,14.420474,270,2021-05,streetview
data/images/prague/50.086353_14.386881_h0.jpg,prague,50.086353,14.386881,0,2024-05,streetview
data/images/prague/50.086353_14.386881_h90.jpg,prague,50.086353,14.386881,90,2024-05,streetview
data/images/prague/50.086353_14.386881_h180.jpg,prague,50.086353,14.386881,180,2024-05,streetview
data/images/prague/50.086353_14.386881_h270.jpg,prague,50.086353,14.386881,270,2024-05,streetview
data/images/prague/50.052936_14.442265_h0.jpg,prague,50.052936,14.442265,0,2024-05,streetview
data/images/prague/50.052936_14.442265_h90.jpg,prague,50.052936,14.442265,90,2024-05,streetview
data/images/prague/50.052936_14.442265_h180.jpg,prague,50.052936,14.442265,180,2024-05,streetview
data/images/prague/50.052936_14.442265_h270.jpg,prague,50.052936,14.442265,270,2024-05,streetview
data/images/prague/50.102522_14.447392_h0.jpg,prague,50.102522,14.447392,0,2019-04,streetview
data/images/prague/50.102522_14.447392_h90.jpg,prague,50.102522,14.447392,90,2019-04,streetview
data/images/prague/50.102522_14.447392_h180.jpg,prague,50.102522,14.447392,180,2019-04,streetview
data/images/prague/50.102522_14.447392_h270.jpg,prague,50.102522,14.447392,270,2019-04,streetview
data/images/prague/50.071261_14.383513_h0.jpg,prague,50.071261,14.383513,0,2025-09,streetview
data/images/prague/50.071261_14.383513_h90.jpg,prague,50.071261,14.383513,90,2025-09,streetview
data/images/prague/50.071261_14.383513_h180.jpg,prague,50.071261,14.383513,180,2025-09,streetview
data/images/prague/50.071261_14.383513_h270.jpg,prague,50.071261,14.383513,270,2025-09,streetview
data/images/prague/50.098211_14.46755_h0.jpg,prague,50.098211,14.46755,0,2024-08,streetview
data/images/prague/50.098211_14.46755_h90.jpg,prague,50.098211,14.46755,90,2024-08,streetview
data/images/prague/50.098211_14.46755_h180.jpg,prague,50.098211,14.46755,180,2024-08,streetview
data/images/prague/50.098211_14.46755_h270.jpg,prague,50.098211,14.46755,270,2024-08,streetview
data/images/prague/50.083119_14.418798_h0.jpg,prague,50.083119,14.418798,0,2019-08,streetview
data/images/prague/50.083119_14.418798_h90.jpg,prague,50.083119,14.418798,90,2019-08,streetview
data/images/prague/50.083119_14.418798_h180.jpg,prague,50.083119,14.418798,180,2019-08,streetview
data/images/prague/50.083119_14.418798_h270.jpg,prague,50.083119,14.418798,270,2019-08,streetview
data/images/prague/50.054014_14.405331_h0.jpg,prague,50.054014,14.405331,0,2024-05,streetview
data/images/prague/50.054014_14.405331_h90.jpg,prague,50.054014,14.405331,90,2024-05,streetview
data/images/prague/50.054014_14.405331_h180.jpg,prague,50.054014,14.405331,180,2024-05,streetview
data/images/prague/50.054014_14.405331_h270.jpg,prague,50.054014,14.405331,270,2024-05,streetview
data/images/prague/50.060481_14.410374_h0.jpg,prague,50.060481,14.410374,0,2020-01,streetview
data/images/prague/50.060481_14.410374_h90.jpg,prague,50.060481,14.410374,90,2020-01,streetview
data/images/prague/50.060481_14.410374_h180.jpg,prague,50.060481,14.410374,180,2020-01,streetview
data/images/prague/50.060481_14.410374_h270.jpg,prague,50.060481,14.410374,270,2020-01,streetview
data/images/prague/50.100367_14.407055_h0.jpg,prague,50.100367,14.407055,0,2019-07,streetview
data/images/prague/50.100367_14.407055_h90.jpg,prague,50.100367,14.407055,90,2019-07,streetview
data/images/prague/50.100367_14.407055_h180.jpg,prague,50.100367,14.407055,180,2019-07,streetview
data/images/prague/50.100367_14.407055_h270.jpg,prague,50.100367,14.407055,270,2019-07,streetview
data/images/prague/50.104678_14.381849_h0.jpg,prague,50.104678,14.381849,0,2024-05,streetview
data/images/prague/50.104678_14.381849_h90.jpg,prague,50.104678,14.381849,90,2024-05,streetview
data/images/prague/50.104678_14.381849_h180.jpg,prague,50.104678,14.381849,180,2024-05,streetview
data/images/prague/50.104678_14.381849_h270.jpg,prague,50.104678,14.381849,270,2024-05,streetview
data/images/prague/50.060481_14.433882_h0.jpg,prague,50.060481,14.433882,0,2025-09,streetview
data/images/prague/50.060481_14.433882_h90.jpg,prague,50.060481,14.433882,90,2025-09,streetview
data/images/prague/50.060481_14.433882_h180.jpg,prague,50.060481,14.433882,180,2025-09,streetview
data/images/prague/50.060481_14.433882_h270.jpg,prague,50.060481,14.433882,270,2025-09,streetview
data/images/prague/50.091743_14.455774_h0.jpg,prague,50.091743,14.455774,0,2018-02,streetview
data/images/prague/50.091743_14.455774_h90.jpg,prague,50.091743,14.455774,90,2018-02,streetview
data/images/prague/50.091743_14.455774_h180.jpg,prague,50.091743,14.455774,180,2018-02,streetview
data/images/prague/50.091743_14.455774_h270.jpg,prague,50.091743,14.455774,270,2018-02,streetview
data/images/prague/50.071261_14.375116_h0.jpg,prague,50.071261,14.375116,0,2025-09,streetview
data/images/prague/50.071261_14.375116_h90.jpg,prague,50.071261,14.375116,90,2025-09,streetview
data/images/prague/50.071261_14.375116_h180.jpg,prague,50.071261,14.375116,180,2025-09,streetview
data/images/prague/50.071261_14.375116_h270.jpg,prague,50.071261,14.375116,270,2025-09,streetview
data/images/prague/50.073417_14.396951_h0.jpg,prague,50.073417,14.396951,0,2024-05,streetview
data/images/prague/50.073417_14.396951_h90.jpg,prague,50.073417,14.396951,90,2024-05,streetview
data/images/prague/50.073417_14.396951_h180.jpg,prague,50.073417,14.396951,180,2024-05,streetview
data/images/prague/50.073417_14.396951_h270.jpg,prague,50.073417,14.396951,270,2024-05,streetview
data/images/prague/50.066949_14.393587_h0.jpg,prague,50.066949,14.393587,0,2019-09,streetview
data/images/prague/50.066949_14.393587_h90.jpg,prague,50.066949,14.393587,90,2019-09,streetview
data/images/prague/50.066949_14.393587_h180.jpg,prague,50.066949,14.393587,180,2019-09,streetview
data/images/prague/50.066949_14.393587_h270.jpg,prague,50.066949,14.393587,270,2019-09,streetview
data/images/prague/50.084197_14.445679_h0.jpg,prague,50.084197,14.445679,0,2023-01,streetview
data/images/prague/50.084197_14.445679_h90.jpg,prague,50.084197,14.445679,90,2023-01,streetview
data/images/prague/50.084197_14.445679_h180.jpg,prague,50.084197,14.445679,180,2023-01,streetview
data/images/prague/50.084197_14.445679_h270.jpg,prague,50.084197,14.445679,270,2023-01,streetview
data/images/prague/50.043234_14.398606_h0.jpg,prague,50.043234,14.398606,0,2025-08,streetview
data/images/prague/50.043234_14.398606_h90.jpg,prague,50.043234,14.398606,90,2025-08,streetview
data/images/prague/50.043234_14.398606_h180.jpg,prague,50.043234,14.398606,180,2025-08,streetview
data/images/prague/50.043234_14.398606_h270.jpg,prague,50.043234,14.398606,270,2025-08,streetview
data/images/prague/50.059404_14.391903_h0.jpg,prague,50.059404,14.391903,0,2025-08,streetview
data/images/prague/50.059404_14.391903_h90.jpg,prague,50.059404,14.391903,90,2025-08,streetview
data/images/prague/50.059404_14.391903_h180.jpg,prague,50.059404,14.391903,180,2025-08,streetview
data/images/prague/50.059404_14.391903_h270.jpg,prague,50.059404,14.391903,270,2025-08,streetview
data/images/prague/50.100367_14.385208_h0.jpg,prague,50.100367,14.385208,0,2024-05,streetview
data/images/prague/50.100367_14.385208_h90.jpg,prague,50.100367,14.385208,90,2024-05,streetview
data/images/prague/50.100367_14.385208_h180.jpg,prague,50.100367,14.385208,180,2024-05,streetview
data/images/prague/50.100367_14.385208_h270.jpg,prague,50.100367,14.385208,270,2024-05,streetview
data/images/prague/50.043234_14.470784_h0.jpg,prague,50.043234,14.470784,0,2024-06,streetview
data/images/prague/50.043234_14.470784_h90.jpg,prague,50.043234,14.470784,90,2024-06,streetview
data/images/prague/50.043234_14.470784_h180.jpg,prague,50.043234,14.470784,180,2024-06,streetview
data/images/prague/50.043234_14.470784_h270.jpg,prague,50.043234,14.470784,270,2024-06,streetview
data/images/prague/50.10899_14.435638_h0.jpg,prague,50.10899,14.435638,0,2024-10,streetview
data/images/prague/50.10899_14.435638_h90.jpg,prague,50.10899,14.435638,90,2024-10,streetview
data/images/prague/50.10899_14.435638_h180.jpg,prague,50.10899,14.435638,180,2024-10,streetview
data/images/prague/50.10899_14.435638_h270.jpg,prague,50.10899,14.435638,270,2024-10,streetview
data/images/prague/50.080963_14.459112_h0.jpg,prague,50.080963,14.459112,0,2018-06,streetview
data/images/prague/50.080963_14.459112_h90.jpg,prague,50.080963,14.459112,90,2018-06,streetview
data/images/prague/50.080963_14.459112_h180.jpg,prague,50.080963,14.459112,180,2018-06,streetview
data/images/prague/50.080963_14.459112_h270.jpg,prague,50.080963,14.459112,270,2018-06,streetview
data/images/prague/50.052936_14.438907_h0.jpg,prague,50.052936,14.438907,0,2024-05,streetview
data/images/prague/50.052936_14.438907_h90.jpg,prague,50.052936,14.438907,90,2024-05,streetview
data/images/prague/50.052936_14.438907_h180.jpg,prague,50.052936,14.438907,180,2024-05,streetview
data/images/prague/50.052936_14.438907_h270.jpg,prague,50.052936,14.438907,270,2024-05,streetview
data/images/prague/50.058326_14.46746_h0.jpg,prague,50.058326,14.46746,0,2024-03,streetview
data/images/prague/50.058326_14.46746_h90.jpg,prague,50.058326,14.46746,90,2024-03,streetview
data/images/prague/50.058326_14.46746_h180.jpg,prague,50.058326,14.46746,180,2024-03,streetview
data/images/prague/50.058326_14.46746_h270.jpg,prague,50.058326,14.46746,270,2024-03,streetview
data/images/prague/50.04_14.405317_h0.jpg,prague,50.04,14.405317,0,2025-09,streetview
data/images/prague/50.04_14.405317_h90.jpg,prague,50.04,14.405317,90,2025-09,streetview
data/images/prague/50.04_14.405317_h180.jpg,prague,50.04,14.405317,180,2025-09,streetview
data/images/prague/50.04_14.405317_h270.jpg,prague,50.04,14.405317,270,2025-09,streetview
data/images/prague/50.107912_14.44404_h0.jpg,prague,50.107912,14.44404,0,2025-06,streetview
data/images/prague/50.107912_14.44404_h90.jpg,prague,50.107912,14.44404,90,2025-06,streetview
data/images/prague/50.107912_14.44404_h180.jpg,prague,50.107912,14.44404,180,2025-06,streetview
data/images/prague/50.107912_14.44404_h270.jpg,prague,50.107912,14.44404,270,2025-06,streetview
data/images/prague/50.104678_14.370084_h0.jpg,prague,50.104678,14.370084,0,2025-09,streetview
data/images/prague/50.104678_14.370084_h90.jpg,prague,50.104678,14.370084,90,2025-09,streetview
data/images/prague/50.104678_14.370084_h180.jpg,prague,50.104678,14.370084,180,2025-09,streetview
data/images/prague/50.104678_14.370084_h270.jpg,prague,50.104678,14.370084,270,2025-09,streetview
data/images/prague/50.046468_14.469112_h0.jpg,prague,50.046468,14.469112,0,2025-09,streetview
data/images/prague/50.046468_14.469112_h90.jpg,prague,50.046468,14.469112,90,2025-09,streetview
data/images/prague/50.046468_14.469112_h180.jpg,prague,50.046468,14.469112,180,2025-09,streetview
data/images/prague/50.046468_14.469112_h270.jpg,prague,50.046468,14.469112,270,2025-09,streetview
data/images/prague/50.092821_14.449055_h0.jpg,prague,50.092821,14.449055,0,2024-02,streetview
data/images/prague/50.092821_14.449055_h90.jpg,prague,50.092821,14.449055,90,2024-02,streetview
data/images/prague/50.092821_14.449055_h180.jpg,prague,50.092821,14.449055,180,2024-02,streetview
data/images/prague/50.092821_14.449055_h270.jpg,prague,50.092821,14.449055,270,2024-02,streetview
data/images/prague/50.065871_14.390228_h0.jpg,prague,50.065871,14.390228,0,2025-09,streetview
data/images/prague/50.065871_14.390228_h90.jpg,prague,50.065871,14.390228,90,2025-09,streetview
data/images/prague/50.065871_14.390228_h180.jpg,prague,50.065871,14.390228,180,2025-09,streetview
data/images/prague/50.065871_14.390228_h270.jpg,prague,50.065871,14.390228,270,2025-09,streetview
data/images/prague/50.070183_14.420461_h0.jpg,prague,50.070183,14.420461,0,2024-05,streetview
data/images/prague/50.070183_14.420461_h90.jpg,prague,50.070183,14.420461,90,2024-05,streetview
data/images/prague/50.070183_14.420461_h180.jpg,prague,50.070183,14.420461,180,2024-05,streetview
data/images/prague/50.070183_14.420461_h270.jpg,prague,50.070183,14.420461,270,2024-05,streetview
data/images/prague/50.102522_14.477643_h0.jpg,prague,50.102522,14.477643,0,2025-08,streetview
data/images/prague/50.102522_14.477643_h90.jpg,prague,50.102522,14.477643,90,2025-08,streetview
data/images/prague/50.102522_14.477643_h180.jpg,prague,50.102522,14.477643,180,2025-08,streetview
data/images/prague/50.102522_14.477643_h270.jpg,prague,50.102522,14.477643,270,2025-08,streetview
data/images/prague/50.065871_14.475874_h0.jpg,prague,50.065871,14.475874,0,2024-07,streetview
data/images/prague/50.065871_14.475874_h90.jpg,prague,50.065871,14.475874,90,2024-07,streetview
data/images/prague/50.065871_14.475874_h180.jpg,prague,50.065871,14.475874,180,2024-07,streetview
data/images/prague/50.065871_14.475874_h270.jpg,prague,50.065871,14.475874,270,2024-07,streetview
data/images/prague/50.084197_14.37008_h0.jpg,prague,50.084197,14.37008,0,2025-09,streetview
data/images/prague/50.084197_14.37008_h90.jpg,prague,50.084197,14.37008,90,2025-09,streetview
data/images/prague/50.084197_14.37008_h180.jpg,prague,50.084197,14.37008,180,2025-09,streetview
data/images/prague/50.084197_14.37008_h270.jpg,prague,50.084197,14.37008,270,2025-09,streetview
data/images/prague/50.104678_14.391933_h0.jpg,prague,50.104678,14.391933,0,2025-09,streetview
data/images/prague/50.104678_14.391933_h90.jpg,prague,50.104678,14.391933,90,2025-09,streetview
data/images/prague/50.104678_14.391933_h180.jpg,prague,50.104678,14.391933,180,2025-09,streetview
data/images/prague/50.104678_14.391933_h270.jpg,prague,50.104678,14.391933,270,2025-09,streetview
data/images/prague/50.063715_14.363359_h0.jpg,prague,50.063715,14.363359,0,2025-08,streetview
data/images/prague/50.063715_14.363359_h90.jpg,prague,50.063715,14.363359,90,2025-08,streetview
data/images/prague/50.063715_14.363359_h180.jpg,prague,50.063715,14.363359,180,2025-08,streetview
data/images/prague/50.063715_14.363359_h270.jpg,prague,50.063715,14.363359,270,2025-08,streetview
data/images/prague/50.070183_14.381833_h0.jpg,prague,50.070183,14.381833,0,2025-09,streetview
data/images/prague/50.070183_14.381833_h90.jpg,prague,50.070183,14.381833,90,2025-09,streetview
data/images/prague/50.070183_14.381833_h180.jpg,prague,50.070183,14.381833,180,2025-09,streetview
data/images/prague/50.070183_14.381833_h270.jpg,prague,50.070183,14.381833,270,2025-09,streetview
data/images/prague/50.078807_14.408714_h0.jpg,prague,50.078807,14.408714,0,2024-09,streetview
data/images/prague/50.078807_14.408714_h90.jpg,prague,50.078807,14.408714,90,2024-09,streetview
data/images/prague/50.078807_14.408714_h180.jpg,prague,50.078807,14.408714,180,2024-09,streetview
data/images/prague/50.078807_14.408714_h270.jpg,prague,50.078807,14.408714,270,2024-09,streetview
data/images/prague/50.052936_14.430513_h0.jpg,prague,50.052936,14.430513,0,2025-09,streetview
data/images/prague/50.052936_14.430513_h90.jpg,prague,50.052936,14.430513,90,2025-09,streetview
data/images/prague/50.052936_14.430513_h180.jpg,prague,50.052936,14.430513,180,2025-09,streetview
data/images/prague/50.052936_14.430513_h270.jpg,prague,50.052936,14.430513,270,2025-09,streetview
data/images/prague/50.042156_14.406998_h0.jpg,prague,50.042156,14.406998,0,2025-08,streetview
data/images/prague/50.042156_14.406998_h90.jpg,prague,50.042156,14.406998,90,2025-08,streetview
data/images/prague/50.042156_14.406998_h180.jpg,prague,50.042156,14.406998,180,2025-08,streetview
data/images/prague/50.042156_14.406998_h270.jpg,prague,50.042156,14.406998,270,2025-08,streetview
data/images/prague/50.102522_14.366722_h0.jpg,prague,50.102522,14.366722,0,2019-06,streetview
data/images/prague/50.102522_14.366722_h90.jpg,prague,50.102522,14.366722,90,2019-06,streetview
data/images/prague/50.102522_14.366722_h180.jpg,prague,50.102522,14.366722,180,2019-06,streetview
data/images/prague/50.102522_14.366722_h270.jpg,prague,50.102522,14.366722,270,2019-06,streetview
data/images/prague/50.072339_14.475889_h0.jpg,prague,50.072339,14.475889,0,2025-07,streetview
data/images/prague/50.072339_14.475889_h90.jpg,prague,50.072339,14.475889,90,2025-07,streetview
data/images/prague/50.072339_14.475889_h180.jpg,prague,50.072339,14.475889,180,2025-07,streetview
data/images/prague/50.072339_14.475889_h270.jpg,prague,50.072339,14.475889,270,2025-07,streetview
data/images/prague/50.087431_14.380161_h0.jpg,prague,50.087431,14.380161,0,2025-09,streetview
data/images/prague/50.087431_14.380161_h90.jpg,prague,50.087431,14.380161,90,2025-09,streetview
data/images/prague/50.087431_14.380161_h180.jpg,prague,50.087431,14.380161,180,2025-09,streetview
data/images/prague/50.087431_14.380161_h270.jpg,prague,50.087431,14.380161,270,2025-09,streetview
data/images/prague/50.100367_14.469235_h0.jpg,prague,50.100367,14.469235,0,2026-01,streetview
data/images/prague/50.100367_14.469235_h90.jpg,prague,50.100367,14.469235,90,2026-01,streetview
data/images/prague/50.100367_14.469235_h180.jpg,prague,50.100367,14.469235,180,2026-01,streetview
data/images/prague/50.100367_14.469235_h270.jpg,prague,50.100367,14.469235,270,2026-01,streetview
data/images/prague/50.072339_14.440619_h0.jpg,prague,50.072339,14.440619,0,2024-05,streetview
data/images/prague/50.072339_14.440619_h90.jpg,prague,50.072339,14.440619,90,2024-05,streetview
data/images/prague/50.072339_14.440619_h180.jpg,prague,50.072339,14.440619,180,2024-05,streetview
data/images/prague/50.072339_14.440619_h270.jpg,prague,50.072339,14.440619,270,2024-05,streetview
data/images/prague/50.085275_14.36672_h0.jpg,prague,50.085275,14.36672,0,2025-09,streetview
data/images/prague/50.085275_14.36672_h90.jpg,prague,50.085275,14.36672,90,2025-09,streetview
data/images/prague/50.085275_14.36672_h180.jpg,prague,50.085275,14.36672,180,2025-09,streetview
data/images/prague/50.085275_14.36672_h270.jpg,prague,50.085275,14.36672,270,2025-09,streetview
data/images/prague/50.082041_14.390238_h0.jpg,prague,50.082041,14.390238,0,2019-09,streetview
data/images/prague/50.082041_14.390238_h90.jpg,prague,50.082041,14.390238,90,2019-09,streetview
data/images/prague/50.082041_14.390238_h180.jpg,prague,50.082041,14.390238,180,2019-09,streetview
data/images/prague/50.082041_14.390238_h270.jpg,prague,50.082041,14.390238,270,2019-09,streetview
data/images/prague/50.087431_14.375121_h0.jpg,prague,50.087431,14.375121,0,2025-09,streetview
data/images/prague/50.087431_14.375121_h90.jpg,prague,50.087431,14.375121,90,2025-09,streetview
data/images/prague/50.087431_14.375121_h180.jpg,prague,50.087431,14.375121,180,2025-09,streetview
data/images/prague/50.087431_14.375121_h270.jpg,prague,50.087431,14.375121,270,2025-09,streetview
data/images/prague/50.102522_14.396974_h0.jpg,prague,50.102522,14.396974,0,2024-05,streetview
data/images/prague/50.102522_14.396974_h90.jpg,prague,50.102522,14.396974,90,2024-05,streetview
data/images/prague/50.102522_14.396974_h180.jpg,prague,50.102522,14.396974,180,2024-05,streetview
data/images/prague/50.102522_14.396974_h270.jpg,prague,50.102522,14.396974,270,2024-05,streetview
data/images/prague/50.075573_14.455741_h0.jpg,prague,50.075573,14.455741,0,2025-09,streetview
data/images/prague/50.075573_14.455741_h90.jpg,prague,50.075573,14.455741,90,2025-09,streetview
data/images/prague/50.075573_14.455741_h180.jpg,prague,50.075573,14.455741,180,2025-09,streetview
data/images/prague/50.075573_14.455741_h270.jpg,prague,50.075573,14.455741,270,2025-09,streetview
data/images/prague/50.076651_14.452384_h0.jpg,prague,50.076651,14.452384,0,2024-08,streetview
data/images/prague/50.076651_14.452384_h90.jpg,prague,50.076651,14.452384,90,2024-08,streetview
data/images/prague/50.076651_14.452384_h180.jpg,prague,50.076651,14.452384,180,2024-08,streetview
data/images/prague/50.076651_14.452384_h270.jpg,prague,50.076651,14.452384,270,2024-08,streetview
data/images/prague/50.101444_14.430584_h0.jpg,prague,50.101444,14.430584,0,2019-07,streetview
data/images/prague/50.101444_14.430584_h90.jpg,prague,50.101444,14.430584,90,2019-07,streetview
data/images/prague/50.101444_14.430584_h180.jpg,prague,50.101444,14.430584,180,2019-07,streetview
data/images/prague/50.101444_14.430584_h270.jpg,prague,50.101444,14.430584,270,2019-07,streetview
data/images/prague/50.089587_14.437287_h0.jpg,prague,50.089587,14.437287,0,2024-05,streetview
data/images/prague/50.089587_14.437287_h90.jpg,prague,50.089587,14.437287,90,2024-05,streetview
data/images/prague/50.089587_14.437287_h180.jpg,prague,50.089587,14.437287,180,2024-05,streetview
data/images/prague/50.089587_14.437287_h270.jpg,prague,50.089587,14.437287,270,2024-05,streetview
data/images/prague/50.084197_14.450719_h0.jpg,prague,50.084197,14.450719,0,2024-10,streetview
data/images/prague/50.084197_14.450719_h90.jpg,prague,50.084197,14.450719,90,2024-10,streetview
data/images/prague/50.084197_14.450719_h180.jpg,prague,50.084197,14.450719,180,2024-10,streetview
data/images/prague/50.084197_14.450719_h270.jpg,prague,50.084197,14.450719,270,2024-10,streetview
data/images/prague/50.076651_14.47254_h0.jpg,prague,50.076651,14.47254,0,2025-08,streetview
data/images/prague/50.076651_14.47254_h90.jpg,prague,50.076651,14.47254,90,2025-08,streetview
data/images/prague/50.076651_14.47254_h180.jpg,prague,50.076651,14.47254,180,2025-08,streetview
data/images/prague/50.076651_14.47254_h270.jpg,prague,50.076651,14.47254,270,2025-08,streetview
data/images/prague/50.099289_14.371764_h0.jpg,prague,50.099289,14.371764,0,2024-05,streetview
data/images/prague/50.099289_14.371764_h90.jpg,prague,50.099289,14.371764,90,2024-05,streetview
data/images/prague/50.099289_14.371764_h180.jpg,prague,50.099289,14.371764,180,2024-05,streetview
data/images/prague/50.099289_14.371764_h270.jpg,prague,50.099289,14.371764,270,2024-05,streetview
data/images/prague/50.063715_14.425491_h0.jpg,prague,50.063715,14.425491,0,2025-09,streetview
data/images/prague/50.063715_14.425491_h90.jpg,prague,50.063715,14.425491,90,2025-09,streetview
data/images/prague/50.063715_14.425491_h180.jpg,prague,50.063715,14.425491,180,2025-09,streetview
data/images/prague/50.063715_14.425491_h270.jpg,prague,50.063715,14.425491,270,2025-09,streetview
data/images/prague/50.075573_14.368398_h0.jpg,prague,50.075573,14.368398,0,2025-09,streetview
data/images/prague/50.075573_14.368398_h90.jpg,prague,50.075573,14.368398,90,2025-09,streetview
data/images/prague/50.075573_14.368398_h180.jpg,prague,50.075573,14.368398,180,2025-09,streetview
data/images/prague/50.075573_14.368398_h270.jpg,prague,50.075573,14.368398,270,2025-09,streetview
data/images/prague/50.041078_14.455672_h0.jpg,prague,50.041078,14.455672,0,2025-09,streetview
data/images/prague/50.041078_14.455672_h90.jpg,prague,50.041078,14.455672,90,2025-09,streetview
data/images/prague/50.041078_14.455672_h180.jpg,prague,50.041078,14.455672,180,2025-09,streetview
data/images/prague/50.041078_14.455672_h270.jpg,prague,50.041078,14.455672,270,2025-09,streetview
data/images/prague/50.087431_14.479286_h0.jpg,prague,50.087431,14.479286,0,2025-08,streetview
data/images/prague/50.087431_14.479286_h90.jpg,prague,50.087431,14.479286,90,2025-08,streetview
data/images/prague/50.087431_14.479286_h180.jpg,prague,50.087431,14.479286,180,2025-08,streetview
data/images/prague/50.087431_14.479286_h270.jpg,prague,50.087431,14.479286,270,2025-08,streetview
data/images/prague/50.057248_14.470816_h0.jpg,prague,50.057248,14.470816,0,2021-11,streetview
data/images/prague/50.057248_14.470816_h90.jpg,prague,50.057248,14.470816,90,2021-11,streetview
data/images/prague/50.057248_14.470816_h180.jpg,prague,50.057248,14.470816,180,2021-11,streetview
data/images/prague/50.057248_14.470816_h270.jpg,prague,50.057248,14.470816,270,2021-11,streetview
data/images/prague/50.092821_14.36168_h0.jpg,prague,50.092821,14.36168,0,2025-09,streetview
data/images/prague/50.092821_14.36168_h90.jpg,prague,50.092821,14.36168,90,2025-09,streetview
data/images/prague/50.092821_14.36168_h180.jpg,prague,50.092821,14.36168,180,2025-09,streetview
data/images/prague/50.092821_14.36168_h270.jpg,prague,50.092821,14.36168,270,2025-09,streetview
data/images/prague/50.084197_14.455758_h0.jpg,prague,50.084197,14.455758,0,2024-10,streetview
data/images/prague/50.084197_14.455758_h90.jpg,prague,50.084197,14.455758,90,2024-10,streetview
data/images/prague/50.084197_14.455758_h180.jpg,prague,50.084197,14.455758,180,2024-10,streetview
data/images/prague/50.084197_14.455758_h270.jpg,prague,50.084197,14.455758,270,2024-10,streetview
data/images/prague/50.099289_14.405374_h0.jpg,prague,50.099289,14.405374,0,2025-09,streetview
data/images/prague/50.099289_14.405374_h90.jpg,prague,50.099289,14.405374,90,2025-09,streetview
data/images/prague/50.099289_14.405374_h180.jpg,prague,50.099289,14.405374,180,2025-09,streetview
data/images/prague/50.099289_14.405374_h270.jpg,prague,50.099289,14.405374,270,2025-09,streetview
data/images/prague/50.101444_14.467557_h0.jpg,prague,50.101444,14.467557,0,2024-08,streetview
data/images/prague/50.101444_14.467557_h90.jpg,prague,50.101444,14.467557,90,2024-08,streetview
data/images/prague/50.101444_14.467557_h180.jpg,prague,50.101444,14.467557,180,2024-08,streetview
data/images/prague/50.101444_14.467557_h270.jpg,prague,50.101444,14.467557,270,2024-08,streetview
data/images/prague/50.079885_14.408715_h0.jpg,prague,50.079885,14.408715,0,2022-10,streetview
data/images/prague/50.079885_14.408715_h90.jpg,prague,50.079885,14.408715,90,2022-10,streetview
data/images/prague/50.079885_14.408715_h180.jpg,prague,50.079885,14.408715,180,2022-10,streetview
data/images/prague/50.079885_14.408715_h270.jpg,prague,50.079885,14.408715,270,2022-10,streetview
data/images/prague/50.059404_14.467463_h0.jpg,prague,50.059404,14.467463,0,2024-03,streetview
data/images/prague/50.059404_14.467463_h90.jpg,prague,50.059404,14.467463,90,2024-03,streetview
data/images/prague/50.059404_14.467463_h180.jpg,prague,50.059404,14.467463,180,2024-03,streetview
data/images/prague/50.059404_14.467463_h270.jpg,prague,50.059404,14.467463,270,2024-03,streetview
data/images/prague/50.091743_14.413768_h0.jpg,prague,50.091743,14.413768,0,2024-09,streetview
data/images/prague/50.091743_14.413768_h90.jpg,prague,50.091743,14.413768,90,2024-09,streetview
data/images/prague/50.091743_14.413768_h180.jpg,prague,50.091743,14.413768,180,2024-09,streetview
data/images/prague/50.091743_14.413768_h270.jpg,prague,50.091743,14.413768,270,2024-09,streetview
data/images/prague/50.052936_14.42044_h0.jpg,prague,50.052936,14.42044,0,2025-09,streetview
data/images/prague/50.052936_14.42044_h90.jpg,prague,50.052936,14.42044,90,2025-09,streetview
data/images/prague/50.052936_14.42044_h180.jpg,prague,50.052936,14.42044,180,2025-09,streetview
data/images/prague/50.052936_14.42044_h270.jpg,prague,50.052936,14.42044,270,2025-09,streetview
data/images/prague/50.059404_14.464104_h0.jpg,prague,50.059404,14.464104,0,2024-03,streetview
data/images/prague/50.059404_14.464104_h90.jpg,prague,50.059404,14.464104,90,2024-03,streetview
data/images/prague/50.059404_14.464104_h180.jpg,prague,50.059404,14.464104,180,2024-03,streetview
data/images/prague/50.059404_14.464104_h270.jpg,prague,50.059404,14.464104,270,2024-03,streetview
data/images/prague/50.100367_14.403694_h0.jpg,prague,50.100367,14.403694,0,2019-04,streetview
data/images/prague/50.100367_14.403694_h90.jpg,prague,50.100367,14.403694,90,2019-04,streetview
data/images/prague/50.100367_14.403694_h180.jpg,prague,50.100367,14.403694,180,2019-04,streetview
data/images/prague/50.100367_14.403694_h270.jpg,prague,50.100367,14.403694,270,2019-04,streetview
data/images/prague/50.060481_14.455711_h0.jpg,prague,50.060481,14.455711,0,2025-09,streetview
data/images/prague/50.060481_14.455711_h90.jpg,prague,50.060481,14.455711,90,2025-09,streetview
data/images/prague/50.060481_14.455711_h180.jpg,prague,50.060481,14.455711,180,2025-09,streetview
data/images/prague/50.060481_14.455711_h270.jpg,prague,50.060481,14.455711,270,2025-09,streetview
data/images/prague/50.042156_14.435533_h0.jpg,prague,50.042156,14.435533,0,2025-09,streetview
data/images/prague/50.042156_14.435533_h90.jpg,prague,50.042156,14.435533,90,2025-09,streetview
data/images/prague/50.042156_14.435533_h180.jpg,prague,50.042156,14.435533,180,2025-09,streetview
data/images/prague/50.042156_14.435533_h270.jpg,prague,50.042156,14.435533,270,2025-09,streetview
data/images/prague/50.061559_14.427167_h0.jpg,prague,50.061559,14.427167,0,2023-02,streetview
data/images/prague/50.061559_14.427167_h90.jpg,prague,50.061559,14.427167,90,2023-02,streetview
data/images/prague/50.061559_14.427167_h180.jpg,prague,50.061559,14.427167,180,2023-02,streetview
data/images/prague/50.061559_14.427167_h270.jpg,prague,50.061559,14.427167,270,2023-02,streetview
data/images/prague/50.041078_14.415389_h0.jpg,prague,50.041078,14.415389,0,2025-08,streetview
data/images/prague/50.041078_14.415389_h90.jpg,prague,50.041078,14.415389,90,2025-08,streetview
data/images/prague/50.041078_14.415389_h180.jpg,prague,50.041078,14.415389,180,2025-08,streetview
data/images/prague/50.041078_14.415389_h270.jpg,prague,50.041078,14.415389,270,2025-08,streetview
data/images/prague/50.1036_14.464201_h0.jpg,prague,50.1036,14.464201,0,2023-05,streetview
data/images/prague/50.1036_14.464201_h90.jpg,prague,50.1036,14.464201,90,2023-05,streetview
data/images/prague/50.1036_14.464201_h180.jpg,prague,50.1036,14.464201,180,2023-05,streetview
data/images/prague/50.1036_14.464201_h270.jpg,prague,50.1036,14.464201,270,2023-05,streetview
data/images/prague/50.062637_14.454036_h0.jpg,prague,50.062637,14.454036,0,2025-09,streetview
data/images/prague/50.062637_14.454036_h90.jpg,prague,50.062637,14.454036,90,2025-09,streetview
data/images/prague/50.062637_14.454036_h180.jpg,prague,50.062637,14.454036,180,2025-09,streetview
data/images/prague/50.062637_14.454036_h270.jpg,prague,50.062637,14.454036,270,2025-09,streetview
data/images/prague/50.051858_14.443942_h0.jpg,prague,50.051858,14.443942,0,2025-09,streetview
data/images/prague/50.051858_14.443942_h90.jpg,prague,50.051858,14.443942,90,2025-09,streetview
data/images/prague/50.051858_14.443942_h180.jpg,prague,50.051858,14.443942,180,2025-09,streetview
data/images/prague/50.051858_14.443942_h270.jpg,prague,50.051858,14.443942,270,2025-09,streetview
data/images/prague/50.098211_14.412094_h0.jpg,prague,50.098211,14.412094,0,2025-09,streetview
data/images/prague/50.098211_14.412094_h90.jpg,prague,50.098211,14.412094,90,2025-09,streetview
data/images/prague/50.098211_14.412094_h180.jpg,prague,50.098211,14.412094,180,2025-09,streetview
data/images/prague/50.098211_14.412094_h270.jpg,prague,50.098211,14.412094,270,2025-09,streetview
data/images/prague/50.10899_14.433957_h0.jpg,prague,50.10899,14.433957,0,2024-09,streetview
data/images/prague/50.10899_14.433957_h90.jpg,prague,50.10899,14.433957,90,2024-09,streetview
data/images/prague/50.10899_14.433957_h180.jpg,prague,50.10899,14.433957,180,2024-09,streetview
data/images/prague/50.10899_14.433957_h270.jpg,prague,50.10899,14.433957,270,2024-09,streetview
data/images/prague/50.047546_14.363357_h0.jpg,prague,50.047546,14.363357,0,2019-09,streetview
data/images/prague/50.047546_14.363357_h90.jpg,prague,50.047546,14.363357,90,2019-09,streetview
data/images/prague/50.047546_14.363357_h180.jpg,prague,50.047546,14.363357,180,2019-09,streetview
data/images/prague/50.047546_14.363357_h270.jpg,prague,50.047546,14.363357,270,2019-09,streetview
data/images/prague/50.083119_14.36504_h0.jpg,prague,50.083119,14.36504,0,2025-09,streetview
data/images/prague/50.083119_14.36504_h90.jpg,prague,50.083119,14.36504,90,2025-09,streetview
data/images/prague/50.083119_14.36504_h180.jpg,prague,50.083119,14.36504,180,2025-09,streetview
data/images/prague/50.083119_14.36504_h270.jpg,prague,50.083119,14.36504,270,2025-09,streetview
data/images/prague/50.088509_14.375121_h0.jpg,prague,50.088509,14.375121,0,2025-09,streetview
data/images/prague/50.088509_14.375121_h90.jpg,prague,50.088509,14.375121,90,2025-09,streetview
data/images/prague/50.088509_14.375121_h180.jpg,prague,50.088509,14.375121,180,2025-09,streetview
data/images/prague/50.088509_14.375121_h270.jpg,prague,50.088509,14.375121,270,2025-09,streetview
data/images/prague/50.055092_14.396937_h0.jpg,prague,50.055092,14.396937,0,2025-08,streetview
data/images/prague/50.055092_14.396937_h90.jpg,prague,50.055092,14.396937,90,2025-08,streetview
data/images/prague/50.055092_14.396937_h180.jpg,prague,50.055092,14.396937,180,2025-08,streetview
data/images/prague/50.055092_14.396937_h270.jpg,prague,50.055092,14.396937,270,2025-08,streetview
data/images/prague/50.099289_14.452428_h0.jpg,prague,50.099289,14.452428,0,2024-10,streetview
data/images/prague/50.099289_14.452428_h90.jpg,prague,50.099289,14.452428,90,2024-10,streetview
data/images/prague/50.099289_14.452428_h180.jpg,prague,50.099289,14.452428,180,2024-10,streetview
data/images/prague/50.099289_14.452428_h270.jpg,prague,50.099289,14.452428,270,2024-10,streetview
data/images/prague/50.072339_14.470851_h0.jpg,prague,50.072339,14.470851,0,2019-07,streetview
data/images/prague/50.072339_14.470851_h90.jpg,prague,50.072339,14.470851,90,2019-07,streetview
data/images/prague/50.072339_14.470851_h180.jpg,prague,50.072339,14.470851,180,2019-07,streetview
data/images/prague/50.072339_14.470851_h270.jpg,prague,50.072339,14.470851,270,2019-07,streetview
data/images/prague/50.087431_14.3684_h0.jpg,prague,50.087431,14.3684,0,2024-05,streetview
data/images/prague/50.087431_14.3684_h90.jpg,prague,50.087431,14.3684,90,2024-05,streetview
data/images/prague/50.087431_14.3684_h180.jpg,prague,50.087431,14.3684,180,2024-05,streetview
data/images/prague/50.087431_14.3684_h270.jpg,prague,50.087431,14.3684,270,2024-05,streetview
data/images/prague/50.074495_14.459098_h0.jpg,prague,50.074495,14.459098,0,2024-08,streetview
data/images/prague/50.074495_14.459098_h90.jpg,prague,50.074495,14.459098,90,2024-08,streetview
data/images/prague/50.074495_14.459098_h180.jpg,prague,50.074495,14.459098,180,2024-08,streetview
data/images/prague/50.074495_14.459098_h270.jpg,prague,50.074495,14.459098,270,2024-08,streetview
data/images/prague/50.059404_14.450672_h0.jpg,prague,50.059404,14.450672,0,2025-09,streetview
data/images/prague/50.059404_14.450672_h90.jpg,prague,50.059404,14.450672,90,2025-09,streetview
data/images/prague/50.059404_14.450672_h180.jpg,prague,50.059404,14.450672,180,2025-09,streetview
data/images/prague/50.059404_14.450672_h270.jpg,prague,50.059404,14.450672,270,2025-09,streetview
data/images/prague/50.091743_14.442332_h0.jpg,prague,50.091743,14.442332,0,2025-09,streetview
data/images/prague/50.091743_14.442332_h90.jpg,prague,50.091743,14.442332,90,2025-09,streetview
data/images/prague/50.091743_14.442332_h180.jpg,prague,50.091743,14.442332,180,2025-09,streetview
data/images/prague/50.091743_14.442332_h270.jpg,prague,50.091743,14.442332,270,2025-09,streetview
data/images/prague/50.070183_14.45573_h0.jpg,prague,50.070183,14.45573,0,2024-07,streetview
data/images/prague/50.070183_14.45573_h90.jpg,prague,50.070183,14.45573,90,2024-07,streetview
data/images/prague/50.070183_14.45573_h180.jpg,prague,50.070183,14.45573,180,2024-07,streetview
data/images/prague/50.070183_14.45573_h270.jpg,prague,50.070183,14.45573,270,2024-07,streetview
data/images/prague/50.042156_14.430497_h0.jpg,prague,50.042156,14.430497,0,2019-06,streetview
data/images/prague/50.042156_14.430497_h90.jpg,prague,50.042156,14.430497,90,2019-06,streetview
data/images/prague/50.042156_14.430497_h180.jpg,prague,50.042156,14.430497,180,2019-06,streetview
data/images/prague/50.042156_14.430497_h270.jpg,prague,50.042156,14.430497,270,2019-06,streetview
data/images/prague/50.105756_14.371765_h0.jpg,prague,50.105756,14.371765,0,2025-09,streetview
data/images/prague/50.105756_14.371765_h90.jpg,prague,50.105756,14.371765,90,2025-09,streetview
data/images/prague/50.105756_14.371765_h180.jpg,prague,50.105756,14.371765,180,2025-09,streetview
data/images/prague/50.105756_14.371765_h270.jpg,prague,50.105756,14.371765,270,2025-09,streetview
data/images/prague/50.047546_14.469115_h0.jpg,prague,50.047546,14.469115,0,2024-05,streetview
data/images/prague/50.047546_14.469115_h90.jpg,prague,50.047546,14.469115,90,2024-05,streetview
data/images/prague/50.047546_14.469115_h180.jpg,prague,50.047546,14.469115,180,2024-05,streetview
data/images/prague/50.047546_14.469115_h270.jpg,prague,50.047546,14.469115,270,2024-05,streetview
data/images/prague/50.061559_14.440601_h0.jpg,prague,50.061559,14.440601,0,2024-05,streetview
data/images/prague/50.061559_14.440601_h90.jpg,prague,50.061559,14.440601,90,2024-05,streetview
data/images/prague/50.061559_14.440601_h180.jpg,prague,50.061559,14.440601,180,2024-05,streetview
data/images/prague/50.061559_14.440601_h270.jpg,prague,50.061559,14.440601,270,2024-05,streetview
data/images/prague/50.065871_14.445646_h0.jpg,prague,50.065871,14.445646,0,2025-09,streetview
data/images/prague/50.065871_14.445646_h90.jpg,prague,50.065871,14.445646,90,2025-09,streetview
data/images/prague/50.065871_14.445646_h180.jpg,prague,50.065871,14.445646,180,2025-09,streetview
data/images/prague/50.065871_14.445646_h270.jpg,prague,50.065871,14.445646,270,2025-09,streetview
data/images/prague/50.105756_14.403699_h0.jpg,prague,50.105756,14.403699,0,2025-09,streetview
data/images/prague/50.105756_14.403699_h90.jpg,prague,50.105756,14.403699,90,2025-09,streetview
data/images/prague/50.105756_14.403699_h180.jpg,prague,50.105756,14.403699,180,2025-09,streetview
data/images/prague/50.105756_14.403699_h270.jpg,prague,50.105756,14.403699,270,2025-09,streetview
data/images/prague/50.107912_14.457487_h0.jpg,prague,50.107912,14.457487,0,2023-05,streetview
data/images/prague/50.107912_14.457487_h90.jpg,prague,50.107912,14.457487,90,2023-05,streetview
data/images/prague/50.107912_14.457487_h180.jpg,prague,50.107912,14.457487,180,2023-05,streetview
data/images/prague/50.107912_14.457487_h270.jpg,prague,50.107912,14.457487,270,2023-05,streetview
data/images/prague/50.055092_14.44059_h0.jpg,prague,50.055092,14.44059,0,2024-05,streetview
data/images/prague/50.055092_14.44059_h90.jpg,prague,50.055092,14.44059,90,2024-05,streetview
data/images/prague/50.055092_14.44059_h180.jpg,prague,50.055092,14.44059,180,2024-05,streetview
data/images/prague/50.055092_14.44059_h270.jpg,prague,50.055092,14.44059,270,2024-05,streetview
data/images/prague/50.083119_14.449037_h0.jpg,prague,50.083119,14.449037,0,2025-08,streetview
data/images/prague/50.083119_14.449037_h90.jpg,prague,50.083119,14.449037,90,2025-08,streetview
data/images/prague/50.083119_14.449037_h180.jpg,prague,50.083119,14.449037,180,2025-08,streetview
data/images/prague/50.083119_14.449037_h270.jpg,prague,50.083119,14.449037,270,2025-08,streetview
data/images/prague/50.1036_14.435629_h0.jpg,prague,50.1036,14.435629,0,2025-09,streetview
data/images/prague/50.1036_14.435629_h90.jpg,prague,50.1036,14.435629,90,2025-09,streetview
data/images/prague/50.1036_14.435629_h180.jpg,prague,50.1036,14.435629,180,2025-09,streetview
data/images/prague/50.1036_14.435629_h270.jpg,prague,50.1036,14.435629,270,2025-09,streetview
data/images/prague/50.102522_14.398654_h0.jpg,prague,50.102522,14.398654,0,2024-08,streetview
data/images/prague/50.102522_14.398654_h90.jpg,prague,50.102522,14.398654,90,2024-08,streetview
data/images/prague/50.102522_14.398654_h180.jpg,prague,50.102522,14.398654,180,2024-08,streetview
data/images/prague/50.102522_14.398654_h270.jpg,prague,50.102522,14.398654,270,2024-08,streetview
data/images/prague/50.080963_14.366719_h0.jpg,prague,50.080963,14.366719,0,2025-09,streetview
data/images/prague/50.080963_14.366719_h90.jpg,prague,50.080963,14.366719,90,2025-09,streetview
data/images/prague/50.080963_14.366719_h180.jpg,prague,50.080963,14.366719,180,2025-09,streetview
data/images/prague/50.080963_14.366719_h270.jpg,prague,50.080963,14.366719,270,2025-09,streetview
data/images/prague/50.059404_14.437239_h0.jpg,prague,50.059404,14.437239,0,2024-08,streetview
data/images/prague/50.059404_14.437239_h90.jpg,prague,50.059404,14.437239,90,2024-08,streetview
data/images/prague/50.059404_14.437239_h180.jpg,prague,50.059404,14.437239,180,2024-08,streetview
data/images/prague/50.059404_14.437239_h270.jpg,prague,50.059404,14.437239,270,2024-08,streetview
data/images/prague/50.106834_14.378488_h0.jpg,prague,50.106834,14.378488,0,2025-09,streetview
data/images/prague/50.106834_14.378488_h90.jpg,prague,50.106834,14.378488,90,2025-09,streetview
data/images/prague/50.106834_14.378488_h180.jpg,prague,50.106834,14.378488,180,2025-09,streetview
data/images/prague/50.106834_14.378488_h270.jpg,prague,50.106834,14.378488,270,2025-09,streetview
data/images/prague/50.075573_14.401992_h0.jpg,prague,50.075573,14.401992,0,2019-07,streetview
data/images/prague/50.075573_14.401992_h90.jpg,prague,50.075573,14.401992,90,2019-07,streetview
data/images/prague/50.075573_14.401992_h180.jpg,prague,50.075573,14.401992,180,2019-07,streetview
data/images/prague/50.075573_14.401992_h270.jpg,prague,50.075573,14.401992,270,2019-07,streetview
data/images/prague/50.099289_14.428901_h0.jpg,prague,50.099289,14.428901,0,2018-10,streetview
data/images/prague/50.099289_14.428901_h90.jpg,prague,50.099289,14.428901,90,2018-10,streetview
data/images/prague/50.099289_14.428901_h180.jpg,prague,50.099289,14.428901,180,2018-10,streetview
data/images/prague/50.099289_14.428901_h270.jpg,prague,50.099289,14.428901,270,2018-10,streetview
data/images/prague/50.101444_14.452432_h0.jpg,prague,50.101444,14.452432,0,2025-09,streetview
data/images/prague/50.101444_14.452432_h90.jpg,prague,50.101444,14.452432,90,2025-09,streetview
data/images/prague/50.101444_14.452432_h180.jpg,prague,50.101444,14.452432,180,2025-09,streetview
data/images/prague/50.101444_14.452432_h270.jpg,prague,50.101444,14.452432,270,2025-09,streetview
data/images/prague/50.098211_14.380166_h0.jpg,prague,50.098211,14.380166,0,2025-09,streetview
data/images/prague/50.098211_14.380166_h90.jpg,prague,50.098211,14.380166,90,2025-09,streetview
data/images/prague/50.098211_14.380166_h180.jpg,prague,50.098211,14.380166,180,2025-09,streetview
data/images/prague/50.098211_14.380166_h270.jpg,prague,50.098211,14.380166,270,2025-09,streetview
data/images/prague/50.052936_14.415403_h0.jpg,prague,50.052936,14.415403,0,2025-09,streetview
data/images/prague/50.052936_14.415403_h90.jpg,prague,50.052936,14.415403,90,2025-09,streetview
data/images/prague/50.052936_14.415403_h180.jpg,prague,50.052936,14.415403,180,2025-09,streetview
data/images/prague/50.052936_14.415403_h270.jpg,prague,50.052936,14.415403,270,2025-09,streetview
data/images/prague/50.075573_14.423827_h0.jpg,prague,50.075573,14.423827,0,2019-07,streetview
data/images/prague/50.075573_14.423827_h90.jpg,prague,50.075573,14.423827,90,2019-07,streetview
data/images/prague/50.075573_14.423827_h180.jpg,prague,50.075573,14.423827,180,2019-07,streetview
data/images/prague/50.075573_14.423827_h270.jpg,prague,50.075573,14.423827,270,2019-07,streetview
data/images/prague/50.055092_14.452342_h0.jpg,prague,50.055092,14.452342,0,2019-07,streetview
data/images/prague/50.055092_14.452342_h90.jpg,prague,50.055092,14.452342,90,2019-07,streetview
data/images/prague/50.055092_14.452342_h180.jpg,prague,50.055092,14.452342,180,2019-07,streetview
data/images/prague/50.055092_14.452342_h270.jpg,prague,50.055092,14.452342,270,2019-07,streetview
data/images/prague/50.097133_14.465867_h0.jpg,prague,50.097133,14.465867,0,2024-08,streetview
data/images/prague/50.097133_14.465867_h90.jpg,prague,50.097133,14.465867,90,2024-08,streetview
data/images/prague/50.097133_14.465867_h180.jpg,prague,50.097133,14.465867,180,2024-08,streetview
data/images/prague/50.097133_14.465867_h270.jpg,prague,50.097133,14.465867,270,2024-08,streetview
data/images/prague/50.062637_14.428848_h0.jpg,prague,50.062637,14.428848,0,2023-02,streetview
data/images/prague/50.062637_14.428848_h90.jpg,prague,50.062637,14.428848,90,2023-02,streetview
data/images/prague/50.062637_14.428848_h180.jpg,prague,50.062637,14.428848,180,2023-02,streetview
data/images/prague/50.062637_14.428848_h270.jpg,prague,50.062637,14.428848,270,2023-02,streetview
data/images/budapest/47.514977_19.05469_h0.jpg,budapest,47.514977,19.05469,0,2018-11,streetview
data/images/budapest/47.514977_19.05469_h90.jpg,budapest,47.514977,19.05469,90,2018-11,streetview
data/images/budapest/47.514977_19.05469_h180.jpg,budapest,47.514977,19.05469,180,2018-11,streetview
data/images/budapest/47.514977_19.05469_h270.jpg,budapest,47.514977,19.05469,270,2018-11,streetview
data/images/budapest/47.483715_19.094541_h0.jpg,budapest,47.483715,19.094541,0,2024-06,streetview
data/images/budapest/47.483715_19.094541_h90.jpg,budapest,47.483715,19.094541,90,2024-06,streetview
data/images/budapest/47.483715_19.094541_h180.jpg,budapest,47.483715,19.094541,180,2024-06,streetview
data/images/budapest/47.483715_19.094541_h270.jpg,budapest,47.483715,19.094541,270,2024-06,streetview
data/images/budapest/47.498807_19.035529_h0.jpg,budapest,47.498807,19.035529,0,2024-08,streetview
data/images/budapest/47.498807_19.035529_h90.jpg,budapest,47.498807,19.035529,90,2024-08,streetview
data/images/budapest/47.498807_19.035529_h180.jpg,budapest,47.498807,19.035529,180,2024-08,streetview
data/images/budapest/47.498807_19.035529_h270.jpg,budapest,47.498807,19.035529,270,2024-08,streetview
data/images/budapest/47.47617_19.035518_h0.jpg,budapest,47.47617,19.035518,0,2025-09,streetview
data/images/budapest/47.47617_19.035518_h90.jpg,budapest,47.47617,19.035518,90,2025-09,streetview
data/images/budapest/47.47617_19.035518_h180.jpg,budapest,47.47617,19.035518,180,2025-09,streetview
data/images/budapest/47.47617_19.035518_h270.jpg,budapest,47.47617,19.035518,270,2025-09,streetview
data/images/budapest/47.469702_19.086545_h0.jpg,budapest,47.469702,19.086545,0,2024-05,streetview
data/images/budapest/47.469702_19.086545_h90.jpg,budapest,47.469702,19.086545,90,2024-05,streetview
data/images/budapest/47.469702_19.086545_h180.jpg,budapest,47.469702,19.086545,180,2024-05,streetview
data/images/budapest/47.469702_19.086545_h270.jpg,budapest,47.469702,19.086545,270,2024-05,streetview
data/images/budapest/47.524678_19.030753_h0.jpg,budapest,47.524678,19.030753,0,2024-07,streetview
data/images/budapest/47.524678_19.030753_h90.jpg,budapest,47.524678,19.030753,90,2024-07,streetview
data/images/budapest/47.524678_19.030753_h180.jpg,budapest,47.524678,19.030753,180,2024-07,streetview
data/images/budapest/47.524678_19.030753_h270.jpg,budapest,47.524678,19.030753,270,2024-07,streetview
data/images/budapest/47.508509_19.035534_h0.jpg,budapest,47.508509,19.035534,0,2025-09,streetview
data/images/budapest/47.508509_19.035534_h90.jpg,budapest,47.508509,19.035534,90,2025-09,streetview
data/images/budapest/47.508509_19.035534_h180.jpg,budapest,47.508509,19.035534,180,2025-09,streetview
data/images/budapest/47.508509_19.035534_h270.jpg,budapest,47.508509,19.035534,270,2025-09,streetview
data/images/budapest/47.471858_19.054653_h0.jpg,budapest,47.471858,19.054653,0,2025-09,streetview
data/images/budapest/47.471858_19.054653_h90.jpg,budapest,47.471858,19.054653,90,2025-09,streetview
data/images/budapest/47.471858_19.054653_h180.jpg,budapest,47.471858,19.054653,180,2025-09,streetview
data/images/budapest/47.471858_19.054653_h270.jpg,budapest,47.471858,19.054653,270,2025-09,streetview
data/images/budapest/47.495573_19.037123_h0.jpg,budapest,47.495573,19.037123,0,2024-06,streetview
data/images/budapest/47.495573_19.037123_h90.jpg,budapest,47.495573,19.037123,90,2024-06,streetview
data/images/budapest/47.495573_19.037123_h180.jpg,budapest,47.495573,19.037123,180,2024-06,streetview
data/images/budapest/47.495573_19.037123_h270.jpg,budapest,47.495573,19.037123,270,2024-06,streetview
data/images/budapest/47.489105_19.035524_h0.jpg,budapest,47.489105,19.035524,0,2022-04,streetview
data/images/budapest/47.489105_19.035524_h90.jpg,budapest,47.489105,19.035524,90,2022-04,streetview
data/images/budapest/47.489105_19.035524_h180.jpg,budapest,47.489105,19.035524,180,2022-04,streetview
data/images/budapest/47.489105_19.035524_h270.jpg,budapest,47.489105,19.035524,270,2022-04,streetview
data/images/budapest/47.484793_19.024356_h0.jpg,budapest,47.484793,19.024356,0,2022-04,streetview
data/images/budapest/47.484793_19.024356_h90.jpg,budapest,47.484793,19.024356,90,2022-04,streetview
data/images/budapest/47.484793_19.024356_h180.jpg,budapest,47.484793,19.024356,180,2022-04,streetview
data/images/budapest/47.484793_19.024356_h270.jpg,budapest,47.484793,19.024356,270,2022-04,streetview
data/images/budapest/47.512821_19.037132_h0.jpg,budapest,47.512821,19.037132,0,2025-09,streetview
data/images/budapest/47.512821_19.037132_h90.jpg,budapest,47.512821,19.037132,90,2025-09,streetview
data/images/budapest/47.512821_19.037132_h180.jpg,budapest,47.512821,19.037132,180,2025-09,streetview
data/images/budapest/47.512821_19.037132_h270.jpg,budapest,47.512821,19.037132,270,2025-09,streetview
data/images/budapest/47.511743_19.051495_h0.jpg,budapest,47.511743,19.051495,0,2025-09,streetview
data/images/budapest/47.511743_19.051495_h90.jpg,budapest,47.511743,19.051495,90,2025-09,streetview
data/images/budapest/47.511743_19.051495_h180.jpg,budapest,47.511743,19.051495,180,2025-09,streetview
data/images/budapest/47.511743_19.051495_h270.jpg,budapest,47.511743,19.051495,270,2025-09,streetview
data/images/budapest/47.463234_19.053051_h0.jpg,budapest,47.463234,19.053051,0,2025-09,streetview
data/images/budapest/47.463234_19.053051_h90.jpg,budapest,47.463234,19.053051,90,2025-09,streetview
data/images/budapest/47.463234_19.053051_h180.jpg,budapest,47.463234,19.053051,180,2025-09,streetview
data/images/budapest/47.463234_19.053051_h270.jpg,budapest,47.463234,19.053051,270,2025-09,streetview
data/images/budapest/47.535458_19.072271_h0.jpg,budapest,47.535458,19.072271,0,2025-08,streetview
data/images/budapest/47.535458_19.072271_h90.jpg,budapest,47.535458,19.072271,90,2025-08,streetview
data/images/budapest/47.535458_19.072271_h180.jpg,budapest,47.535458,19.072271,180,2025-08,streetview
data/images/budapest/47.535458_19.072271_h270.jpg,budapest,47.535458,19.072271,270,2025-08,streetview
data/images/budapest/47.494495_19.072222_h0.jpg,budapest,47.494495,19.072222,0,2022-04,streetview
data/images/budapest/47.494495_19.072222_h90.jpg,budapest,47.494495,19.072222,90,2022-04,streetview
data/images/budapest/47.494495_19.072222_h180.jpg,budapest,47.494495,19.072222,180,2022-04,streetview
data/images/budapest/47.494495_19.072222_h270.jpg,budapest,47.494495,19.072222,270,2022-04,streetview
data/images/budapest/47.494495_19.02755_h0.jpg,budapest,47.494495,19.02755,0,2024-06,streetview
data/images/budapest/47.494495_19.02755_h90.jpg,budapest,47.494495,19.02755,90,2024-06,streetview
data/images/budapest/47.494495_19.02755_h180.jpg,budapest,47.494495,19.02755,180,2024-06,streetview
data/images/budapest/47.494495_19.02755_h270.jpg,budapest,47.494495,19.02755,270,2024-06,streetview
data/images/budapest/47.507431_19.092983_h0.jpg,budapest,47.507431,19.092983,0,2025-08,streetview
data/images/budapest/47.507431_19.092983_h90.jpg,budapest,47.507431,19.092983,90,2025-08,streetview
data/images/budapest/47.507431_19.092983_h180.jpg,budapest,47.507431,19.092983,180,2025-08,streetview
data/images/budapest/47.507431_19.092983_h270.jpg,budapest,47.507431,19.092983,270,2025-08,streetview
data/images/budapest/47.46_19.045077_h0.jpg,budapest,47.46,19.045077,0,2024-06,streetview
data/images/budapest/47.46_19.045077_h90.jpg,budapest,47.46,19.045077,90,2024-06,streetview
data/images/budapest/47.46_19.045077_h180.jpg,budapest,47.46,19.045077,180,2024-06,streetview
data/images/budapest/47.46_19.045077_h270.jpg,budapest,47.46,19.045077,270,2024-06,streetview
data/images/budapest/47.482637_19.056257_h0.jpg,budapest,47.482637,19.056257,0,2025-09,streetview
data/images/budapest/47.482637_19.056257_h90.jpg,budapest,47.482637,19.056257,90,2025-09,streetview
data/images/budapest/47.482637_19.056257_h180.jpg,budapest,47.482637,19.056257,180,2025-09,streetview
data/images/budapest/47.482637_19.056257_h270.jpg,budapest,47.482637,19.056257,270,2025-09,streetview
data/images/budapest/47.488027_19.025952_h0.jpg,budapest,47.488027,19.025952,0,2025-09,streetview
data/images/budapest/47.488027_19.025952_h90.jpg,budapest,47.488027,19.025952,90,2025-09,streetview
data/images/budapest/47.488027_19.025952_h180.jpg,budapest,47.488027,19.025952,180,2025-09,streetview
data/images/budapest/47.488027_19.025952_h270.jpg,budapest,47.488027,19.025952,270,2025-09,streetview
data/images/budapest/47.462156_19.037106_h0.jpg,budapest,47.462156,19.037106,0,2025-09,streetview
data/images/budapest/47.462156_19.037106_h90.jpg,budapest,47.462156,19.037106,90,2025-09,streetview
data/images/budapest/47.462156_19.037106_h180.jpg,budapest,47.462156,19.037106,180,2025-09,streetview
data/images/budapest/47.462156_19.037106_h270.jpg,budapest,47.462156,19.037106,270,2025-09,streetview
data/images/budapest/47.483715_19.054663_h0.jpg,budapest,47.483715,19.054663,0,2025-09,streetview
data/images/budapest/47.483715_19.054663_h90.jpg,budapest,47.483715,19.054663,90,2025-09,streetview
data/images/budapest/47.483715_19.054663_h180.jpg,budapest,47.483715,19.054663,180,2025-09,streetview
data/images/budapest/47.483715_19.054663_h270.jpg,budapest,47.483715,19.054663,270,2025-09,streetview
data/images/budapest/47.53977_19.043533_h0.jpg,budapest,47.53977,19.043533,0,2025-09,streetview
data/images/budapest/47.53977_19.043533_h90.jpg,budapest,47.53977,19.043533,90,2025-09,streetview
data/images/budapest/47.53977_19.043533_h180.jpg,budapest,47.53977,19.043533,180,2025-09,streetview
data/images/budapest/47.53977_19.043533_h270.jpg,budapest,47.53977,19.043533,270,2025-09,streetview
data/images/budapest/47.531146_19.075459_h0.jpg,budapest,47.531146,19.075459,0,2025-08,streetview
data/images/budapest/47.531146_19.075459_h90.jpg,budapest,47.531146,19.075459,90,2025-08,streetview
data/images/budapest/47.531146_19.075459_h180.jpg,budapest,47.531146,19.075459,180,2025-08,streetview
data/images/budapest/47.531146_19.075459_h270.jpg,budapest,47.531146,19.075459,270,2025-08,streetview
data/images/budapest/47.527912_19.067472_h0.jpg,budapest,47.527912,19.067472,0,2025-08,streetview
data/images/budapest/47.527912_19.067472_h90.jpg,budapest,47.527912,19.067472,90,2025-08,streetview
data/images/budapest/47.527912_19.067472_h180.jpg,budapest,47.527912,19.067472,180,2025-08,streetview
data/images/budapest/47.527912_19.067472_h270.jpg,budapest,47.527912,19.067472,270,2025-08,streetview
data/images/budapest/47.461078_19.037105_h0.jpg,budapest,47.461078,19.037105,0,2025-09,streetview
data/images/budapest/47.461078_19.037105_h90.jpg,budapest,47.461078,19.037105,90,2025-09,streetview
data/images/budapest/47.461078_19.037105_h180.jpg,budapest,47.461078,19.037105,180,2025-09,streetview
data/images/budapest/47.461078_19.037105_h270.jpg,budapest,47.461078,19.037105,270,2025-09,streetview
data/images/budapest/47.535458_19.013193_h0.jpg,budapest,47.535458,19.013193,0,2025-09,streetview
data/images/budapest/47.535458_19.013193_h90.jpg,budapest,47.535458,19.013193,90,2025-09,streetview
data/images/budapest/47.535458_19.013193_h180.jpg,budapest,47.535458,19.013193,180,2025-09,streetview
data/images/budapest/47.535458_19.013193_h270.jpg,budapest,47.535458,19.013193,270,2025-09,streetview
data/images/budapest/47.468624_19.064218_h0.jpg,budapest,47.468624,19.064218,0,2025-09,streetview
data/images/budapest/47.468624_19.064218_h90.jpg,budapest,47.468624,19.064218,90,2025-09,streetview
data/images/budapest/47.468624_19.064218_h180.jpg,budapest,47.468624,19.064218,180,2025-09,streetview
data/images/budapest/47.468624_19.064218_h270.jpg,budapest,47.468624,19.064218,270,2025-09,streetview
data/images/budapest/47.527912_19.05949_h0.jpg,budapest,47.527912,19.05949,0,2025-09,streetview
data/images/budapest/47.527912_19.05949_h90.jpg,budapest,47.527912,19.05949,90,2025-09,streetview
data/images/budapest/47.527912_19.05949_h180.jpg,budapest,47.527912,19.05949,180,2025-09,streetview
data/images/budapest/47.527912_19.05949_h270.jpg,budapest,47.527912,19.05949,270,2025-09,streetview
data/images/budapest/47.517133_19.021173_h0.jpg,budapest,47.517133,19.021173,0,2025-09,streetview
data/images/budapest/47.517133_19.021173_h90.jpg,budapest,47.517133,19.021173,90,2025-09,streetview
data/images/budapest/47.517133_19.021173_h180.jpg,budapest,47.517133,19.021173,180,2025-09,streetview
data/images/budapest/47.517133_19.021173_h270.jpg,budapest,47.517133,19.021173,270,2025-09,streetview
data/images/budapest/47.47617_19.014785_h0.jpg,budapest,47.47617,19.014785,0,2022-04,streetview
data/images/budapest/47.47617_19.014785_h90.jpg,budapest,47.47617,19.014785,90,2022-04,streetview
data/images/budapest/47.47617_19.014785_h180.jpg,budapest,47.47617,19.014785,180,2022-04,streetview
data/images/budapest/47.47617_19.014785_h270.jpg,budapest,47.47617,19.014785,270,2022-04,streetview
data/images/budapest/47.484793_19.017976_h0.jpg,budapest,47.484793,19.017976,0,2024-06,streetview
data/images/budapest/47.484793_19.017976_h90.jpg,budapest,47.484793,19.017976,90,2024-06,streetview
data/images/budapest/47.484793_19.017976_h180.jpg,budapest,47.484793,19.017976,180,2024-06,streetview
data/images/budapest/47.484793_19.017976_h270.jpg,budapest,47.484793,19.017976,270,2024-06,streetview
data/images/budapest/47.469702_19.054651_h0.jpg,budapest,47.469702,19.054651,0,2025-09,streetview
data/images/budapest/47.469702_19.054651_h90.jpg,budapest,47.469702,19.054651,90,2025-09,streetview
data/images/budapest/47.469702_19.054651_h180.jpg,budapest,47.469702,19.054651,180,2025-09,streetview
data/images/budapest/47.469702_19.054651_h270.jpg,budapest,47.469702,19.054651,270,2025-09,streetview
data/images/budapest/47.506353_19.086598_h0.jpg,budapest,47.506353,19.086598,0,2025-08,streetview
data/images/budapest/47.506353_19.086598_h90.jpg,budapest,47.506353,19.086598,90,2025-08,streetview
data/images/budapest/47.506353_19.086598_h180.jpg,budapest,47.506353,19.086598,180,2025-08,streetview
data/images/budapest/47.506353_19.086598_h270.jpg,budapest,47.506353,19.086598,270,2025-08,streetview
data/images/budapest/47.537614_19.053112_h0.jpg,budapest,47.537614,19.053112,0,2025-09,streetview
data/images/budapest/47.537614_19.053112_h90.jpg,budapest,47.537614,19.053112,90,2025-09,streetview
data/images/budapest/47.537614_19.053112_h180.jpg,budapest,47.537614,19.053112,180,2025-09,streetview
data/images/budapest/47.537614_19.053112_h270.jpg,budapest,47.537614,19.053112,270,2025-09,streetview
data/images/budapest/47.472936_19.029137_h0.jpg,budapest,47.472936,19.029137,0,2024-07,streetview
data/images/budapest/47.472936_19.029137_h90.jpg,budapest,47.472936,19.029137,90,2024-07,streetview
data/images/budapest/47.472936_19.029137_h180.jpg,budapest,47.472936,19.029137,180,2024-07,streetview
data/images/budapest/47.472936_19.029137_h270.jpg,budapest,47.472936,19.029137,270,2024-07,streetview
data/images/budapest/47.526834_19.075453_h0.jpg,budapest,47.526834,19.075453,0,2020-08,streetview
data/images/budapest/47.526834_19.075453_h90.jpg,budapest,47.526834,19.075453,90,2020-08,streetview
data/images/budapest/47.526834_19.075453_h180.jpg,budapest,47.526834,19.075453,180,2020-08,streetview
data/images/budapest/47.526834_19.075453_h270.jpg,budapest,47.526834,19.075453,270,2020-08,streetview
data/images/budapest/47.467546_19.076974_h0.jpg,budapest,47.467546,19.076974,0,2019-09,streetview
data/images/budapest/47.467546_19.076974_h90.jpg,budapest,47.467546,19.076974,90,2019-09,streetview
data/images/budapest/47.467546_19.076974_h180.jpg,budapest,47.467546,19.076974,180,2019-09,streetview
data/images/budapest/47.467546_19.076974_h270.jpg,budapest,47.467546,19.076974,270,2019-09,streetview
data/images/budapest/47.507431_19.033937_h0.jpg,budapest,47.507431,19.033937,0,2022-05,streetview
data/images/budapest/47.507431_19.033937_h90.jpg,budapest,47.507431,19.033937,90,2022-05,streetview
data/images/budapest/47.507431_19.033937_h180.jpg,budapest,47.507431,19.033937,180,2022-05,streetview
data/images/budapest/47.507431_19.033937_h270.jpg,budapest,47.507431,19.033937,270,2022-05,streetview
data/images/budapest/47.533302_19.097814_h0.jpg,budapest,47.533302,19.097814,0,2025-11,streetview
data/images/budapest/47.533302_19.097814_h90.jpg,budapest,47.533302,19.097814,90,2025-11,streetview
data/images/budapest/47.533302_19.097814_h180.jpg,budapest,47.533302,19.097814,180,2025-11,streetview
data/images/budapest/47.533302_19.097814_h270.jpg,budapest,47.533302,19.097814,270,2025-11,streetview
data/images/budapest/47.47617_19.030733_h0.jpg,budapest,47.47617,19.030733,0,2025-09,streetview
data/images/budapest/47.47617_19.030733_h90.jpg,budapest,47.47617,19.030733,90,2025-09,streetview
data/images/budapest/47.47617_19.030733_h180.jpg,budapest,47.47617,19.030733,180,2025-09,streetview
data/images/budapest/47.47617_19.030733_h270.jpg,budapest,47.47617,19.030733,270,2025-09,streetview
data/images/budapest/47.500963_19.022765_h0.jpg,budapest,47.500963,19.022765,0,2024-06,streetview
data/images/budapest/47.500963_19.022765_h90.jpg,budapest,47.500963,19.022765,90,2024-06,streetview
data/images/budapest/47.500963_19.022765_h180.jpg,budapest,47.500963,19.022765,180,2024-06,streetview
data/images/budapest/47.500963_19.022765_h270.jpg,budapest,47.500963,19.022765,270,2024-06,streetview
data/images/budapest/47.491261_19.067432_h0.jpg,budapest,47.491261,19.067432,0,2025-08,streetview
data/images/budapest/47.491261_19.067432_h90.jpg,budapest,47.491261,19.067432,90,2025-08,streetview
data/images/budapest/47.491261_19.067432_h180.jpg,budapest,47.491261,19.067432,180,2025-08,streetview
data/images/budapest/47.491261_19.067432_h270.jpg,budapest,47.491261,19.067432,270,2025-08,streetview
data/images/budapest/47.503119_19.084998_h0.jpg,budapest,47.503119,19.084998,0,2024-04,streetview
data/images/budapest/47.503119_19.084998_h90.jpg,budapest,47.503119,19.084998,90,2024-04,streetview
data/images/budapest/47.503119_19.084998_h180.jpg,budapest,47.503119,19.084998,180,2024-04,streetview
data/images/budapest/47.503119_19.084998_h270.jpg,budapest,47.503119,19.084998,270,2024-04,streetview
data/images/budapest/47.488027_19.065833_h0.jpg,budapest,47.488027,19.065833,0,2025-08,streetview
data/images/budapest/47.488027_19.065833_h90.jpg,budapest,47.488027,19.065833,90,2025-08,streetview
data/images/budapest/47.488027_19.065833_h180.jpg,budapest,47.488027,19.065833,180,2025-08,streetview
data/images/budapest/47.488027_19.065833_h270.jpg,budapest,47.488027,19.065833,270,2025-08,streetview
data/images/budapest/47.527912_19.072262_h0.jpg,budapest,47.527912,19.072262,0,2025-08,streetview
data/images/budapest/47.527912_19.072262_h90.jpg,budapest,47.527912,19.072262,90,2025-08,streetview
data/images/budapest/47.527912_19.072262_h180.jpg,budapest,47.527912,19.072262,180,2025-08,streetview
data/images/budapest/47.527912_19.072262_h270.jpg,budapest,47.527912,19.072262,270,2025-08,streetview
data/images/budapest/47.468624_19.049866_h0.jpg,budapest,47.468624,19.049866,0,2024-06,streetview
data/images/budapest/47.468624_19.049866_h90.jpg,budapest,47.468624,19.049866,90,2024-06,streetview
data/images/budapest/47.468624_19.049866_h180.jpg,budapest,47.468624,19.049866,180,2024-06,streetview
data/images/budapest/47.468624_19.049866_h270.jpg,budapest,47.468624,19.049866,270,2024-06,streetview
data/images/budapest/47.468624_19.073786_h0.jpg,budapest,47.468624,19.073786,0,2025-09,streetview
data/images/budapest/47.468624_19.073786_h90.jpg,budapest,47.468624,19.073786,90,2025-09,streetview
data/images/budapest/47.468624_19.073786_h180.jpg,budapest,47.468624,19.073786,180,2025-09,streetview
data/images/budapest/47.468624_19.073786_h270.jpg,budapest,47.468624,19.073786,270,2025-09,streetview
data/images/budapest/47.525756_19.088223_h0.jpg,budapest,47.525756,19.088223,0,2025-08,streetview
data/images/budapest/47.525756_19.088223_h90.jpg,budapest,47.525756,19.088223,90,2025-08,streetview
data/images/budapest/47.525756_19.088223_h180.jpg,budapest,47.525756,19.088223,180,2025-08,streetview
data/images/budapest/47.525756_19.088223_h270.jpg,budapest,47.525756,19.088223,270,2025-08,streetview
data/images/budapest/47.474014_19.01_h0.jpg,budapest,47.474014,19.01,0,2021-10,streetview
data/images/budapest/47.474014_19.01_h90.jpg,budapest,47.474014,19.01,90,2021-10,streetview
data/images/budapest/47.474014_19.01_h180.jpg,budapest,47.474014,19.01,180,2021-10,streetview
data/images/budapest/47.474014_19.01_h270.jpg,budapest,47.474014,19.01,270,2021-10,streetview
data/images/budapest/47.485871_19.014786_h0.jpg,budapest,47.485871,19.014786,0,2022-04,streetview
data/images/budapest/47.485871_19.014786_h90.jpg,budapest,47.485871,19.014786,90,2022-04,streetview
data/images/budapest/47.485871_19.014786_h180.jpg,budapest,47.485871,19.014786,180,2022-04,streetview
data/images/budapest/47.485871_19.014786_h270.jpg,budapest,47.485871,19.014786,270,2022-04,streetview
data/images/budapest/47.485871_19.016381_h0.jpg,budapest,47.485871,19.016381,0,2022-04,streetview
data/images/budapest/47.485871_19.016381_h90.jpg,budapest,47.485871,19.016381,90,2022-04,streetview
data/images/budapest/47.485871_19.016381_h180.jpg,budapest,47.485871,19.016381,180,2022-04,streetview
data/images/budapest/47.485871_19.016381_h270.jpg,budapest,47.485871,19.016381,270,2022-04,streetview
data/images/budapest/47.489105_19.032334_h0.jpg,budapest,47.489105,19.032334,0,2024-06,streetview
data/images/budapest/47.489105_19.032334_h90.jpg,budapest,47.489105,19.032334,90,2024-06,streetview
data/images/budapest/47.489105_19.032334_h180.jpg,budapest,47.489105,19.032334,180,2024-06,streetview
data/images/budapest/47.489105_19.032334_h270.jpg,budapest,47.489105,19.032334,270,2024-06,streetview
data/images/budapest/47.474014_19.081767_h0.jpg,budapest,47.474014,19.081767,0,2024-05,streetview
data/images/budapest/47.474014_19.081767_h90.jpg,budapest,47.474014,19.081767,90,2024-05,streetview
data/images/budapest/47.474014_19.081767_h180.jpg,budapest,47.474014,19.081767,180,2024-05,streetview
data/images/budapest/47.474014_19.081767_h270.jpg,budapest,47.474014,19.081767,270,2024-05,streetview
data/images/budapest/47.531146_19.067476_h0.jpg,budapest,47.531146,19.067476,0,2025-08,streetview
data/images/budapest/47.531146_19.067476_h90.jpg,budapest,47.531146,19.067476,90,2025-08,streetview
data/images/budapest/47.531146_19.067476_h180.jpg,budapest,47.531146,19.067476,180,2025-08,streetview
data/images/budapest/47.531146_19.067476_h270.jpg,budapest,47.531146,19.067476,270,2025-08,streetview
data/images/budapest/47.483715_19.065829_h0.jpg,budapest,47.483715,19.065829,0,2024-06,streetview
data/images/budapest/47.483715_19.065829_h90.jpg,budapest,47.483715,19.065829,90,2024-06,streetview
data/images/budapest/47.483715_19.065829_h180.jpg,budapest,47.483715,19.065829,180,2024-06,streetview
data/images/budapest/47.483715_19.065829_h270.jpg,budapest,47.483715,19.065829,270,2024-06,streetview
data/images/budapest/47.46_19.01_h0.jpg,budapest,47.46,19.01,0,2025-09,streetview
data/images/budapest/47.46_19.01_h90.jpg,budapest,47.46,19.01,90,2025-09,streetview
data/images/budapest/47.46_19.01_h180.jpg,budapest,47.46,19.01,180,2025-09,streetview
data/images/budapest/47.46_19.01_h270.jpg,budapest,47.46,19.01,270,2025-09,streetview
data/images/budapest/47.498807_19.022765_h0.jpg,budapest,47.498807,19.022765,0,2024-06,streetview
data/images/budapest/47.498807_19.022765_h90.jpg,budapest,47.498807,19.022765,90,2024-06,streetview
data/images/budapest/47.498807_19.022765_h180.jpg,budapest,47.498807,19.022765,180,2024-06,streetview
data/images/budapest/47.498807_19.022765_h270.jpg,budapest,47.498807,19.022765,270,2024-06,streetview
data/images/budapest/47.461078_19.081749_h0.jpg,budapest,47.461078,19.081749,0,2025-08,streetview
data/images/budapest/47.461078_19.081749_h90.jpg,budapest,47.461078,19.081749,90,2025-08,streetview
data/images/budapest/47.461078_19.081749_h180.jpg,budapest,47.461078,19.081749,180,2025-08,streetview
data/images/budapest/47.461078_19.081749_h270.jpg,budapest,47.461078,19.081749,270,2025-08,streetview
data/images/budapest/47.496651_19.016382_h0.jpg,budapest,47.496651,19.016382,0,2025-09,streetview
data/images/budapest/47.496651_19.016382_h90.jpg,budapest,47.496651,19.016382,90,2025-09,streetview
data/images/budapest/47.496651_19.016382_h180.jpg,budapest,47.496651,19.016382,180,2025-09,streetview
data/images/budapest/47.496651_19.016382_h270.jpg,budapest,47.496651,19.016382,270,2025-09,streetview
data/images/budapest/47.467546_19.056244_h0.jpg,budapest,47.467546,19.056244,0,2023-04,streetview
data/images/budapest/47.467546_19.056244_h90.jpg,budapest,47.467546,19.056244,90,2023-04,streetview
data/images/budapest/47.467546_19.056244_h180.jpg,budapest,47.467546,19.056244,180,2023-04,streetview
data/images/budapest/47.467546_19.056244_h270.jpg,budapest,47.467546,19.056244,270,2023-04,streetview
data/images/budapest/47.503119_19.046701_h0.jpg,budapest,47.503119,19.046701,0,2018-02,streetview
data/images/budapest/47.503119_19.046701_h90.jpg,budapest,47.503119,19.046701,90,2018-02,streetview
data/images/budapest/47.503119_19.046701_h180.jpg,budapest,47.503119,19.046701,180,2018-02,streetview
data/images/budapest/47.503119_19.046701_h270.jpg,budapest,47.503119,19.046701,270,2018-02,streetview
data/images/budapest/47.524678_19.056294_h0.jpg,budapest,47.524678,19.056294,0,2024-06,streetview
data/images/budapest/47.524678_19.056294_h90.jpg,budapest,47.524678,19.056294,90,2024-06,streetview
data/images/budapest/47.524678_19.056294_h180.jpg,budapest,47.524678,19.056294,180,2024-06,streetview
data/images/budapest/47.524678_19.056294_h270.jpg,budapest,47.524678,19.056294,270,2024-06,streetview
data/images/budapest/47.504197_19.053085_h0.jpg,budapest,47.504197,19.053085,0,2023-01,streetview
data/images/budapest/47.504197_19.053085_h90.jpg,budapest,47.504197,19.053085,90,2023-01,streetview
data/images/budapest/47.504197_19.053085_h180.jpg,budapest,47.504197,19.053085,180,2023-01,streetview
data/images/budapest/47.504197_19.053085_h270.jpg,budapest,47.504197,19.053085,270,2023-01,streetview
data/images/budapest/47.535458_19.080254_h0.jpg,budapest,47.535458,19.080254,0,2018-07,streetview
data/images/budapest/47.535458_19.080254_h90.jpg,budapest,47.535458,19.080254,90,2018-07,streetview
data/images/budapest/47.535458_19.080254_h180.jpg,budapest,47.535458,19.080254,180,2018-07,streetview
data/images/budapest/47.535458_19.080254_h270.jpg,budapest,47.535458,19.080254,270,2018-07,streetview
data/images/budapest/47.507431_19.080216_h0.jpg,budapest,47.507431,19.080216,0,2024-06,streetview
data/images/budapest/47.507431_19.080216_h90.jpg,budapest,47.507431,19.080216,90,2024-06,streetview
data/images/budapest/47.507431_19.080216_h180.jpg,budapest,47.507431,19.080216,180,2024-06,streetview
data/images/budapest/47.507431_19.080216_h270.jpg,budapest,47.507431,19.080216,270,2024-06,streetview
data/images/budapest/47.537614_19.035548_h0.jpg,budapest,47.537614,19.035548,0,2025-09,streetview
data/images/budapest/47.537614_19.035548_h90.jpg,budapest,47.537614,19.035548,90,2025-09,streetview
data/images/budapest/47.537614_19.035548_h180.jpg,budapest,47.537614,19.035548,180,2025-09,streetview
data/images/budapest/47.537614_19.035548_h270.jpg,budapest,47.537614,19.035548,270,2025-09,streetview
data/images/budapest/47.480481_19.02595_h0.jpg,budapest,47.480481,19.02595,0,2025-09,streetview
data/images/budapest/47.480481_19.02595_h90.jpg,budapest,47.480481,19.02595,90,2025-09,streetview
data/images/budapest/47.480481_19.02595_h180.jpg,budapest,47.480481,19.02595,180,2025-09,streetview
data/images/budapest/47.480481_19.02595_h270.jpg,budapest,47.480481,19.02595,270,2025-09,streetview
data/images/budapest/47.47078_19.032326_h0.jpg,budapest,47.47078,19.032326,0,2024-06,streetview
data/images/budapest/47.47078_19.032326_h90.jpg,budapest,47.47078,19.032326,90,2024-06,streetview
data/images/budapest/47.47078_19.032326_h180.jpg,budapest,47.47078,19.032326,180,2024-06,streetview
data/images/budapest/47.47078_19.032326_h270.jpg,budapest,47.47078,19.032326,270,2024-06,streetview
data/images/budapest/47.482637_19.033926_h0.jpg,budapest,47.482637,19.033926,0,2025-09,streetview
data/images/budapest/47.482637_19.033926_h90.jpg,budapest,47.482637,19.033926,90,2025-09,streetview
data/images/budapest/47.482637_19.033926_h180.jpg,budapest,47.482637,19.033926,180,2025-09,streetview
data/images/budapest/47.482637_19.033926_h270.jpg,budapest,47.482637,19.033926,270,2025-09,streetview
data/images/budapest/47.475092_19.072199_h0.jpg,budapest,47.475092,19.072199,0,2022-05,streetview
data/images/budapest/47.475092_19.072199_h90.jpg,budapest,47.475092,19.072199,90,2022-05,streetview
data/images/budapest/47.475092_19.072199_h180.jpg,budapest,47.475092,19.072199,180,2022-05,streetview
data/images/budapest/47.475092_19.072199_h270.jpg,budapest,47.475092,19.072199,270,2022-05,streetview
data/images/budapest/47.532224_19.072267_h0.jpg,budapest,47.532224,19.072267,0,2025-08,streetview
data/images/budapest/47.532224_19.072267_h90.jpg,budapest,47.532224,19.072267,90,2025-08,streetview
data/images/budapest/47.532224_19.072267_h180.jpg,budapest,47.532224,19.072267,180,2025-08,streetview
data/images/budapest/47.532224_19.072267_h270.jpg,budapest,47.532224,19.072267,270,2025-08,streetview
data/images/budapest/47.496651_19.065843_h0.jpg,budapest,47.496651,19.065843,0,2024-06,streetview
data/images/budapest/47.496651_19.065843_h90.jpg,budapest,47.496651,19.065843,90,2024-06,streetview
data/images/budapest/47.496651_19.065843_h180.jpg,budapest,47.496651,19.065843,180,2024-06,streetview
data/images/budapest/47.496651_19.065843_h270.jpg,budapest,47.496651,19.065843,270,2024-06,streetview
data/images/budapest/47.47078_19.033921_h0.jpg,budapest,47.47078,19.033921,0,2022-03,streetview
data/images/budapest/47.47078_19.033921_h90.jpg,budapest,47.47078,19.033921,90,2022-03,streetview
data/images/budapest/47.47078_19.033921_h180.jpg,budapest,47.47078,19.033921,180,2022-03,streetview
data/images/budapest/47.47078_19.033921_h270.jpg,budapest,47.47078,19.033921,270,2022-03,streetview
data/images/budapest/47.486949_19.01319_h0.jpg,budapest,47.486949,19.01319,0,2025-09,streetview
data/images/budapest/47.486949_19.01319_h90.jpg,budapest,47.486949,19.01319,90,2025-09,streetview
data/images/budapest/47.486949_19.01319_h180.jpg,budapest,47.486949,19.01319,180,2025-09,streetview
data/images/budapest/47.486949_19.01319_h270.jpg,budapest,47.486949,19.01319,270,2025-09,streetview
data/images/budapest/47.490183_19.051478_h0.jpg,budapest,47.490183,19.051478,0,2022-08,streetview
data/images/budapest/47.490183_19.051478_h90.jpg,budapest,47.490183,19.051478,90,2022-08,streetview
data/images/budapest/47.490183_19.051478_h180.jpg,budapest,47.490183,19.051478,180,2022-08,streetview
data/images/budapest/47.490183_19.051478_h270.jpg,budapest,47.490183,19.051478,270,2022-08,streetview
data/images/budapest/47.522522_19.033944_h0.jpg,budapest,47.522522,19.033944,0,2025-09,streetview
data/images/budapest/47.522522_19.033944_h90.jpg,budapest,47.522522,19.033944,90,2025-09,streetview
data/images/budapest/47.522522_19.033944_h180.jpg,budapest,47.522522,19.033944,180,2025-09,streetview
data/images/budapest/47.522522_19.033944_h270.jpg,budapest,47.522522,19.033944,270,2025-09,streetview
data/images/budapest/47.509587_19.03713_h0.jpg,budapest,47.509587,19.03713,0,2025-09,streetview
data/images/budapest/47.509587_19.03713_h90.jpg,budapest,47.509587,19.03713,90,2025-09,streetview
data/images/budapest/47.509587_19.03713_h180.jpg,budapest,47.509587,19.03713,180,2025-09,streetview
data/images/budapest/47.509587_19.03713_h270.jpg,budapest,47.509587,19.03713,270,2025-09,streetview
data/images/budapest/47.469702_19.041894_h0.jpg,budapest,47.469702,19.041894,0,2022-03,streetview
data/images/budapest/47.469702_19.041894_h90.jpg,budapest,47.469702,19.041894,90,2022-03,streetview
data/images/budapest/47.469702_19.041894_h180.jpg,budapest,47.469702,19.041894,180,2022-03,streetview
data/images/budapest/47.469702_19.041894_h270.jpg,budapest,47.469702,19.041894,270,2022-03,streetview
data/images/budapest/47.504197_19.056276_h0.jpg,budapest,47.504197,19.056276,0,2021-03,streetview
data/images/budapest/47.504197_19.056276_h90.jpg,budapest,47.504197,19.056276,90,2021-03,streetview
data/images/budapest/47.504197_19.056276_h180.jpg,budapest,47.504197,19.056276,180,2021-03,streetview
data/images/budapest/47.504197_19.056276_h270.jpg,budapest,47.504197,19.056276,270,2021-03,streetview
data/images/budapest/47.509587_19.021171_h0.jpg,budapest,47.509587,19.021171,0,2024-06,streetview
data/images/budapest/47.509587_19.021171_h90.jpg,budapest,47.509587,19.021171,90,2024-06,streetview
data/images/budapest/47.509587_19.021171_h180.jpg,budapest,47.509587,19.021171,180,2024-06,streetview
data/images/budapest/47.509587_19.021171_h270.jpg,budapest,47.509587,19.021171,270,2024-06,streetview
data/images/budapest/47.482637_19.014785_h0.jpg,budapest,47.482637,19.014785,0,2019-07,streetview
data/images/budapest/47.482637_19.014785_h90.jpg,budapest,47.482637,19.014785,90,2019-07,streetview
data/images/budapest/47.482637_19.014785_h180.jpg,budapest,47.482637,19.014785,180,2019-07,streetview
data/images/budapest/47.482637_19.014785_h270.jpg,budapest,47.482637,19.014785,270,2019-07,streetview
data/images/budapest/47.517133_19.022769_h0.jpg,budapest,47.517133,19.022769,0,2025-09,streetview
data/images/budapest/47.517133_19.022769_h90.jpg,budapest,47.517133,19.022769,90,2025-09,streetview
data/images/budapest/47.517133_19.022769_h180.jpg,budapest,47.517133,19.022769,180,2025-09,streetview
data/images/budapest/47.517133_19.022769_h270.jpg,budapest,47.517133,19.022769,270,2025-09,streetview
data/images/budapest/47.46_19.025944_h0.jpg,budapest,47.46,19.025944,0,2024-06,streetview
data/images/budapest/47.46_19.025944_h90.jpg,budapest,47.46,19.025944,90,2024-06,streetview
data/images/budapest/47.46_19.025944_h180.jpg,budapest,47.46,19.025944,180,2024-06,streetview
data/images/budapest/47.46_19.025944_h270.jpg,budapest,47.46,19.025944,270,2024-06,streetview
data/images/budapest/47.526834_19.067471_h0.jpg,budapest,47.526834,19.067471,0,2025-08,streetview
data/images/budapest/47.526834_19.067471_h90.jpg,budapest,47.526834,19.067471,90,2025-08,streetview
data/images/budapest/47.526834_19.067471_h180.jpg,budapest,47.526834,19.067471,180,2025-08,streetview
data/images/budapest/47.526834_19.067471_h270.jpg,budapest,47.526834,19.067471,270,2025-08,streetview
data/images/budapest/47.481559_19.065826_h0.jpg,budapest,47.481559,19.065826,0,2024-06,streetview
data/images/budapest/47.481559_19.065826_h90.jpg,budapest,47.481559,19.065826,90,2024-06,streetview
data/images/budapest/47.481559_19.065826_h180.jpg,budapest,47.481559,19.065826,180,2024-06,streetview
data/images/budapest/47.481559_19.065826_h270.jpg,budapest,47.481559,19.065826,270,2024-06,streetview
data/images/budapest/47.474014_19.01319_h0.jpg,budapest,47.474014,19.01319,0,2022-04,streetview
data/images/budapest/47.474014_19.01319_h90.jpg,budapest,47.474014,19.01319,90,2022-04,streetview
data/images/budapest/47.474014_19.01319_h180.jpg,budapest,47.474014,19.01319,180,2022-04,streetview
data/images/budapest/47.474014_19.01319_h270.jpg,budapest,47.474014,19.01319,270,2022-04,streetview
data/images/budapest/47.475092_19.056251_h0.jpg,budapest,47.475092,19.056251,0,2025-09,streetview
data/images/budapest/47.475092_19.056251_h90.jpg,budapest,47.475092,19.056251,90,2025-09,streetview
data/images/budapest/47.475092_19.056251_h180.jpg,budapest,47.475092,19.056251,180,2025-09,streetview
data/images/budapest/47.475092_19.056251_h270.jpg,budapest,47.475092,19.056251,270,2025-09,streetview
data/images/budapest/47.482637_19.065828_h0.jpg,budapest,47.482637,19.065828,0,2019-08,streetview
data/images/budapest/47.482637_19.065828_h90.jpg,budapest,47.482637,19.065828,90,2019-08,streetview
data/images/budapest/47.482637_19.065828_h180.jpg,budapest,47.482637,19.065828,180,2019-08,streetview
data/images/budapest/47.482637_19.065828_h270.jpg,budapest,47.482637,19.065828,270,2019-08,streetview
data/images/budapest/47.468624_19.048272_h0.jpg,budapest,47.468624,19.048272,0,2025-09,streetview
data/images/budapest/47.468624_19.048272_h90.jpg,budapest,47.468624,19.048272,90,2025-09,streetview
data/images/budapest/47.468624_19.048272_h180.jpg,budapest,47.468624,19.048272,180,2025-09,streetview
data/images/budapest/47.468624_19.048272_h270.jpg,budapest,47.468624,19.048272,270,2025-09,streetview
data/images/budapest/47.504197_19.025957_h0.jpg,budapest,47.504197,19.025957,0,2025-09,streetview
data/images/budapest/47.504197_19.025957_h90.jpg,budapest,47.504197,19.025957,90,2025-09,streetview
data/images/budapest/47.504197_19.025957_h180.jpg,budapest,47.504197,19.025957,180,2025-09,streetview
data/images/budapest/47.504197_19.025957_h270.jpg,budapest,47.504197,19.025957,270,2025-09,streetview
data/images/budapest/47.46_19.030727_h0.jpg,budapest,47.46,19.030727,0,2025-09,streetview
data/images/budapest/47.46_19.030727_h90.jpg,budapest,47.46,19.030727,90,2025-09,streetview
data/images/budapest/47.46_19.030727_h180.jpg,budapest,47.46,19.030727,180,2025-09,streetview
data/images/budapest/47.46_19.030727_h270.jpg,budapest,47.46,19.030727,270,2025-09,streetview
data/images/budapest/47.531146_19.089827_h0.jpg,budapest,47.531146,19.089827,0,2025-08,streetview
data/images/budapest/47.531146_19.089827_h90.jpg,budapest,47.531146,19.089827,90,2025-08,streetview
data/images/budapest/47.531146_19.089827_h180.jpg,budapest,47.531146,19.089827,180,2025-08,streetview
data/images/budapest/47.531146_19.089827_h270.jpg,budapest,47.531146,19.089827,270,2025-08,streetview
data/images/budapest/47.520367_19.077041_h0.jpg,budapest,47.520367,19.077041,0,2024-06,streetview
data/images/budapest/47.520367_19.077041_h90.jpg,budapest,47.520367,19.077041,90,2024-06,streetview
data/images/budapest/47.520367_19.077041_h180.jpg,budapest,47.520367,19.077041,180,2024-06,streetview
data/images/budapest/47.520367_19.077041_h270.jpg,budapest,47.520367,19.077041,270,2024-06,streetview
data/images/budapest/47.477248_19.035519_h0.jpg,budapest,47.477248,19.035519,0,2024-06,streetview
data/images/budapest/47.477248_19.035519_h90.jpg,budapest,47.477248,19.035519,90,2024-06,streetview
data/images/budapest/47.477248_19.035519_h180.jpg,budapest,47.477248,19.035519,180,2024-06,streetview
data/images/budapest/47.477248_19.035519_h270.jpg,budapest,47.477248,19.035519,270,2024-06,streetview
data/images/budapest/47.493417_19.078602_h0.jpg,budapest,47.493417,19.078602,0,2025-08,streetview
data/images/budapest/47.493417_19.078602_h90.jpg,budapest,47.493417,19.078602,90,2025-08,streetview
data/images/budapest/47.493417_19.078602_h180.jpg,budapest,47.493417,19.078602,180,2025-08,streetview
data/images/budapest/47.493417_19.078602_h270.jpg,budapest,47.493417,19.078602,270,2025-08,streetview
data/images/budapest/47.511743_19.069051_h0.jpg,budapest,47.511743,19.069051,0,2024-06,streetview
data/images/budapest/47.511743_19.069051_h90.jpg,budapest,47.511743,19.069051,90,2024-06,streetview
data/images/budapest/47.511743_19.069051_h180.jpg,budapest,47.511743,19.069051,180,2024-06,streetview
data/images/budapest/47.511743_19.069051_h270.jpg,budapest,47.511743,19.069051,270,2024-06,streetview
data/images/budapest/47.511743_19.094586_h0.jpg,budapest,47.511743,19.094586,0,2022-09,streetview
data/images/budapest/47.511743_19.094586_h90.jpg,budapest,47.511743,19.094586,90,2022-09,streetview
data/images/budapest/47.511743_19.094586_h180.jpg,budapest,47.511743,19.094586,180,2022-09,streetview
data/images/budapest/47.511743_19.094586_h270.jpg,budapest,47.511743,19.094586,270,2022-09,streetview
data/images/budapest/47.514977_19.033941_h0.jpg,budapest,47.514977,19.033941,0,2025-09,streetview
data/images/budapest/47.514977_19.033941_h90.jpg,budapest,47.514977,19.033941,90,2025-09,streetview
data/images/budapest/47.514977_19.033941_h180.jpg,budapest,47.514977,19.033941,180,2025-09,streetview
data/images/budapest/47.514977_19.033941_h270.jpg,budapest,47.514977,19.033941,270,2025-09,streetview
data/images/budapest/47.495573_19.029146_h0.jpg,budapest,47.495573,19.029146,0,2024-06,streetview
data/images/budapest/47.495573_19.029146_h90.jpg,budapest,47.495573,19.029146,90,2024-06,streetview
data/images/budapest/47.495573_19.029146_h180.jpg,budapest,47.495573,19.029146,180,2024-06,streetview
data/images/budapest/47.495573_19.029146_h270.jpg,budapest,47.495573,19.029146,270,2024-06,streetview
data/images/budapest/47.489105_19.054668_h0.jpg,budapest,47.489105,19.054668,0,2025-09,streetview
data/images/budapest/47.489105_19.054668_h90.jpg,budapest,47.489105,19.054668,90,2025-09,streetview
data/images/budapest/47.489105_19.054668_h180.jpg,budapest,47.489105,19.054668,180,2025-09,streetview
data/images/budapest/47.489105_19.054668_h270.jpg,budapest,47.489105,19.054668,270,2025-09,streetview
data/images/budapest/47.510665_19.059474_h0.jpg,budapest,47.510665,19.059474,0,2018-05,streetview
data/images/budapest/47.510665_19.059474_h90.jpg,budapest,47.510665,19.059474,90,2018-05,streetview
data/images/budapest/47.510665_19.059474_h180.jpg,budapest,47.510665,19.059474,180,2018-05,streetview
data/images/budapest/47.510665_19.059474_h270.jpg,budapest,47.510665,19.059474,270,2018-05,streetview
data/images/budapest/47.507431_19.059471_h0.jpg,budapest,47.507431,19.059471,0,2022-01,streetview
data/images/budapest/47.507431_19.059471_h90.jpg,budapest,47.507431,19.059471,90,2022-01,streetview
data/images/budapest/47.507431_19.059471_h180.jpg,budapest,47.507431,19.059471,180,2022-01,streetview
data/images/budapest/47.507431_19.059471_h270.jpg,budapest,47.507431,19.059471,270,2022-01,streetview
data/images/budapest/47.474014_19.024353_h0.jpg,budapest,47.474014,19.024353,0,2024-07,streetview
data/images/budapest/47.474014_19.024353_h90.jpg,budapest,47.474014,19.024353,90,2024-07,streetview
data/images/budapest/47.474014_19.024353_h180.jpg,budapest,47.474014,19.024353,180,2024-07,streetview
data/images/budapest/47.474014_19.024353_h270.jpg,budapest,47.474014,19.024353,270,2024-07,streetview
data/images/budapest/47.526834_19.030753_h0.jpg,budapest,47.526834,19.030753,0,2024-07,streetview
data/images/budapest/47.526834_19.030753_h90.jpg,budapest,47.526834,19.030753,90,2024-07,streetview
data/images/budapest/47.526834_19.030753_h180.jpg,budapest,47.526834,19.030753,180,2024-07,streetview
data/images/budapest/47.526834_19.030753_h270.jpg,budapest,47.526834,19.030753,270,2024-07,streetview
data/images/budapest/47.536536_19.025967_h0.jpg,budapest,47.536536,19.025967,0,2024-06,streetview
data/images/budapest/47.536536_19.025967_h90.jpg,budapest,47.536536,19.025967,90,2024-06,streetview
data/images/budapest/47.536536_19.025967_h180.jpg,budapest,47.536536,19.025967,180,2024-06,streetview
data/images/budapest/47.536536_19.025967_h270.jpg,budapest,47.536536,19.025967,270,2024-06,streetview
data/images/budapest/47.521444_19.038733_h0.jpg,budapest,47.521444,19.038733,0,2025-09,streetview
data/images/budapest/47.521444_19.038733_h90.jpg,budapest,47.521444,19.038733,90,2025-09,streetview
data/images/budapest/47.521444_19.038733_h180.jpg,budapest,47.521444,19.038733,180,2025-09,streetview
data/images/budapest/47.521444_19.038733_h270.jpg,budapest,47.521444,19.038733,270,2025-09,streetview
data/images/budapest/47.485871_19.069021_h0.jpg,budapest,47.485871,19.069021,0,2024-08,streetview
data/images/budapest/47.485871_19.069021_h90.jpg,budapest,47.485871,19.069021,90,2024-08,streetview
data/images/budapest/47.485871_19.069021_h180.jpg,budapest,47.485871,19.069021,180,2024-08,streetview
data/images/budapest/47.485871_19.069021_h270.jpg,budapest,47.485871,19.069021,270,2024-08,streetview
data/images/budapest/47.513899_19.030748_h0.jpg,budapest,47.513899,19.030748,0,2019-07,streetview
data/images/budapest/47.513899_19.030748_h90.jpg,budapest,47.513899,19.030748,90,2019-07,streetview
data/images/budapest/47.513899_19.030748_h180.jpg,budapest,47.513899,19.030748,180,2019-07,streetview
data/images/budapest/47.513899_19.030748_h270.jpg,budapest,47.513899,19.030748,270,2019-07,streetview
data/images/budapest/47.484793_19.048283_h0.jpg,budapest,47.484793,19.048283,0,2022-04,streetview
data/images/budapest/47.484793_19.048283_h90.jpg,budapest,47.484793,19.048283,90,2022-04,streetview
data/images/budapest/47.484793_19.048283_h180.jpg,budapest,47.484793,19.048283,180,2022-04,streetview
data/images/budapest/47.484793_19.048283_h270.jpg,budapest,47.484793,19.048283,270,2022-04,streetview
data/images/budapest/47.516055_19.072248_h0.jpg,budapest,47.516055,19.072248,0,2024-06,streetview
data/images/budapest/47.516055_19.072248_h90.jpg,budapest,47.516055,19.072248,90,2024-06,streetview
data/images/budapest/47.516055_19.072248_h180.jpg,budapest,47.516055,19.072248,180,2024-06,streetview
data/images/budapest/47.516055_19.072248_h270.jpg,budapest,47.516055,19.072248,270,2024-06,streetview
data/images/budapest/47.468624_19.086543_h0.jpg,budapest,47.468624,19.086543,0,2024-05,streetview
data/images/budapest/47.468624_19.086543_h90.jpg,budapest,47.468624,19.086543,90,2024-05,streetview
data/images/budapest/47.468624_19.086543_h180.jpg,budapest,47.468624,19.086543,180,2024-05,streetview
data/images/budapest/47.468624_19.086543_h270.jpg,budapest,47.468624,19.086543,270,2024-05,streetview
data/images/budapest/47.484793_19.038713_h0.jpg,budapest,47.484793,19.038713,0,2024-06,streetview
data/images/budapest/47.484793_19.038713_h90.jpg,budapest,47.484793,19.038713,90,2024-06,streetview
data/images/budapest/47.484793_19.038713_h180.jpg,budapest,47.484793,19.038713,180,2024-06,streetview
data/images/budapest/47.484793_19.038713_h270.jpg,budapest,47.484793,19.038713,270,2024-06,streetview
data/images/budapest/47.535458_19.032354_h0.jpg,budapest,47.535458,19.032354,0,2022-03,streetview
data/images/budapest/47.535458_19.032354_h90.jpg,budapest,47.535458,19.032354,90,2022-03,streetview
data/images/budapest/47.535458_19.032354_h180.jpg,budapest,47.535458,19.032354,180,2022-03,streetview
data/images/budapest/47.535458_19.032354_h270.jpg,budapest,47.535458,19.032354,270,2022-03,streetview
data/images/budapest/47.533302_19.081848_h0.jpg,budapest,47.533302,19.081848,0,2025-08,streetview
data/images/budapest/47.533302_19.081848_h90.jpg,budapest,47.533302,19.081848,90,2025-08,streetview
data/images/budapest/47.533302_19.081848_h180.jpg,budapest,47.533302,19.081848,180,2025-08,streetview
data/images/budapest/47.533302_19.081848_h270.jpg,budapest,47.533302,19.081848,270,2025-08,streetview
data/images/budapest/47.494495_19.084985_h0.jpg,budapest,47.494495,19.084985,0,2022-08,streetview
data/images/budapest/47.494495_19.084985_h90.jpg,budapest,47.494495,19.084985,90,2022-08,streetview
data/images/budapest/47.494495_19.084985_h180.jpg,budapest,47.494495,19.084985,180,2022-08,streetview
data/images/budapest/47.494495_19.084985_h270.jpg,budapest,47.494495,19.084985,270,2022-08,streetview
data/images/budapest/47.479404_19.033925_h0.jpg,budapest,47.479404,19.033925,0,2025-09,streetview
data/images/budapest/47.479404_19.033925_h90.jpg,budapest,47.479404,19.033925,90,2025-09,streetview
data/images/budapest/47.479404_19.033925_h180.jpg,budapest,47.479404,19.033925,180,2025-09,streetview
data/images/budapest/47.479404_19.033925_h270.jpg,budapest,47.479404,19.033925,270,2025-09,streetview
data/images/budapest/47.504197_19.072233_h0.jpg,budapest,47.504197,19.072233,0,2025-08,streetview
data/images/budapest/47.504197_19.072233_h90.jpg,budapest,47.504197,19.072233,90,2025-08,streetview
data/images/budapest/47.504197_19.072233_h180.jpg,budapest,47.504197,19.072233,180,2025-08,streetview
data/images/budapest/47.504197_19.072233_h270.jpg,budapest,47.504197,19.072233,270,2025-08,streetview
data/images/budapest/47.508509_19.046705_h0.jpg,budapest,47.508509,19.046705,0,2024-07,streetview
data/images/budapest/47.508509_19.046705_h90.jpg,budapest,47.508509,19.046705,90,2024-07,streetview
data/images/budapest/47.508509_19.046705_h180.jpg,budapest,47.508509,19.046705,180,2024-07,streetview
data/images/budapest/47.508509_19.046705_h270.jpg,budapest,47.508509,19.046705,270,2024-07,streetview
data/images/budapest/47.504197_19.030744_h0.jpg,budapest,47.504197,19.030744,0,2024-04,streetview
data/images/budapest/47.504197_19.030744_h90.jpg,budapest,47.504197,19.030744,90,2024-04,streetview
data/images/budapest/47.504197_19.030744_h180.jpg,budapest,47.504197,19.030744,180,2024-04,streetview
data/images/budapest/47.504197_19.030744_h270.jpg,budapest,47.504197,19.030744,270,2024-04,streetview
data/images/budapest/47.519289_19.027558_h0.jpg,budapest,47.519289,19.027558,0,2025-09,streetview
data/images/budapest/47.519289_19.027558_h90.jpg,budapest,47.519289,19.027558,90,2025-09,streetview
data/images/budapest/47.519289_19.027558_h180.jpg,budapest,47.519289,19.027558,180,2025-09,streetview
data/images/budapest/47.519289_19.027558_h270.jpg,budapest,47.519289,19.027558,270,2025-09,streetview
data/images/budapest/47.526834_19.037139_h0.jpg,budapest,47.526834,19.037139,0,2025-09,streetview
data/images/budapest/47.526834_19.037139_h90.jpg,budapest,47.526834,19.037139,90,2025-09,streetview
data/images/budapest/47.526834_19.037139_h180.jpg,budapest,47.526834,19.037139,180,2025-09,streetview
data/images/budapest/47.526834_19.037139_h270.jpg,budapest,47.526834,19.037139,270,2025-09,streetview
data/images/budapest/47.468624_19.013189_h0.jpg,budapest,47.468624,19.013189,0,2025-09,streetview
data/images/budapest/47.468624_19.013189_h90.jpg,budapest,47.468624,19.013189,90,2025-09,streetview
data/images/budapest/47.468624_19.013189_h180.jpg,budapest,47.468624,19.013189,180,2025-09,streetview
data/images/budapest/47.468624_19.013189_h270.jpg,budapest,47.468624,19.013189,270,2025-09,streetview
data/images/budapest/47.519289_19.01_h0.jpg,budapest,47.519289,19.01,0,2025-09,streetview
data/images/budapest/47.519289_19.01_h90.jpg,budapest,47.519289,19.01,90,2025-09,streetview
data/images/budapest/47.519289_19.01_h180.jpg,budapest,47.519289,19.01,180,2025-09,streetview
data/images/budapest/47.519289_19.01_h270.jpg,budapest,47.519289,19.01,270,2025-09,streetview
data/images/budapest/47.506353_19.054682_h0.jpg,budapest,47.506353,19.054682,0,2025-09,streetview
data/images/budapest/47.506353_19.054682_h90.jpg,budapest,47.506353,19.054682,90,2025-09,streetview
data/images/budapest/47.506353_19.054682_h180.jpg,budapest,47.506353,19.054682,180,2025-09,streetview
data/images/budapest/47.506353_19.054682_h270.jpg,budapest,47.506353,19.054682,270,2025-09,streetview
data/images/budapest/47.533302_19.086638_h0.jpg,budapest,47.533302,19.086638,0,2020-03,streetview
data/images/budapest/47.533302_19.086638_h90.jpg,budapest,47.533302,19.086638,90,2020-03,streetview
data/images/budapest/47.533302_19.086638_h180.jpg,budapest,47.533302,19.086638,180,2020-03,streetview
data/images/budapest/47.533302_19.086638_h270.jpg,budapest,47.533302,19.086638,270,2020-03,streetview
data/images/budapest/47.492339_19.035526_h0.jpg,budapest,47.492339,19.035526,0,2025-09,streetview
data/images/budapest/47.492339_19.035526_h90.jpg,budapest,47.492339,19.035526,90,2025-09,streetview
data/images/budapest/47.492339_19.035526_h180.jpg,budapest,47.492339,19.035526,180,2025-09,streetview
data/images/budapest/47.492339_19.035526_h270.jpg,budapest,47.492339,19.035526,270,2025-09,streetview
data/images/budapest/47.499885_19.094567_h0.jpg,budapest,47.499885,19.094567,0,2025-09,streetview
data/images/budapest/47.499885_19.094567_h90.jpg,budapest,47.499885,19.094567,90,2025-09,streetview
data/images/budapest/47.499885_19.094567_h180.jpg,budapest,47.499885,19.094567,180,2025-09,streetview
data/images/budapest/47.499885_19.094567_h270.jpg,budapest,47.499885,19.094567,270,2025-09,streetview
data/images/budapest/47.46539_19.08016_h0.jpg,budapest,47.46539,19.08016,0,2025-08,streetview
data/images/budapest/47.46539_19.08016_h90.jpg,budapest,47.46539,19.08016,90,2025-08,streetview
data/images/budapest/47.46539_19.08016_h180.jpg,budapest,47.46539,19.08016,180,2025-08,streetview
data/images/budapest/47.46539_19.08016_h270.jpg,budapest,47.46539,19.08016,270,2025-08,streetview
data/images/budapest/47.538692_19.033952_h0.jpg,budapest,47.538692,19.033952,0,2024-10,streetview
data/images/budapest/47.538692_19.033952_h90.jpg,budapest,47.538692,19.033952,90,2024-10,streetview
data/images/budapest/47.538692_19.033952_h180.jpg,budapest,47.538692,19.033952,180,2024-10,streetview
data/images/budapest/47.538692_19.033952_h270.jpg,budapest,47.538692,19.033952,270,2024-10,streetview
data/images/budapest/47.480481_19.03552_h0.jpg,budapest,47.480481,19.03552,0,2025-09,streetview
data/images/budapest/47.480481_19.03552_h90.jpg,budapest,47.480481,19.03552,90,2025-09,streetview
data/images/budapest/47.480481_19.03552_h180.jpg,budapest,47.480481,19.03552,180,2025-09,streetview
data/images/budapest/47.480481_19.03552_h270.jpg,budapest,47.480481,19.03552,270,2025-09,streetview
data/images/budapest/47.525756_19.035542_h0.jpg,budapest,47.525756,19.035542,0,2025-09,streetview
data/images/budapest/47.525756_19.035542_h90.jpg,budapest,47.525756,19.035542,90,2025-09,streetview
data/images/budapest/47.525756_19.035542_h180.jpg,budapest,47.525756,19.035542,180,2025-09,streetview
data/images/budapest/47.525756_19.035542_h270.jpg,budapest,47.525756,19.035542,270,2025-09,streetview
data/images/budapest/47.510665_19.035535_h0.jpg,budapest,47.510665,19.035535,0,2022-05,streetview
data/images/budapest/47.510665_19.035535_h90.jpg,budapest,47.510665,19.035535,90,2022-05,streetview
data/images/budapest/47.510665_19.035535_h180.jpg,budapest,47.510665,19.035535,180,2022-05,streetview
data/images/budapest/47.510665_19.035535_h270.jpg,budapest,47.510665,19.035535,270,2022-05,streetview
data/images/budapest/47.504197_19.067446_h0.jpg,budapest,47.504197,19.067446,0,2019-06,streetview
data/images/budapest/47.504197_19.067446_h90.jpg,budapest,47.504197,19.067446,90,2019-06,streetview
data/images/budapest/47.504197_19.067446_h180.jpg,budapest,47.504197,19.067446,180,2019-06,streetview
data/images/budapest/47.504197_19.067446_h270.jpg,budapest,47.504197,19.067446,270,2019-06,streetview
data/images/budapest/47.472936_19.019569_h0.jpg,budapest,47.472936,19.019569,0,2022-04,streetview
data/images/budapest/47.472936_19.019569_h90.jpg,budapest,47.472936,19.019569,90,2022-04,streetview
data/images/budapest/47.472936_19.019569_h180.jpg,budapest,47.472936,19.019569,180,2022-04,streetview
data/images/budapest/47.472936_19.019569_h270.jpg,budapest,47.472936,19.019569,270,2022-04,streetview
data/images/budapest/47.531146_19.011597_h0.jpg,budapest,47.531146,19.011597,0,2024-06,streetview
data/images/budapest/47.531146_19.011597_h90.jpg,budapest,47.531146,19.011597,90,2024-06,streetview
data/images/budapest/47.531146_19.011597_h180.jpg,budapest,47.531146,19.011597,180,2024-06,streetview
data/images/budapest/47.531146_19.011597_h270.jpg,budapest,47.531146,19.011597,270,2024-06,streetview
data/images/budapest/47.493417_19.01_h0.jpg,budapest,47.493417,19.01,0,2024-06,streetview
data/images/budapest/47.493417_19.01_h90.jpg,budapest,47.493417,19.01,90,2024-06,streetview
data/images/budapest/47.493417_19.01_h180.jpg,budapest,47.493417,19.01,180,2024-06,streetview
data/images/budapest/47.493417_19.01_h270.jpg,budapest,47.493417,19.01,270,2024-06,streetview
data/images/budapest/47.526834_19.083435_h0.jpg,budapest,47.526834,19.083435,0,2024-06,streetview
data/images/budapest/47.526834_19.083435_h90.jpg,budapest,47.526834,19.083435,90,2024-06,streetview
data/images/budapest/47.526834_19.083435_h180.jpg,budapest,47.526834,19.083435,180,2024-06,streetview
data/images/budapest/47.526834_19.083435_h270.jpg,budapest,47.526834,19.083435,270,2024-06,streetview
data/images/budapest/47.498807_19.077014_h0.jpg,budapest,47.498807,19.077014,0,2024-06,streetview
data/images/budapest/47.498807_19.077014_h90.jpg,budapest,47.498807,19.077014,90,2024-06,streetview
data/images/budapest/47.498807_19.077014_h180.jpg,budapest,47.498807,19.077014,180,2024-06,streetview
data/images/budapest/47.498807_19.077014_h270.jpg,budapest,47.498807,19.077014,270,2024-06,streetview
data/images/budapest/47.472936_19.033922_h0.jpg,budapest,47.472936,19.033922,0,2025-09,streetview
data/images/budapest/47.472936_19.033922_h90.jpg,budapest,47.472936,19.033922,90,2025-09,streetview
data/images/budapest/47.472936_19.033922_h180.jpg,budapest,47.472936,19.033922,180,2025-09,streetview
data/images/budapest/47.472936_19.033922_h270.jpg,budapest,47.472936,19.033922,270,2025-09,streetview
data/images/budapest/47.521444_19.053099_h0.jpg,budapest,47.521444,19.053099,0,2025-09,streetview
data/images/budapest/47.521444_19.053099_h90.jpg,budapest,47.521444,19.053099,90,2025-09,streetview
data/images/budapest/47.521444_19.053099_h180.jpg,budapest,47.521444,19.053099,180,2025-09,streetview
data/images/budapest/47.521444_19.053099_h270.jpg,budapest,47.521444,19.053099,270,2025-09,streetview
data/images/budapest/47.489105_19.083382_h0.jpg,budapest,47.489105,19.083382,0,2025-08,streetview
data/images/budapest/47.489105_19.083382_h90.jpg,budapest,47.489105,19.083382,90,2025-08,streetview
data/images/budapest/47.489105_19.083382_h180.jpg,budapest,47.489105,19.083382,180,2025-08,streetview
data/images/budapest/47.489105_19.083382_h270.jpg,budapest,47.489105,19.083382,270,2025-08,streetview
data/images/budapest/47.493417_19.040313_h0.jpg,budapest,47.493417,19.040313,0,2025-09,streetview
data/images/budapest/47.493417_19.040313_h90.jpg,budapest,47.493417,19.040313,90,2025-09,streetview
data/images/budapest/47.493417_19.040313_h180.jpg,budapest,47.493417,19.040313,180,2025-09,streetview
data/images/budapest/47.493417_19.040313_h270.jpg,budapest,47.493417,19.040313,270,2025-09,streetview
data/images/budapest/47.53977_19.091437_h0.jpg,budapest,47.53977,19.091437,0,2025-08,streetview
data/images/budapest/47.53977_19.091437_h90.jpg,budapest,47.53977,19.091437,90,2025-08,streetview
data/images/budapest/47.53977_19.091437_h180.jpg,budapest,47.53977,19.091437,180,2025-08,streetview
data/images/budapest/47.53977_19.091437_h270.jpg,budapest,47.53977,19.091437,270,2025-08,streetview
data/images/budapest/47.524678_19.070661_h0.jpg,budapest,47.524678,19.070661,0,2025-08,streetview
data/images/budapest/47.524678_19.070661_h90.jpg,budapest,47.524678,19.070661,90,2025-08,streetview
data/images/budapest/47.524678_19.070661_h180.jpg,budapest,47.524678,19.070661,180,2025-08,streetview
data/images/budapest/47.524678_19.070661_h270.jpg,budapest,47.524678,19.070661,270,2025-08,streetview
data/images/budapest/47.471858_19.025947_h0.jpg,budapest,47.471858,19.025947,0,2019-07,streetview
data/images/budapest/47.471858_19.025947_h90.jpg,budapest,47.471858,19.025947,90,2019-07,streetview
data/images/budapest/47.471858_19.025947_h180.jpg,budapest,47.471858,19.025947,180,2019-07,streetview
data/images/budapest/47.471858_19.025947_h270.jpg,budapest,47.471858,19.025947,270,2019-07,streetview
data/images/budapest/47.478326_19.054658_h0.jpg,budapest,47.478326,19.054658,0,2024-06,streetview
data/images/budapest/47.478326_19.054658_h90.jpg,budapest,47.478326,19.054658,90,2024-06,streetview
data/images/budapest/47.478326_19.054658_h180.jpg,budapest,47.478326,19.054658,180,2024-06,streetview
data/images/budapest/47.478326_19.054658_h270.jpg,budapest,47.478326,19.054658,270,2024-06,streetview
data/images/budapest/47.504197_19.046702_h0.jpg,budapest,47.504197,19.046702,0,2025-09,streetview
data/images/budapest/47.504197_19.046702_h90.jpg,budapest,47.504197,19.046702,90,2025-09,streetview
data/images/budapest/47.504197_19.046702_h180.jpg,budapest,47.504197,19.046702,180,2025-09,streetview
data/images/budapest/47.504197_19.046702_h270.jpg,budapest,47.504197,19.046702,270,2025-09,streetview
data/images/budapest/47.525756_19.011596_h0.jpg,budapest,47.525756,19.011596,0,2024-06,streetview
data/images/budapest/47.525756_19.011596_h90.jpg,budapest,47.525756,19.011596,90,2024-06,streetview
data/images/budapest/47.525756_19.011596_h180.jpg,budapest,47.525756,19.011596,180,2024-06,streetview
data/images/budapest/47.525756_19.011596_h270.jpg,budapest,47.525756,19.011596,270,2024-06,streetview
data/images/budapest/47.469702_19.016379_h0.jpg,budapest,47.469702,19.016379,0,2022-04,streetview
data/images/budapest/47.469702_19.016379_h90.jpg,budapest,47.469702,19.016379,90,2022-04,streetview
data/images/budapest/47.469702_19.016379_h180.jpg,budapest,47.469702,19.016379,180,2022-04,streetview
data/images/budapest/47.469702_19.016379_h270.jpg,budapest,47.469702,19.016379,270,2022-04,streetview
data/images/budapest/47.502041_19.072231_h0.jpg,budapest,47.502041,19.072231,0,2025-08,streetview
data/images/budapest/47.502041_19.072231_h90.jpg,budapest,47.502041,19.072231,90,2025-08,streetview
data/images/budapest/47.502041_19.072231_h180.jpg,budapest,47.502041,19.072231,180,2025-08,streetview
data/images/budapest/47.502041_19.072231_h270.jpg,budapest,47.502041,19.072231,270,2025-08,streetview
data/images/budapest/47.516055_19.051498_h0.jpg,budapest,47.516055,19.051498,0,2024-06,streetview
data/images/budapest/47.516055_19.051498_h90.jpg,budapest,47.516055,19.051498,90,2024-06,streetview
data/images/budapest/47.516055_19.051498_h180.jpg,budapest,47.516055,19.051498,180,2024-06,streetview
data/images/budapest/47.516055_19.051498_h270.jpg,budapest,47.516055,19.051498,270,2024-06,streetview
data/images/budapest/47.518211_19.027558_h0.jpg,budapest,47.518211,19.027558,0,2025-09,streetview
data/images/budapest/47.518211_19.027558_h90.jpg,budapest,47.518211,19.027558,90,2025-09,streetview
data/images/budapest/47.518211_19.027558_h180.jpg,budapest,47.518211,19.027558,180,2025-09,streetview
data/images/budapest/47.518211_19.027558_h270.jpg,budapest,47.518211,19.027558,270,2025-09,streetview
data/images/budapest/47.521444_19.037136_h0.jpg,budapest,47.521444,19.037136,0,2022-03,streetview
data/images/budapest/47.521444_19.037136_h90.jpg,budapest,47.521444,19.037136,90,2022-03,streetview
data/images/budapest/47.521444_19.037136_h180.jpg,budapest,47.521444,19.037136,180,2022-03,streetview
data/images/budapest/47.521444_19.037136_h270.jpg,budapest,47.521444,19.037136,270,2022-03,streetview
data/images/budapest/47.524678_19.061083_h0.jpg,budapest,47.524678,19.061083,0,2025-09,streetview
data/images/budapest/47.524678_19.061083_h90.jpg,budapest,47.524678,19.061083,90,2025-09,streetview
data/images/budapest/47.524678_19.061083_h180.jpg,budapest,47.524678,19.061083,180,2025-09,streetview
data/images/budapest/47.524678_19.061083_h270.jpg,budapest,47.524678,19.061083,270,2025-09,streetview
data/images/budapest/47.47078_19.016379_h0.jpg,budapest,47.47078,19.016379,0,2022-04,streetview
data/images/budapest/47.47078_19.016379_h90.jpg,budapest,47.47078,19.016379,90,2022-04,streetview
data/images/budapest/47.47078_19.016379_h180.jpg,budapest,47.47078,19.016379,180,2022-04,streetview
data/images/budapest/47.47078_19.016379_h270.jpg,budapest,47.47078,19.016379,270,2022-04,streetview
data/images/budapest/47.506353_19.085002_h0.jpg,budapest,47.506353,19.085002,0,2024-06,streetview
data/images/budapest/47.506353_19.085002_h90.jpg,budapest,47.506353,19.085002,90,2024-06,streetview
data/images/budapest/47.506353_19.085002_h180.jpg,budapest,47.506353,19.085002,180,2024-06,streetview
data/images/budapest/47.506353_19.085002_h270.jpg,budapest,47.506353,19.085002,270,2024-06,streetview
data/images/budapest/47.46_19.016378_h0.jpg,budapest,47.46,19.016378,0,2025-09,streetview
data/images/budapest/47.46_19.016378_h90.jpg,budapest,47.46,19.016378,90,2025-09,streetview
data/images/budapest/47.46_19.016378_h180.jpg,budapest,47.46,19.016378,180,2025-09,streetview
data/images/budapest/47.46_19.016378_h270.jpg,budapest,47.46,19.016378,270,2025-09,streetview
data/images/budapest/47.520367_19.096196_h0.jpg,budapest,47.520367,19.096196,0,2025-08,streetview
data/images/budapest/47.520367_19.096196_h90.jpg,budapest,47.520367,19.096196,90,2025-08,streetview
data/images/budapest/47.520367_19.096196_h180.jpg,budapest,47.520367,19.096196,180,2025-08,streetview
data/images/budapest/47.520367_19.096196_h270.jpg,budapest,47.520367,19.096196,270,2025-08,streetview
data/images/budapest/47.505275_19.045107_h0.jpg,budapest,47.505275,19.045107,0,2018-05,streetview
data/images/budapest/47.505275_19.045107_h90.jpg,budapest,47.505275,19.045107,90,2018-05,streetview
data/images/budapest/47.505275_19.045107_h180.jpg,budapest,47.505275,19.045107,180,2018-05,streetview
data/images/budapest/47.505275_19.045107_h270.jpg,budapest,47.505275,19.045107,270,2018-05,streetview
data/images/budapest/47.497729_19.069035_h0.jpg,budapest,47.497729,19.069035,0,2019-06,streetview
data/images/budapest/47.497729_19.069035_h90.jpg,budapest,47.497729,19.069035,90,2019-06,streetview
data/images/budapest/47.497729_19.069035_h180.jpg,budapest,47.497729,19.069035,180,2019-06,streetview
data/images/budapest/47.497729_19.069035_h270.jpg,budapest,47.497729,19.069035,270,2019-06,streetview
data/images/budapest/47.464312_19.049863_h0.jpg,budapest,47.464312,19.049863,0,2025-09,streetview
data/images/budapest/47.464312_19.049863_h90.jpg,budapest,47.464312,19.049863,90,2025-09,streetview
data/images/budapest/47.464312_19.049863_h180.jpg,budapest,47.464312,19.049863,180,2025-09,streetview
data/images/budapest/47.464312_19.049863_h270.jpg,budapest,47.464312,19.049863,270,2025-09,streetview
data/images/budapest/47.461078_19.049861_h0.jpg,budapest,47.461078,19.049861,0,2018-05,streetview
data/images/budapest/47.461078_19.049861_h90.jpg,budapest,47.461078,19.049861,90,2018-05,streetview
data/images/budapest/47.461078_19.049861_h180.jpg,budapest,47.461078,19.049861,180,2018-05,streetview
data/images/budapest/47.461078_19.049861_h270.jpg,budapest,47.461078,19.049861,270,2018-05,streetview
data/images/budapest/47.493417_19.014786_h0.jpg,budapest,47.493417,19.014786,0,2024-06,streetview
data/images/budapest/47.493417_19.014786_h90.jpg,budapest,47.493417,19.014786,90,2024-06,streetview
data/images/budapest/47.493417_19.014786_h180.jpg,budapest,47.493417,19.014786,180,2024-06,streetview
data/images/budapest/47.493417_19.014786_h270.jpg,budapest,47.493417,19.014786,270,2024-06,streetview
data/images/budapest/47.519289_19.02277_h0.jpg,budapest,47.519289,19.02277,0,2025-09,streetview
data/images/budapest/47.519289_19.02277_h90.jpg,budapest,47.519289,19.02277,90,2025-09,streetview
data/images/budapest/47.519289_19.02277_h180.jpg,budapest,47.519289,19.02277,180,2025-09,streetview
data/images/budapest/47.519289_19.02277_h270.jpg,budapest,47.519289,19.02277,270,2025-09,streetview
data/images/budapest/47.513899_19.083417_h0.jpg,budapest,47.513899,19.083417,0,2022-03,streetview
data/images/budapest/47.513899_19.083417_h90.jpg,budapest,47.513899,19.083417,90,2022-03,streetview
data/images/budapest/47.513899_19.083417_h180.jpg,budapest,47.513899,19.083417,180,2022-03,streetview
data/images/budapest/47.513899_19.083417_h270.jpg,budapest,47.513899,19.083417,270,2022-03,streetview
data/images/budapest/47.482637_19.069018_h0.jpg,budapest,47.482637,19.069018,0,2019-02,streetview
data/images/budapest/47.482637_19.069018_h90.jpg,budapest,47.482637,19.069018,90,2019-02,streetview
data/images/budapest/47.482637_19.069018_h180.jpg,budapest,47.482637,19.069018,180,2019-02,streetview
data/images/budapest/47.482637_19.069018_h270.jpg,budapest,47.482637,19.069018,270,2019-02,streetview
data/images/budapest/47.464312_19.053052_h0.jpg,budapest,47.464312,19.053052,0,2025-09,streetview
data/images/budapest/47.464312_19.053052_h90.jpg,budapest,47.464312,19.053052,90,2025-09,streetview
data/images/budapest/47.464312_19.053052_h180.jpg,budapest,47.464312,19.053052,180,2025-09,streetview
data/images/budapest/47.464312_19.053052_h270.jpg,budapest,47.464312,19.053052,270,2025-09,streetview
data/images/budapest/47.530068_19.059492_h0.jpg,budapest,47.530068,19.059492,0,2024-06,streetview
data/images/budapest/47.530068_19.059492_h90.jpg,budapest,47.530068,19.059492,90,2024-06,streetview
data/images/budapest/47.530068_19.059492_h180.jpg,budapest,47.530068,19.059492,180,2024-06,streetview
data/images/budapest/47.530068_19.059492_h270.jpg,budapest,47.530068,19.059492,270,2024-06,streetview
data/images/budapest/47.461078_19.033916_h0.jpg,budapest,47.461078,19.033916,0,2025-09,streetview
data/images/budapest/47.461078_19.033916_h90.jpg,budapest,47.461078,19.033916,90,2025-09,streetview
data/images/budapest/47.461078_19.033916_h180.jpg,budapest,47.461078,19.033916,180,2025-09,streetview
data/images/budapest/47.461078_19.033916_h270.jpg,budapest,47.461078,19.033916,270,2025-09,streetview
data/images/budapest/47.472936_19.072196_h0.jpg,budapest,47.472936,19.072196,0,2019-03,streetview
data/images/budapest/47.472936_19.072196_h90.jpg,budapest,47.472936,19.072196,90,2019-03,streetview
data/images/budapest/47.472936_19.072196_h180.jpg,budapest,47.472936,19.072196,180,2019-03,streetview
data/images/budapest/47.472936_19.072196_h270.jpg,budapest,47.472936,19.072196,270,2019-03,streetview
data/images/budapest/47.502041_19.06904_h0.jpg,budapest,47.502041,19.06904,0,2024-06,streetview
data/images/budapest/47.502041_19.06904_h90.jpg,budapest,47.502041,19.06904,90,2024-06,streetview
data/images/budapest/47.502041_19.06904_h180.jpg,budapest,47.502041,19.06904,180,2024-06,streetview
data/images/budapest/47.502041_19.06904_h270.jpg,budapest,47.502041,19.06904,270,2024-06,streetview
data/images/budapest/47.474014_19.019569_h0.jpg,budapest,47.474014,19.019569,0,2022-04,streetview
data/images/budapest/47.474014_19.019569_h90.jpg,budapest,47.474014,19.019569,90,2022-04,streetview
data/images/budapest/47.474014_19.019569_h180.jpg,budapest,47.474014,19.019569,180,2022-04,streetview
data/images/budapest/47.474014_19.019569_h270.jpg,budapest,47.474014,19.019569,270,2022-04,streetview
data/images/budapest/47.475092_19.027543_h0.jpg,budapest,47.475092,19.027543,0,2025-09,streetview
data/images/budapest/47.475092_19.027543_h90.jpg,budapest,47.475092,19.027543,90,2025-09,streetview
data/images/budapest/47.475092_19.027543_h180.jpg,budapest,47.475092,19.027543,180,2025-09,streetview
data/images/budapest/47.475092_19.027543_h270.jpg,budapest,47.475092,19.027543,270,2025-09,streetview
data/images/budapest/47.499885_19.054677_h0.jpg,budapest,47.499885,19.054677,0,2019-12,streetview
data/images/budapest/47.499885_19.054677_h90.jpg,budapest,47.499885,19.054677,90,2019-12,streetview
data/images/budapest/47.499885_19.054677_h180.jpg,budapest,47.499885,19.054677,180,2019-12,streetview
data/images/budapest/47.499885_19.054677_h270.jpg,budapest,47.499885,19.054677,270,2019-12,streetview
data/images/budapest/47.532224_19.064284_h0.jpg,budapest,47.532224,19.064284,0,2018-01,streetview
data/images/budapest/47.532224_19.064284_h90.jpg,budapest,47.532224,19.064284,90,2018-01,streetview
data/images/budapest/47.532224_19.064284_h180.jpg,budapest,47.532224,19.064284,180,2018-01,streetview
data/images/budapest/47.532224_19.064284_h270.jpg,budapest,47.532224,19.064284,270,2018-01,streetview
data/images/budapest/47.511743_19.030747_h0.jpg,budapest,47.511743,19.030747,0,2024-06,streetview
data/images/budapest/47.511743_19.030747_h90.jpg,budapest,47.511743,19.030747,90,2024-06,streetview
data/images/budapest/47.511743_19.030747_h180.jpg,budapest,47.511743,19.030747,180,2024-06,streetview
data/images/budapest/47.511743_19.030747_h270.jpg,budapest,47.511743,19.030747,270,2024-06,streetview
data/images/budapest/47.479404_19.067419_h0.jpg,budapest,47.479404,19.067419,0,2025-09,streetview
data/images/budapest/47.479404_19.067419_h90.jpg,budapest,47.479404,19.067419,90,2025-09,streetview
data/images/budapest/47.479404_19.067419_h180.jpg,budapest,47.479404,19.067419,180,2025-09,streetview
data/images/budapest/47.479404_19.067419_h270.jpg,budapest,47.479404,19.067419,270,2025-09,streetview
data/images/budapest/47.513899_19.01_h0.jpg,budapest,47.513899,19.01,0,2022-03,streetview
data/images/budapest/47.513899_19.01_h90.jpg,budapest,47.513899,19.01,90,2022-03,streetview
data/images/budapest/47.513899_19.01_h180.jpg,budapest,47.513899,19.01,180,2022-03,streetview
data/images/budapest/47.467546_19.038703_h0.jpg,budapest,47.467546,19.038703,0,2025-09,streetview
data/images/budapest/47.467546_19.038703_h90.jpg,budapest,47.467546,19.038703,90,2025-09,streetview
data/images/budapest/47.467546_19.038703_h180.jpg,budapest,47.467546,19.038703,180,2025-09,streetview
data/images/budapest/47.467546_19.038703_h270.jpg,budapest,47.467546,19.038703,270,2025-09,streetview
data/images/budapest/47.500963_19.06106_h0.jpg,budapest,47.500963,19.06106,0,2024-06,streetview
data/images/budapest/47.500963_19.06106_h90.jpg,budapest,47.500963,19.06106,90,2024-06,streetview
data/images/budapest/47.500963_19.06106_h180.jpg,budapest,47.500963,19.06106,180,2024-06,streetview
data/images/budapest/47.500963_19.06106_h270.jpg,budapest,47.500963,19.06106,270,2024-06,streetview
data/images/budapest/47.478326_19.02276_h0.jpg,budapest,47.478326,19.02276,0,2024-06,streetview
data/images/budapest/47.478326_19.02276_h90.jpg,budapest,47.478326,19.02276,90,2024-06,streetview
data/images/budapest/47.478326_19.02276_h180.jpg,budapest,47.478326,19.02276,180,2024-06,streetview
data/images/budapest/47.478326_19.02276_h270.jpg,budapest,47.478326,19.02276,270,2024-06,streetview
data/images/budapest/47.477248_19.029139_h0.jpg,budapest,47.477248,19.029139,0,2024-06,streetview
data/images/budapest/47.477248_19.029139_h90.jpg,budapest,47.477248,19.029139,90,2024-06,streetview
data/images/budapest/47.477248_19.029139_h180.jpg,budapest,47.477248,19.029139,180,2024-06,streetview
data/images/budapest/47.477248_19.029139_h270.jpg,budapest,47.477248,19.029139,270,2024-06,streetview
data/images/budapest/47.491261_19.072218_h0.jpg,budapest,47.491261,19.072218,0,2024-06,streetview
data/images/budapest/47.491261_19.072218_h90.jpg,budapest,47.491261,19.072218,90,2024-06,streetview
data/images/budapest/47.491261_19.072218_h180.jpg,budapest,47.491261,19.072218,180,2024-06,streetview
data/images/budapest/47.491261_19.072218_h270.jpg,budapest,47.491261,19.072218,270,2024-06,streetview
data/images/budapest/47.508509_19.03713_h0.jpg,budapest,47.508509,19.03713,0,2025-09,streetview
data/images/budapest/47.508509_19.03713_h90.jpg,budapest,47.508509,19.03713,90,2025-09,streetview
data/images/budapest/47.508509_19.03713_h180.jpg,budapest,47.508509,19.03713,180,2025-09,streetview
data/images/budapest/47.508509_19.03713_h270.jpg,budapest,47.508509,19.03713,270,2025-09,streetview
data/images/budapest/47.5236_19.081834_h0.jpg,budapest,47.5236,19.081834,0,2025-09,streetview
data/images/budapest/47.5236_19.081834_h90.jpg,budapest,47.5236,19.081834,90,2025-09,streetview
data/images/budapest/47.5236_19.081834_h180.jpg,budapest,47.5236,19.081834,180,2025-09,streetview
data/images/budapest/47.5236_19.081834_h270.jpg,budapest,47.5236,19.081834,270,2025-09,streetview
data/images/budapest/47.502041_19.088188_h0.jpg,budapest,47.502041,19.088188,0,2024-05,streetview
data/images/budapest/47.502041_19.088188_h90.jpg,budapest,47.502041,19.088188,90,2024-05,streetview
data/images/budapest/47.502041_19.088188_h180.jpg,budapest,47.502041,19.088188,180,2024-05,streetview
data/images/budapest/47.502041_19.088188_h270.jpg,budapest,47.502041,19.088188,270,2024-05,streetview
data/images/budapest/47.481559_19.094537_h0.jpg,budapest,47.481559,19.094537,0,2022-04,streetview
data/images/budapest/47.481559_19.094537_h90.jpg,budapest,47.481559,19.094537,90,2022-04,streetview
data/images/budapest/47.481559_19.094537_h180.jpg,budapest,47.481559,19.094537,180,2022-04,streetview
data/images/budapest/47.481559_19.094537_h270.jpg,budapest,47.481559,19.094537,270,2022-04,streetview
data/images/budapest/47.531146_19.037141_h0.jpg,budapest,47.531146,19.037141,0,2025-09,streetview
data/images/budapest/47.531146_19.037141_h90.jpg,budapest,47.531146,19.037141,90,2025-09,streetview
data/images/budapest/47.531146_19.037141_h180.jpg,budapest,47.531146,19.037141,180,2025-09,streetview
data/images/budapest/47.531146_19.037141_h270.jpg,budapest,47.531146,19.037141,270,2025-09,streetview
data/images/budapest/47.472936_19.045085_h0.jpg,budapest,47.472936,19.045085,0,2024-06,streetview
data/images/budapest/47.472936_19.045085_h90.jpg,budapest,47.472936,19.045085,90,2024-06,streetview
data/images/budapest/47.472936_19.045085_h180.jpg,budapest,47.472936,19.045085,180,2024-06,streetview
data/images/budapest/47.472936_19.045085_h270.jpg,budapest,47.472936,19.045085,270,2024-06,streetview
data/images/budapest/47.525756_19.024367_h0.jpg,budapest,47.525756,19.024367,0,2024-06,streetview
data/images/budapest/47.525756_19.024367_h90.jpg,budapest,47.525756,19.024367,90,2024-06,streetview
data/images/budapest/47.525756_19.024367_h180.jpg,budapest,47.525756,19.024367,180,2024-06,streetview
data/images/budapest/47.525756_19.024367_h270.jpg,budapest,47.525756,19.024367,270,2024-06,streetview
data/images/budapest/47.519289_19.051501_h0.jpg,budapest,47.519289,19.051501,0,2024-06,streetview
data/images/budapest/47.519289_19.051501_h90.jpg,budapest,47.519289,19.051501,90,2024-06,streetview
data/images/budapest/47.519289_19.051501_h180.jpg,budapest,47.519289,19.051501,180,2024-06,streetview
data/images/budapest/47.519289_19.051501_h270.jpg,budapest,47.519289,19.051501,270,2024-06,streetview
data/images/budapest/47.530068_19.030755_h0.jpg,budapest,47.530068,19.030755,0,2024-06,streetview
data/images/budapest/47.530068_19.030755_h90.jpg,budapest,47.530068,19.030755,90,2024-06,streetview
data/images/budapest/47.530068_19.030755_h180.jpg,budapest,47.530068,19.030755,180,2024-06,streetview
data/images/budapest/47.530068_19.030755_h270.jpg,budapest,47.530068,19.030755,270,2024-06,streetview
data/images/budapest/47.517133_19.099383_h0.jpg,budapest,47.517133,19.099383,0,2025-08,streetview
data/images/budapest/47.517133_19.099383_h90.jpg,budapest,47.517133,19.099383,90,2025-08,streetview
data/images/budapest/47.517133_19.099383_h180.jpg,budapest,47.517133,19.099383,180,2025-08,streetview
data/images/budapest/47.517133_19.099383_h270.jpg,budapest,47.517133,19.099383,270,2025-08,streetview
data/images/budapest/47.530068_19.017983_h0.jpg,budapest,47.530068,19.017983,0,2025-09,streetview
data/images/budapest/47.530068_19.017983_h90.jpg,budapest,47.530068,19.017983,90,2025-09,streetview
data/images/budapest/47.530068_19.017983_h180.jpg,budapest,47.530068,19.017983,180,2025-09,streetview
data/images/budapest/47.530068_19.017983_h270.jpg,budapest,47.530068,19.017983,270,2025-09,streetview
data/images/budapest/47.478326_19.080178_h0.jpg,budapest,47.478326,19.080178,0,2024-06,streetview
data/images/budapest/47.478326_19.080178_h90.jpg,budapest,47.478326,19.080178,90,2024-06,streetview
data/images/budapest/47.478326_19.080178_h180.jpg,budapest,47.478326,19.080178,180,2024-06,streetview
data/images/budapest/47.478326_19.080178_h270.jpg,budapest,47.478326,19.080178,270,2024-06,streetview
data/images/budapest/47.493417_19.024359_h0.jpg,budapest,47.493417,19.024359,0,2025-09,streetview
data/images/budapest/47.493417_19.024359_h90.jpg,budapest,47.493417,19.024359,90,2025-09,streetview
data/images/budapest/47.493417_19.024359_h180.jpg,budapest,47.493417,19.024359,180,2025-09,streetview
data/images/budapest/47.493417_19.024359_h270.jpg,budapest,47.493417,19.024359,270,2025-09,streetview
data/images/budapest/47.477248_19.09453_h0.jpg,budapest,47.477248,19.09453,0,2025-08,streetview
data/images/budapest/47.477248_19.09453_h90.jpg,budapest,47.477248,19.09453,90,2025-08,streetview
data/images/budapest/47.477248_19.09453_h180.jpg,budapest,47.477248,19.09453,180,2025-08,streetview
data/images/budapest/47.477248_19.09453_h270.jpg,budapest,47.477248,19.09453,270,2025-08,streetview
data/images/budapest/47.516055_19.013192_h0.jpg,budapest,47.516055,19.013192,0,2024-06,streetview
data/images/budapest/47.516055_19.013192_h90.jpg,budapest,47.516055,19.013192,90,2024-06,streetview
data/images/budapest/47.516055_19.013192_h180.jpg,budapest,47.516055,19.013192,180,2024-06,streetview
data/images/budapest/47.516055_19.013192_h270.jpg,budapest,47.516055,19.013192,270,2024-06,streetview
data/images/budapest/47.509587_19.054685_h0.jpg,budapest,47.509587,19.054685,0,2024-06,streetview
data/images/budapest/47.509587_19.054685_h90.jpg,budapest,47.509587,19.054685,90,2024-06,streetview
data/images/budapest/47.509587_19.054685_h180.jpg,budapest,47.509587,19.054685,180,2024-06,streetview
data/images/budapest/47.509587_19.054685_h270.jpg,budapest,47.509587,19.054685,270,2024-06,streetview
data/images/budapest/47.520367_19.088215_h0.jpg,budapest,47.520367,19.088215,0,2025-08,streetview
data/images/budapest/47.520367_19.088215_h90.jpg,budapest,47.520367,19.088215,90,2025-08,streetview
data/images/budapest/47.520367_19.088215_h180.jpg,budapest,47.520367,19.088215,180,2025-08,streetview
data/images/budapest/47.520367_19.088215_h270.jpg,budapest,47.520367,19.088215,270,2025-08,streetview
data/images/budapest/47.466468_19.097702_h0.jpg,budapest,47.466468,19.097702,0,2024-05,streetview
data/images/budapest/47.466468_19.097702_h90.jpg,budapest,47.466468,19.097702,90,2024-05,streetview
data/images/budapest/47.466468_19.097702_h180.jpg,budapest,47.466468,19.097702,180,2024-05,streetview
data/images/budapest/47.466468_19.097702_h270.jpg,budapest,47.466468,19.097702,270,2024-05,streetview
data/images/budapest/47.506353_19.075428_h0.jpg,budapest,47.506353,19.075428,0,2018-12,streetview
data/images/budapest/47.506353_19.075428_h90.jpg,budapest,47.506353,19.075428,90,2018-12,streetview
data/images/budapest/47.506353_19.075428_h180.jpg,budapest,47.506353,19.075428,180,2018-12,streetview
data/images/budapest/47.506353_19.075428_h270.jpg,budapest,47.506353,19.075428,270,2018-12,streetview
data/images/budapest/47.499885_19.01_h0.jpg,budapest,47.499885,19.01,0,2024-06,streetview
data/images/budapest/47.499885_19.01_h90.jpg,budapest,47.499885,19.01,90,2024-06,streetview
data/images/budapest/47.499885_19.01_h180.jpg,budapest,47.499885,19.01,180,2024-06,streetview
data/images/budapest/47.499885_19.01_h270.jpg,budapest,47.499885,19.01,270,2024-06,streetview
data/images/budapest/47.467546_19.070595_h0.jpg,budapest,47.467546,19.070595,0,2025-08,streetview
data/images/budapest/47.467546_19.070595_h90.jpg,budapest,47.467546,19.070595,90,2025-08,streetview
data/images/budapest/47.467546_19.070595_h180.jpg,budapest,47.467546,19.070595,180,2025-08,streetview
data/images/budapest/47.467546_19.070595_h270.jpg,budapest,47.467546,19.070595,270,2025-08,streetview
data/images/budapest/47.495573_19.014786_h0.jpg,budapest,47.495573,19.014786,0,2025-09,streetview
data/images/budapest/47.495573_19.014786_h90.jpg,budapest,47.495573,19.014786,90,2025-09,streetview
data/images/budapest/47.495573_19.014786_h180.jpg,budapest,47.495573,19.014786,180,2025-09,streetview
data/images/budapest/47.495573_19.014786_h270.jpg,budapest,47.495573,19.014786,270,2025-09,streetview
data/images/budapest/47.471858_19.033921_h0.jpg,budapest,47.471858,19.033921,0,2025-09,streetview
data/images/budapest/47.471858_19.033921_h90.jpg,budapest,47.471858,19.033921,90,2025-09,streetview
data/images/budapest/47.471858_19.033921_h180.jpg,budapest,47.471858,19.033921,180,2025-09,streetview
data/images/budapest/47.471858_19.033921_h270.jpg,budapest,47.471858,19.033921,270,2025-09,streetview
data/images/budapest/47.527912_19.083437_h0.jpg,budapest,47.527912,19.083437,0,2024-06,streetview
data/images/budapest/47.527912_19.083437_h90.jpg,budapest,47.527912,19.083437,90,2024-06,streetview
data/images/budapest/47.527912_19.083437_h180.jpg,budapest,47.527912,19.083437,180,2024-06,streetview
data/images/budapest/47.527912_19.083437_h270.jpg,budapest,47.527912,19.083437,270,2024-06,streetview
data/images/budapest/47.508509_19.099368_h0.jpg,budapest,47.508509,19.099368,0,2025-11,streetview
data/images/budapest/47.508509_19.099368_h90.jpg,budapest,47.508509,19.099368,90,2025-11,streetview
data/images/budapest/47.508509_19.099368_h180.jpg,budapest,47.508509,19.099368,180,2025-11,streetview
data/images/budapest/47.508509_19.099368_h270.jpg,budapest,47.508509,19.099368,270,2025-11,streetview
data/images/budapest/47.52899_19.086631_h0.jpg,budapest,47.52899,19.086631,0,2025-08,streetview
data/images/budapest/47.52899_19.086631_h90.jpg,budapest,47.52899,19.086631,90,2025-08,streetview
data/images/budapest/47.52899_19.086631_h180.jpg,budapest,47.52899,19.086631,180,2025-08,streetview
data/images/budapest/47.52899_19.086631_h270.jpg,budapest,47.52899,19.086631,270,2025-08,streetview
data/images/budapest/47.505275_19.072235_h0.jpg,budapest,47.505275,19.072235,0,2024-06,streetview
data/images/budapest/47.505275_19.072235_h90.jpg,budapest,47.505275,19.072235,90,2024-06,streetview
data/images/budapest/47.505275_19.072235_h180.jpg,budapest,47.505275,19.072235,180,2024-06,streetview
data/images/budapest/47.505275_19.072235_h270.jpg,budapest,47.505275,19.072235,270,2024-06,streetview
data/images/budapest/47.491261_19.027549_h0.jpg,budapest,47.491261,19.027549,0,2025-09,streetview
data/images/budapest/47.491261_19.027549_h90.jpg,budapest,47.491261,19.027549,90,2025-09,streetview
data/images/budapest/47.491261_19.027549_h180.jpg,budapest,47.491261,19.027549,180,2025-09,streetview
data/images/budapest/47.491261_19.027549_h270.jpg,budapest,47.491261,19.027549,270,2025-09,streetview
data/images/budapest/47.483715_19.097731_h0.jpg,budapest,47.483715,19.097731,0,2025-08,streetview
data/images/budapest/47.483715_19.097731_h90.jpg,budapest,47.483715,19.097731,90,2025-08,streetview
data/images/budapest/47.483715_19.097731_h180.jpg,budapest,47.483715,19.097731,180,2025-08,streetview
data/images/budapest/47.483715_19.097731_h270.jpg,budapest,47.483715,19.097731,270,2025-08,streetview
data/images/budapest/47.478326_19.091342_h0.jpg,budapest,47.478326,19.091342,0,2025-08,streetview
data/images/budapest/47.478326_19.091342_h90.jpg,budapest,47.478326,19.091342,90,2025-08,streetview
data/images/budapest/47.478326_19.091342_h180.jpg,budapest,47.478326,19.091342,180,2025-08,streetview
data/images/budapest/47.478326_19.091342_h270.jpg,budapest,47.478326,19.091342,270,2025-08,streetview
data/images/budapest/47.502041_19.017978_h0.jpg,budapest,47.502041,19.017978,0,2024-06,streetview
data/images/budapest/47.502041_19.017978_h90.jpg,budapest,47.502041,19.017978,90,2024-06,streetview
data/images/budapest/47.502041_19.017978_h180.jpg,budapest,47.502041,19.017978,180,2024-06,streetview
data/images/budapest/47.502041_19.017978_h270.jpg,budapest,47.502041,19.017978,270,2024-06,streetview
data/images/budapest/47.466468_19.057838_h0.jpg,budapest,47.466468,19.057838,0,2023-04,streetview
data/images/budapest/47.466468_19.057838_h90.jpg,budapest,47.466468,19.057838,90,2023-04,streetview
data/images/budapest/47.466468_19.057838_h180.jpg,budapest,47.466468,19.057838,180,2023-04,streetview
data/images/budapest/47.466468_19.057838_h270.jpg,budapest,47.466468,19.057838,270,2023-04,streetview
data/images/budapest/47.519289_19.053097_h0.jpg,budapest,47.519289,19.053097,0,2023-01,streetview
data/images/budapest/47.519289_19.053097_h90.jpg,budapest,47.519289,19.053097,90,2023-01,streetview
data/images/budapest/47.519289_19.053097_h180.jpg,budapest,47.519289,19.053097,180,2023-01,streetview
data/images/budapest/47.519289_19.053097_h270.jpg,budapest,47.519289,19.053097,270,2023-01,streetview
data/images/budapest/47.507431_19.046704_h0.jpg,budapest,47.507431,19.046704,0,2019-07,streetview
data/images/budapest/47.507431_19.046704_h90.jpg,budapest,47.507431,19.046704,90,2019-07,streetview
data/images/budapest/47.507431_19.046704_h180.jpg,budapest,47.507431,19.046704,180,2019-07,streetview
data/images/budapest/47.507431_19.046704_h270.jpg,budapest,47.507431,19.046704,270,2019-07,streetview
data/images/budapest/47.471858_19.030732_h0.jpg,budapest,47.471858,19.030732,0,2022-04,streetview
data/images/budapest/47.471858_19.030732_h90.jpg,budapest,47.471858,19.030732,90,2022-04,streetview
data/images/budapest/47.471858_19.030732_h180.jpg,budapest,47.471858,19.030732,180,2022-04,streetview
data/images/budapest/47.471858_19.030732_h270.jpg,budapest,47.471858,19.030732,270,2022-04,streetview
data/images/budapest/47.462156_19.016378_h0.jpg,budapest,47.462156,19.016378,0,2024-07,streetview
data/images/budapest/47.462156_19.016378_h90.jpg,budapest,47.462156,19.016378,90,2024-07,streetview
data/images/budapest/47.462156_19.016378_h180.jpg,budapest,47.462156,19.016378,180,2024-07,streetview
data/images/budapest/47.462156_19.016378_h270.jpg,budapest,47.462156,19.016378,270,2024-07,streetview
data/images/budapest/47.524678_19.014789_h0.jpg,budapest,47.524678,19.014789,0,2025-09,streetview
data/images/budapest/47.524678_19.014789_h90.jpg,budapest,47.524678,19.014789,90,2025-09,streetview
data/images/budapest/47.524678_19.014789_h180.jpg,budapest,47.524678,19.014789,180,2025-09,streetview
data/images/budapest/47.524678_19.014789_h270.jpg,budapest,47.524678,19.014789,270,2025-09,streetview
data/images/budapest/47.490183_19.083384_h0.jpg,budapest,47.490183,19.083384,0,2025-08,streetview
data/images/budapest/47.490183_19.083384_h90.jpg,budapest,47.490183,19.083384,90,2025-08,streetview
data/images/budapest/47.490183_19.083384_h180.jpg,budapest,47.490183,19.083384,180,2025-08,streetview
data/images/budapest/47.490183_19.083384_h270.jpg,budapest,47.490183,19.083384,270,2025-08,streetview
data/images/budapest/47.53977_19.035549_h0.jpg,budapest,47.53977,19.035549,0,2024-06,streetview
data/images/budapest/47.53977_19.035549_h90.jpg,budapest,47.53977,19.035549,90,2024-06,streetview
data/images/budapest/47.53977_19.035549_h180.jpg,budapest,47.53977,19.035549,180,2024-06,streetview
data/images/budapest/47.53977_19.035549_h270.jpg,budapest,47.53977,19.035549,270,2024-06,streetview
data/images/budapest/47.474014_19.029138_h0.jpg,budapest,47.474014,19.029138,0,2025-09,streetview
data/images/budapest/47.474014_19.029138_h90.jpg,budapest,47.474014,19.029138,90,2025-09,streetview
data/images/budapest/47.474014_19.029138_h180.jpg,budapest,47.474014,19.029138,180,2025-09,streetview
data/images/budapest/47.474014_19.029138_h270.jpg,budapest,47.474014,19.029138,270,2025-09,streetview
data/images/budapest/47.536536_19.057901_h0.jpg,budapest,47.536536,19.057901,0,2025-09,streetview
data/images/budapest/47.536536_19.057901_h90.jpg,budapest,47.536536,19.057901,90,2025-09,streetview
data/images/budapest/47.536536_19.057901_h180.jpg,budapest,47.536536,19.057901,180,2025-09,streetview
data/images/budapest/47.536536_19.057901_h270.jpg,budapest,47.536536,19.057901,270,2025-09,streetview
data/images/budapest/47.505275_19.099363_h0.jpg,budapest,47.505275,19.099363,0,2024-05,streetview
data/images/budapest/47.505275_19.099363_h90.jpg,budapest,47.505275,19.099363,90,2024-05,streetview
data/images/budapest/47.505275_19.099363_h180.jpg,budapest,47.505275,19.099363,180,2024-05,streetview
data/images/budapest/47.505275_19.099363_h270.jpg,budapest,47.505275,19.099363,270,2024-05,streetview
data/images/budapest/47.525756_19.078645_h0.jpg,budapest,47.525756,19.078645,0,2025-08,streetview
data/images/budapest/47.525756_19.078645_h90.jpg,budapest,47.525756,19.078645,90,2025-08,streetview
data/images/budapest/47.525756_19.078645_h180.jpg,budapest,47.525756,19.078645,180,2025-08,streetview
data/images/budapest/47.525756_19.078645_h270.jpg,budapest,47.525756,19.078645,270,2025-08,streetview
data/images/budapest/47.505275_19.057873_h0.jpg,budapest,47.505275,19.057873,0,2025-08,streetview
data/images/budapest/47.505275_19.057873_h90.jpg,budapest,47.505275,19.057873,90,2025-08,streetview
data/images/budapest/47.505275_19.057873_h180.jpg,budapest,47.505275,19.057873,180,2025-08,streetview
data/images/budapest/47.505275_19.057873_h270.jpg,budapest,47.505275,19.057873,270,2025-08,streetview
data/images/budapest/47.491261_19.05786_h0.jpg,budapest,47.491261,19.05786,0,2018-05,streetview
data/images/budapest/47.491261_19.05786_h90.jpg,budapest,47.491261,19.05786,90,2018-05,streetview
data/images/budapest/47.491261_19.05786_h180.jpg,budapest,47.491261,19.05786,180,2018-05,streetview
data/images/budapest/47.491261_19.05786_h270.jpg,budapest,47.491261,19.05786,270,2018-05,streetview
data/images/budapest/47.497729_19.03872_h0.jpg,budapest,47.497729,19.03872,0,2022-10,streetview
data/images/budapest/47.497729_19.03872_h90.jpg,budapest,47.497729,19.03872,90,2022-10,streetview
data/images/budapest/47.497729_19.03872_h180.jpg,budapest,47.497729,19.03872,180,2022-10,streetview
data/images/budapest/47.497729_19.03872_h270.jpg,budapest,47.497729,19.03872,270,2022-10,streetview
data/images/budapest/47.518211_19.097789_h0.jpg,budapest,47.518211,19.097789,0,2025-08,streetview
data/images/budapest/47.518211_19.097789_h90.jpg,budapest,47.518211,19.097789,90,2025-08,streetview
data/images/budapest/47.518211_19.097789_h180.jpg,budapest,47.518211,19.097789,180,2025-08,streetview
data/images/budapest/47.518211_19.097789_h270.jpg,budapest,47.518211,19.097789,270,2025-08,streetview
data/images/budapest/47.518211_19.0515_h0.jpg,budapest,47.518211,19.0515,0,2025-09,streetview
data/images/budapest/47.518211_19.0515_h90.jpg,budapest,47.518211,19.0515,90,2025-09,streetview
data/images/budapest/47.518211_19.0515_h180.jpg,budapest,47.518211,19.0515,180,2025-09,streetview
data/images/budapest/47.518211_19.0515_h270.jpg,budapest,47.518211,19.0515,270,2025-09,streetview
data/images/budapest/47.520367_19.089811_h0.jpg,budapest,47.520367,19.089811,0,2025-08,streetview
data/images/budapest/47.520367_19.089811_h90.jpg,budapest,47.520367,19.089811,90,2025-08,streetview
data/images/budapest/47.520367_19.089811_h180.jpg,budapest,47.520367,19.089811,180,2025-08,streetview
data/images/budapest/47.520367_19.089811_h270.jpg,budapest,47.520367,19.089811,270,2025-08,streetview
data/images/budapest/47.530068_19.061089_h0.jpg,budapest,47.530068,19.061089,0,2025-09,streetview
data/images/budapest/47.530068_19.061089_h90.jpg,budapest,47.530068,19.061089,90,2025-09,streetview
data/images/budapest/47.530068_19.061089_h180.jpg,budapest,47.530068,19.061089,180,2025-09,streetview
data/images/budapest/47.530068_19.061089_h270.jpg,budapest,47.530068,19.061089,270,2025-09,streetview
data/images/budapest/47.490183_19.045097_h0.jpg,budapest,47.490183,19.045097,0,2021-07,streetview
data/images/budapest/47.490183_19.045097_h90.jpg,budapest,47.490183,19.045097,90,2021-07,streetview
data/images/budapest/47.490183_19.045097_h180.jpg,budapest,47.490183,19.045097,180,2021-07,streetview
data/images/budapest/47.490183_19.045097_h270.jpg,budapest,47.490183,19.045097,270,2021-07,streetview
data/images/budapest/47.46_19.053048_h0.jpg,budapest,47.46,19.053048,0,2025-09,streetview
data/images/budapest/47.46_19.053048_h90.jpg,budapest,47.46,19.053048,90,2025-09,streetview
data/images/budapest/47.46_19.053048_h180.jpg,budapest,47.46,19.053048,180,2025-09,streetview
data/images/budapest/47.46_19.053048_h270.jpg,budapest,47.46,19.053048,270,2025-09,streetview
data/images/budapest/47.462156_19.086534_h0.jpg,budapest,47.462156,19.086534,0,2025-08,streetview
data/images/budapest/47.462156_19.086534_h90.jpg,budapest,47.462156,19.086534,90,2025-08,streetview
data/images/budapest/47.462156_19.086534_h180.jpg,budapest,47.462156,19.086534,180,2025-08,streetview
data/images/budapest/47.462156_19.086534_h270.jpg,budapest,47.462156,19.086534,270,2025-08,streetview
data/images/budapest/47.53438_19.067479_h0.jpg,budapest,47.53438,19.067479,0,2024-06,streetview
data/images/budapest/47.53438_19.067479_h90.jpg,budapest,47.53438,19.067479,90,2024-06,streetview
data/images/budapest/47.53438_19.067479_h180.jpg,budapest,47.53438,19.067479,180,2024-06,streetview
data/images/budapest/47.53438_19.067479_h270.jpg,budapest,47.53438,19.067479,270,2024-06,streetview
data/images/budapest/47.509587_19.059473_h0.jpg,budapest,47.509587,19.059473,0,2019-01,streetview
data/images/budapest/47.509587_19.059473_h90.jpg,budapest,47.509587,19.059473,90,2019-01,streetview
data/images/budapest/47.509587_19.059473_h180.jpg,budapest,47.509587,19.059473,180,2019-01,streetview
data/images/budapest/47.509587_19.059473_h270.jpg,budapest,47.509587,19.059473,270,2019-01,streetview
data/images/budapest/47.484793_19.064235_h0.jpg,budapest,47.484793,19.064235,0,2024-06,streetview
data/images/budapest/47.484793_19.064235_h90.jpg,budapest,47.484793,19.064235,90,2024-06,streetview
data/images/budapest/47.484793_19.064235_h180.jpg,budapest,47.484793,19.064235,180,2024-06,streetview
data/images/budapest/47.484793_19.064235_h270.jpg,budapest,47.484793,19.064235,270,2024-06,streetview
data/images/budapest/47.475092_19.033923_h0.jpg,budapest,47.475092,19.033923,0,2025-09,streetview
data/images/budapest/47.475092_19.033923_h90.jpg,budapest,47.475092,19.033923,90,2025-09,streetview
data/images/budapest/47.475092_19.033923_h180.jpg,budapest,47.475092,19.033923,180,2025-09,streetview
data/images/budapest/47.475092_19.033923_h270.jpg,budapest,47.475092,19.033923,270,2025-09,streetview
data/images/budapest/47.524678_19.096203_h0.jpg,budapest,47.524678,19.096203,0,2025-09,streetview
data/images/budapest/47.524678_19.096203_h90.jpg,budapest,47.524678,19.096203,90,2025-09,streetview
data/images/budapest/47.524678_19.096203_h180.jpg,budapest,47.524678,19.096203,180,2025-09,streetview
data/images/budapest/47.524678_19.096203_h270.jpg,budapest,47.524678,19.096203,270,2025-09,streetview
data/images/budapest/47.500963_19.011596_h0.jpg,budapest,47.500963,19.011596,0,2024-06,streetview
data/images/budapest/47.500963_19.011596_h90.jpg,budapest,47.500963,19.011596,90,2024-06,streetview
data/images/budapest/47.500963_19.011596_h180.jpg,budapest,47.500963,19.011596,180,2024-06,streetview
data/images/budapest/47.500963_19.011596_h270.jpg,budapest,47.500963,19.011596,270,2024-06,streetview
data/images/budapest/47.478326_19.049874_h0.jpg,budapest,47.478326,19.049874,0,2018-02,streetview
data/images/budapest/47.478326_19.049874_h90.jpg,budapest,47.478326,19.049874,90,2018-02,streetview
data/images/budapest/47.478326_19.049874_h180.jpg,budapest,47.478326,19.049874,180,2018-02,streetview
data/images/budapest/47.478326_19.049874_h270.jpg,budapest,47.478326,19.049874,270,2018-02,streetview
data/images/budapest/47.47078_19.030731_h0.jpg,budapest,47.47078,19.030731,0,2024-06,streetview
data/images/budapest/47.47078_19.030731_h90.jpg,budapest,47.47078,19.030731,90,2024-06,streetview
data/images/budapest/47.47078_19.030731_h180.jpg,budapest,47.47078,19.030731,180,2024-06,streetview
data/images/budapest/47.47078_19.030731_h270.jpg,budapest,47.47078,19.030731,270,2024-06,streetview
data/images/budapest/47.516055_19.099381_h0.jpg,budapest,47.516055,19.099381,0,2025-08,streetview
data/images/budapest/47.516055_19.099381_h90.jpg,budapest,47.516055,19.099381,90,2025-08,streetview
data/images/budapest/47.516055_19.099381_h180.jpg,budapest,47.516055,19.099381,180,2025-08,streetview
data/images/budapest/47.516055_19.099381_h270.jpg,budapest,47.516055,19.099381,270,2025-08,streetview
data/images/budapest/47.516055_19.037134_h0.jpg,budapest,47.516055,19.037134,0,2024-07,streetview
data/images/budapest/47.516055_19.037134_h90.jpg,budapest,47.516055,19.037134,90,2024-07,streetview
data/images/budapest/47.516055_19.037134_h180.jpg,budapest,47.516055,19.037134,180,2024-07,streetview
data/images/budapest/47.516055_19.037134_h270.jpg,budapest,47.516055,19.037134,270,2024-07,streetview
data/images/budapest/47.469702_19.072193_h0.jpg,budapest,47.469702,19.072193,0,2019-03,streetview
data/images/budapest/47.469702_19.072193_h90.jpg,budapest,47.469702,19.072193,90,2019-03,streetview
data/images/budapest/47.469702_19.072193_h180.jpg,budapest,47.469702,19.072193,180,2019-03,streetview
data/images/budapest/47.469702_19.072193_h270.jpg,budapest,47.469702,19.072193,270,2019-03,streetview
data/images/budapest/47.491261_19.078599_h0.jpg,budapest,47.491261,19.078599,0,2024-08,streetview
data/images/budapest/47.491261_19.078599_h90.jpg,budapest,47.491261,19.078599,90,2024-08,streetview
data/images/budapest/47.491261_19.078599_h180.jpg,budapest,47.491261,19.078599,180,2024-08,streetview
data/images/budapest/47.491261_19.078599_h270.jpg,budapest,47.491261,19.078599,270,2024-08,streetview
data/images/budapest/47.517133_19.096191_h0.jpg,budapest,47.517133,19.096191,0,2025-08,streetview
data/images/budapest/47.517133_19.096191_h90.jpg,budapest,47.517133,19.096191,90,2025-08,streetview
data/images/budapest/47.517133_19.096191_h180.jpg,budapest,47.517133,19.096191,180,2025-08,streetview
data/images/budapest/47.517133_19.096191_h270.jpg,budapest,47.517133,19.096191,270,2025-08,streetview
data/images/budapest/47.471858_19.099306_h0.jpg,budapest,47.471858,19.099306,0,2025-08,streetview
data/images/budapest/47.471858_19.099306_h90.jpg,budapest,47.471858,19.099306,90,2025-08,streetview
data/images/budapest/47.471858_19.099306_h180.jpg,budapest,47.471858,19.099306,180,2025-08,streetview
data/images/budapest/47.471858_19.099306_h270.jpg,budapest,47.471858,19.099306,270,2025-08,streetview
data/images/budapest/47.503119_19.035531_h0.jpg,budapest,47.503119,19.035531,0,2025-09,streetview
data/images/budapest/47.503119_19.035531_h90.jpg,budapest,47.503119,19.035531,90,2025-09,streetview
data/images/budapest/47.503119_19.035531_h180.jpg,budapest,47.503119,19.035531,180,2025-09,streetview
data/images/budapest/47.503119_19.035531_h270.jpg,budapest,47.503119,19.035531,270,2025-09,streetview
data/images/budapest/47.463234_19.099291_h0.jpg,budapest,47.463234,19.099291,0,2024-05,streetview
data/images/budapest/47.463234_19.099291_h90.jpg,budapest,47.463234,19.099291,90,2024-05,streetview
data/images/budapest/47.463234_19.099291_h180.jpg,budapest,47.463234,19.099291,180,2024-05,streetview
data/images/budapest/47.463234_19.099291_h270.jpg,budapest,47.463234,19.099291,270,2024-05,streetview
data/images/budapest/47.504197_19.029149_h0.jpg,budapest,47.504197,19.029149,0,2019-04,streetview
data/images/budapest/47.504197_19.029149_h90.jpg,budapest,47.504197,19.029149,90,2019-04,streetview
data/images/budapest/47.504197_19.029149_h180.jpg,budapest,47.504197,19.029149,180,2019-04,streetview
data/images/budapest/47.504197_19.029149_h270.jpg,budapest,47.504197,19.029149,270,2019-04,streetview
data/images/budapest/47.47078_19.045084_h0.jpg,budapest,47.47078,19.045084,0,2024-06,streetview
data/images/budapest/47.47078_19.045084_h90.jpg,budapest,47.47078,19.045084,90,2024-06,streetview
data/images/budapest/47.47078_19.045084_h180.jpg,budapest,47.47078,19.045084,180,2024-06,streetview
data/images/budapest/47.47078_19.045084_h270.jpg,budapest,47.47078,19.045084,270,2024-06,streetview
data/images/budapest/47.481559_19.043496_h0.jpg,budapest,47.481559,19.043496,0,2025-09,streetview
data/images/budapest/47.481559_19.043496_h90.jpg,budapest,47.481559,19.043496,90,2025-09,streetview
data/images/budapest/47.481559_19.043496_h180.jpg,budapest,47.481559,19.043496,180,2025-09,streetview
data/images/budapest/47.481559_19.043496_h270.jpg,budapest,47.481559,19.043496,270,2025-09,streetview
data/images/budapest/47.496651_19.029146_h0.jpg,budapest,47.496651,19.029146,0,2024-06,streetview
data/images/budapest/47.496651_19.029146_h90.jpg,budapest,47.496651,19.029146,90,2024-06,streetview
data/images/budapest/47.496651_19.029146_h180.jpg,budapest,47.496651,19.029146,180,2024-06,streetview
data/images/budapest/47.496651_19.029146_h270.jpg,budapest,47.496651,19.029146,270,2024-06,streetview
data/images/budapest/47.483715_19.048283_h0.jpg,budapest,47.483715,19.048283,0,2022-04,streetview
data/images/budapest/47.483715_19.048283_h90.jpg,budapest,47.483715,19.048283,90,2022-04,streetview
data/images/budapest/47.483715_19.048283_h180.jpg,budapest,47.483715,19.048283,180,2022-04,streetview
data/images/budapest/47.483715_19.048283_h270.jpg,budapest,47.483715,19.048283,270,2022-04,streetview
data/images/budapest/47.505275_19.048298_h0.jpg,budapest,47.505275,19.048298,0,2024-07,streetview
data/images/budapest/47.505275_19.048298_h90.jpg,budapest,47.505275,19.048298,90,2024-07,streetview
data/images/budapest/47.505275_19.048298_h180.jpg,budapest,47.505275,19.048298,180,2024-07,streetview
data/images/budapest/47.505275_19.048298_h270.jpg,budapest,47.505275,19.048298,270,2024-07,streetview
data/images/budapest/47.53438_19.04353_h0.jpg,budapest,47.53438,19.04353,0,2024-06,streetview
data/images/budapest/47.53438_19.04353_h90.jpg,budapest,47.53438,19.04353,90,2024-06,streetview
data/images/budapest/47.53438_19.04353_h180.jpg,budapest,47.53438,19.04353,180,2024-06,streetview
data/images/budapest/47.53438_19.04353_h270.jpg,budapest,47.53438,19.04353,270,2024-06,streetview
data/images/budapest/47.518211_19.021173_h0.jpg,budapest,47.518211,19.021173,0,2024-10,streetview
data/images/budapest/47.518211_19.021173_h90.jpg,budapest,47.518211,19.021173,90,2024-10,streetview
data/images/budapest/47.518211_19.021173_h180.jpg,budapest,47.518211,19.021173,180,2024-10,streetview
data/images/budapest/47.518211_19.021173_h270.jpg,budapest,47.518211,19.021173,270,2024-10,streetview
data/images/budapest/47.535458_19.088237_h0.jpg,budapest,47.535458,19.088237,0,2025-08,streetview
data/images/budapest/47.535458_19.088237_h90.jpg,budapest,47.535458,19.088237,90,2025-08,streetview
data/images/budapest/47.535458_19.088237_h180.jpg,budapest,47.535458,19.088237,180,2025-08,streetview
data/images/budapest/47.535458_19.088237_h270.jpg,budapest,47.535458,19.088237,270,2025-08,streetview
data/images/budapest/47.498807_19.033933_h0.jpg,budapest,47.498807,19.033933,0,2024-06,streetview
data/images/budapest/47.498807_19.033933_h90.jpg,budapest,47.498807,19.033933,90,2024-06,streetview
data/images/budapest/47.498807_19.033933_h180.jpg,budapest,47.498807,19.033933,180,2024-06,streetview
data/images/budapest/47.498807_19.033933_h270.jpg,budapest,47.498807,19.033933,270,2024-06,streetview
data/images/budapest/47.509587_19.096178_h0.jpg,budapest,47.509587,19.096178,0,2025-08,streetview
data/images/budapest/47.509587_19.096178_h90.jpg,budapest,47.509587,19.096178,90,2025-08,streetview
data/images/budapest/47.509587_19.096178_h180.jpg,budapest,47.509587,19.096178,180,2025-08,streetview
data/images/budapest/47.509587_19.096178_h270.jpg,budapest,47.509587,19.096178,270,2025-08,streetview
data/images/budapest/47.472936_19.04987_h0.jpg,budapest,47.472936,19.04987,0,2025-09,streetview
data/images/budapest/47.472936_19.04987_h90.jpg,budapest,47.472936,19.04987,90,2025-09,streetview
data/images/budapest/47.472936_19.04987_h180.jpg,budapest,47.472936,19.04987,180,2025-09,streetview
data/images/budapest/47.472936_19.04987_h270.jpg,budapest,47.472936,19.04987,270,2025-09,streetview
data/images/budapest/47.537614_19.070676_h0.jpg,budapest,47.537614,19.070676,0,2024-06,streetview
data/images/budapest/47.537614_19.070676_h90.jpg,budapest,47.537614,19.070676,90,2024-06,streetview
data/images/budapest/47.537614_19.070676_h180.jpg,budapest,47.537614,19.070676,180,2024-06,streetview
data/images/budapest/47.537614_19.070676_h270.jpg,budapest,47.537614,19.070676,270,2024-06,streetview
data/images/budapest/47.519289_19.017981_h0.jpg,budapest,47.519289,19.017981,0,2025-09,streetview
data/images/budapest/47.519289_19.017981_h90.jpg,budapest,47.519289,19.017981,90,2025-09,streetview
data/images/budapest/47.519289_19.017981_h180.jpg,budapest,47.519289,19.017981,180,2025-09,streetview
data/images/budapest/47.519289_19.017981_h270.jpg,budapest,47.519289,19.017981,270,2025-09,streetview
data/images/budapest/47.530068_19.080247_h0.jpg,budapest,47.530068,19.080247,0,2025-08,streetview
data/images/budapest/47.530068_19.080247_h90.jpg,budapest,47.530068,19.080247,90,2025-08,streetview
data/images/budapest/47.530068_19.080247_h180.jpg,budapest,47.530068,19.080247,180,2025-08,streetview
data/images/budapest/47.530068_19.080247_h270.jpg,budapest,47.530068,19.080247,270,2025-08,streetview
data/images/budapest/47.525756_19.080241_h0.jpg,budapest,47.525756,19.080241,0,2025-08,streetview
data/images/budapest/47.525756_19.080241_h90.jpg,budapest,47.525756,19.080241,90,2025-08,streetview
data/images/budapest/47.525756_19.080241_h180.jpg,budapest,47.525756,19.080241,180,2025-08,streetview
data/images/budapest/47.525756_19.080241_h270.jpg,budapest,47.525756,19.080241,270,2025-08,streetview
data/images/budapest/47.505275_19.086597_h0.jpg,budapest,47.505275,19.086597,0,2025-08,streetview
data/images/budapest/47.505275_19.086597_h90.jpg,budapest,47.505275,19.086597,90,2025-08,streetview
data/images/budapest/47.505275_19.086597_h180.jpg,budapest,47.505275,19.086597,180,2025-08,streetview
data/images/budapest/47.505275_19.086597_h270.jpg,budapest,47.505275,19.086597,270,2025-08,streetview
data/images/budapest/47.483715_19.072209_h0.jpg,budapest,47.483715,19.072209,0,2024-05,streetview
data/images/budapest/47.483715_19.072209_h90.jpg,budapest,47.483715,19.072209,90,2024-05,streetview
data/images/budapest/47.483715_19.072209_h180.jpg,budapest,47.483715,19.072209,180,2024-05,streetview
data/images/budapest/47.483715_19.072209_h270.jpg,budapest,47.483715,19.072209,270,2024-05,streetview
data/images/budapest/47.5236_19.078642_h0.jpg,budapest,47.5236,19.078642,0,2022-05,streetview
data/images/budapest/47.5236_19.078642_h90.jpg,budapest,47.5236,19.078642,90,2022-05,streetview
data/images/budapest/47.5236_19.078642_h180.jpg,budapest,47.5236,19.078642,180,2022-05,streetview
data/images/budapest/47.5236_19.078642_h270.jpg,budapest,47.5236,19.078642,270,2022-05,streetview
data/images/budapest/47.511743_19.07703_h0.jpg,budapest,47.511743,19.07703,0,2025-08,streetview
data/images/budapest/47.511743_19.07703_h90.jpg,budapest,47.511743,19.07703,90,2025-08,streetview
data/images/budapest/47.511743_19.07703_h180.jpg,budapest,47.511743,19.07703,180,2025-08,streetview
data/images/budapest/47.511743_19.07703_h270.jpg,budapest,47.511743,19.07703,270,2025-08,streetview
data/images/budapest/47.467546_19.041892_h0.jpg,budapest,47.467546,19.041892,0,2025-09,streetview
data/images/budapest/47.467546_19.041892_h90.jpg,budapest,47.467546,19.041892,90,2025-09,streetview
data/images/budapest/47.467546_19.041892_h180.jpg,budapest,47.467546,19.041892,180,2025-09,streetview
data/images/budapest/47.467546_19.041892_h270.jpg,budapest,47.467546,19.041892,270,2025-09,streetview
data/images/budapest/47.496651_19.070629_h0.jpg,budapest,47.496651,19.070629,0,2024-07,streetview
data/images/budapest/47.496651_19.070629_h90.jpg,budapest,47.496651,19.070629,90,2024-07,streetview
data/images/budapest/47.496651_19.070629_h180.jpg,budapest,47.496651,19.070629,180,2024-07,streetview
data/images/budapest/47.496651_19.070629_h270.jpg,budapest,47.496651,19.070629,270,2024-07,streetview
data/images/budapest/47.506353_19.014787_h0.jpg,budapest,47.506353,19.014787,0,2024-06,streetview
data/images/budapest/47.506353_19.014787_h90.jpg,budapest,47.506353,19.014787,90,2024-06,streetview
data/images/budapest/47.506353_19.014787_h180.jpg,budapest,47.506353,19.014787,180,2024-06,streetview
data/images/budapest/47.506353_19.014787_h270.jpg,budapest,47.506353,19.014787,270,2024-06,streetview
data/images/budapest/47.485871_19.097735_h0.jpg,budapest,47.485871,19.097735,0,2024-06,streetview
data/images/budapest/47.485871_19.097735_h90.jpg,budapest,47.485871,19.097735,90,2024-06,streetview
data/images/budapest/47.485871_19.097735_h180.jpg,budapest,47.485871,19.097735,180,2024-06,streetview
data/images/budapest/47.485871_19.097735_h270.jpg,budapest,47.485871,19.097735,270,2024-06,streetview
data/images/budapest/47.519289_19.013192_h0.jpg,budapest,47.519289,19.013192,0,2025-09,streetview
data/images/budapest/47.519289_19.013192_h90.jpg,budapest,47.519289,19.013192,90,2025-09,streetview
data/images/budapest/47.519289_19.013192_h180.jpg,budapest,47.519289,19.013192,180,2025-09,streetview
data/images/budapest/47.519289_19.013192_h270.jpg,budapest,47.519289,19.013192,270,2025-09,streetview
data/images/budapest/47.46_19.029133_h0.jpg,budapest,47.46,19.029133,0,2025-09,streetview
data/images/budapest/47.46_19.029133_h90.jpg,budapest,47.46,19.029133,90,2025-09,streetview
data/images/budapest/47.46_19.029133_h180.jpg,budapest,47.46,19.029133,180,2025-09,streetview
data/images/budapest/47.46_19.029133_h270.jpg,budapest,47.46,19.029133,270,2025-09,streetview
data/images/budapest/47.531146_19.040334_h0.jpg,budapest,47.531146,19.040334,0,2025-09,streetview
data/images/budapest/47.531146_19.040334_h90.jpg,budapest,47.531146,19.040334,90,2025-09,streetview
data/images/budapest/47.531146_19.040334_h180.jpg,budapest,47.531146,19.040334,180,2025-09,streetview
data/images/budapest/47.531146_19.040334_h270.jpg,budapest,47.531146,19.040334,270,2025-09,streetview
data/images/budapest/47.521444_19.075446_h0.jpg,budapest,47.521444,19.075446,0,2024-06,streetview
data/images/budapest/47.521444_19.075446_h90.jpg,budapest,47.521444,19.075446,90,2024-06,streetview
data/images/budapest/47.521444_19.075446_h180.jpg,budapest,47.521444,19.075446,180,2024-06,streetview
data/images/budapest/47.521444_19.075446_h270.jpg,budapest,47.521444,19.075446,270,2024-06,streetview
data/images/budapest/47.512821_19.067456_h0.jpg,budapest,47.512821,19.067456,0,2024-06,streetview
data/images/budapest/47.512821_19.067456_h90.jpg,budapest,47.512821,19.067456,90,2024-06,streetview
data/images/budapest/47.512821_19.067456_h180.jpg,budapest,47.512821,19.067456,180,2024-06,streetview
data/images/budapest/47.512821_19.067456_h270.jpg,budapest,47.512821,19.067456,270,2024-06,streetview
data/images/budapest/47.482637_19.073803_h0.jpg,budapest,47.482637,19.073803,0,2025-08,streetview
data/images/budapest/47.482637_19.073803_h90.jpg,budapest,47.482637,19.073803,90,2025-08,streetview
data/images/budapest/47.482637_19.073803_h180.jpg,budapest,47.482637,19.073803,180,2025-08,streetview
data/images/budapest/47.482637_19.073803_h270.jpg,budapest,47.482637,19.073803,270,2025-08,streetview
data/images/budapest/47.478326_19.043494_h0.jpg,budapest,47.478326,19.043494,0,2025-09,streetview
data/images/budapest/47.478326_19.043494_h90.jpg,budapest,47.478326,19.043494,90,2025-09,streetview
data/images/budapest/47.478326_19.043494_h180.jpg,budapest,47.478326,19.043494,180,2025-09,streetview
data/images/budapest/47.478326_19.043494_h270.jpg,budapest,47.478326,19.043494,270,2025-09,streetview
data/images/budapest/47.496651_19.037124_h0.jpg,budapest,47.496651,19.037124,0,2020-10,streetview
data/images/budapest/47.496651_19.037124_h90.jpg,budapest,47.496651,19.037124,90,2020-10,streetview
data/images/budapest/47.496651_19.037124_h180.jpg,budapest,47.496651,19.037124,180,2020-10,streetview
data/images/budapest/47.496651_19.037124_h270.jpg,budapest,47.496651,19.037124,270,2020-10,streetview
data/images/budapest/47.481559_19.081777_h0.jpg,budapest,47.481559,19.081777,0,2025-08,streetview
data/images/budapest/47.481559_19.081777_h90.jpg,budapest,47.481559,19.081777,90,2025-08,streetview
data/images/budapest/47.481559_19.081777_h180.jpg,budapest,47.481559,19.081777,180,2025-08,streetview
data/images/budapest/47.481559_19.081777_h270.jpg,budapest,47.481559,19.081777,270,2025-08,streetview
data/images/budapest/47.489105_19.086573_h0.jpg,budapest,47.489105,19.086573,0,2025-08,streetview
data/images/budapest/47.489105_19.086573_h90.jpg,budapest,47.489105,19.086573,90,2025-08,streetview
data/images/budapest/47.489105_19.086573_h180.jpg,budapest,47.489105,19.086573,180,2025-08,streetview
data/images/budapest/47.489105_19.086573_h270.jpg,budapest,47.489105,19.086573,270,2025-08,streetview
data/images/budapest/47.496651_19.07382_h0.jpg,budapest,47.496651,19.07382,0,2024-06,streetview
data/images/budapest/47.496651_19.07382_h90.jpg,budapest,47.496651,19.07382,90,2024-06,streetview
data/images/budapest/47.496651_19.07382_h180.jpg,budapest,47.496651,19.07382,180,2024-06,streetview
data/images/budapest/47.496651_19.07382_h270.jpg,budapest,47.496651,19.07382,270,2024-06,streetview
data/images/budapest/47.500963_19.077017_h0.jpg,budapest,47.500963,19.077017,0,2025-08,streetview
data/images/budapest/47.500963_19.077017_h90.jpg,budapest,47.500963,19.077017,90,2025-08,streetview
data/images/budapest/47.500963_19.077017_h180.jpg,budapest,47.500963,19.077017,180,2025-08,streetview
data/images/budapest/47.500963_19.077017_h270.jpg,budapest,47.500963,19.077017,270,2025-08,streetview
data/images/budapest/47.518211_19.016385_h0.jpg,budapest,47.518211,19.016385,0,2025-09,streetview
data/images/budapest/47.518211_19.016385_h90.jpg,budapest,47.518211,19.016385,90,2025-09,streetview
data/images/budapest/47.518211_19.016385_h180.jpg,budapest,47.518211,19.016385,180,2025-09,streetview
data/images/budapest/47.518211_19.016385_h270.jpg,budapest,47.518211,19.016385,270,2025-09,streetview
data/images/budapest/47.489105_19.03712_h0.jpg,budapest,47.489105,19.03712,0,2025-09,streetview
data/images/budapest/47.489105_19.03712_h90.jpg,budapest,47.489105,19.03712,90,2025-09,streetview
data/images/budapest/47.489105_19.03712_h180.jpg,budapest,47.489105,19.03712,180,2025-09,streetview
data/images/budapest/47.489105_19.03712_h270.jpg,budapest,47.489105,19.03712,270,2025-09,streetview
data/images/budapest/47.472936_19.056249_h0.jpg,budapest,47.472936,19.056249,0,2025-09,streetview
data/images/budapest/47.472936_19.056249_h90.jpg,budapest,47.472936,19.056249,90,2025-09,streetview
data/images/budapest/47.472936_19.056249_h180.jpg,budapest,47.472936,19.056249,180,2025-09,streetview
data/images/budapest/47.472936_19.056249_h270.jpg,budapest,47.472936,19.056249,270,2025-09,streetview
data/images/budapest/47.483715_19.062639_h0.jpg,budapest,47.483715,19.062639,0,2024-06,streetview
data/images/budapest/47.483715_19.062639_h90.jpg,budapest,47.483715,19.062639,90,2024-06,streetview
data/images/budapest/47.483715_19.062639_h180.jpg,budapest,47.483715,19.062639,180,2024-06,streetview
data/images/budapest/47.483715_19.062639_h270.jpg,budapest,47.483715,19.062639,270,2024-06,streetview
data/images/budapest/47.514977_19.011596_h0.jpg,budapest,47.514977,19.011596,0,2025-09,streetview
data/images/budapest/47.514977_19.011596_h90.jpg,budapest,47.514977,19.011596,90,2025-09,streetview
data/images/budapest/47.514977_19.011596_h180.jpg,budapest,47.514977,19.011596,180,2025-09,streetview
data/images/budapest/47.514977_19.011596_h270.jpg,budapest,47.514977,19.011596,270,2025-09,streetview
data/images/budapest/47.512821_19.035536_h0.jpg,budapest,47.512821,19.035536,0,2025-09,streetview
data/images/budapest/47.512821_19.035536_h90.jpg,budapest,47.512821,19.035536,90,2025-09,streetview
data/images/budapest/47.512821_19.035536_h180.jpg,budapest,47.512821,19.035536,180,2025-09,streetview
data/images/budapest/47.512821_19.035536_h270.jpg,budapest,47.512821,19.035536,270,2025-09,streetview
data/images/budapest/47.507431_19.096175_h0.jpg,budapest,47.507431,19.096175,0,2025-08,streetview
data/images/budapest/47.507431_19.096175_h90.jpg,budapest,47.507431,19.096175,90,2025-08,streetview
data/images/budapest/47.507431_19.096175_h180.jpg,budapest,47.507431,19.096175,180,2025-08,streetview
data/images/budapest/47.507431_19.096175_h270.jpg,budapest,47.507431,19.096175,270,2025-08,streetview
data/images/budapest/47.517133_19.065864_h0.jpg,budapest,47.517133,19.065864,0,2022-09,streetview
data/images/budapest/47.517133_19.065864_h90.jpg,budapest,47.517133,19.065864,90,2022-09,streetview
data/images/budapest/47.517133_19.065864_h180.jpg,budapest,47.517133,19.065864,180,2022-09,streetview
data/images/budapest/47.517133_19.065864_h270.jpg,budapest,47.517133,19.065864,270,2022-09,streetview
data/images/budapest/47.485871_19.081783_h0.jpg,budapest,47.485871,19.081783,0,2025-08,streetview
data/images/budapest/47.485871_19.081783_h90.jpg,budapest,47.485871,19.081783,90,2025-08,streetview
data/images/budapest/47.485871_19.081783_h180.jpg,budapest,47.485871,19.081783,180,2025-08,streetview
data/images/budapest/47.485871_19.081783_h270.jpg,budapest,47.485871,19.081783,270,2025-08,streetview
data/images/budapest/47.535458_19.011597_h0.jpg,budapest,47.535458,19.011597,0,2025-09,streetview
data/images/budapest/47.535458_19.011597_h90.jpg,budapest,47.535458,19.011597,90,2025-09,streetview
data/images/budapest/47.535458_19.011597_h180.jpg,budapest,47.535458,19.011597,180,2025-09,streetview
data/images/budapest/47.535458_19.011597_h270.jpg,budapest,47.535458,19.011597,270,2025-09,streetview
data/images/budapest/47.494495_19.019573_h0.jpg,budapest,47.494495,19.019573,0,2024-06,streetview
data/images/budapest/47.494495_19.019573_h90.jpg,budapest,47.494495,19.019573,90,2024-06,streetview
data/images/budapest/47.494495_19.019573_h180.jpg,budapest,47.494495,19.019573,180,2024-06,streetview
data/images/budapest/47.494495_19.019573_h270.jpg,budapest,47.494495,19.019573,270,2024-06,streetview
data/images/budapest/47.506353_19.032341_h0.jpg,budapest,47.506353,19.032341,0,2025-09,streetview
data/images/budapest/47.506353_19.032341_h90.jpg,budapest,47.506353,19.032341,90,2025-09,streetview
data/images/budapest/47.506353_19.032341_h180.jpg,budapest,47.506353,19.032341,180,2025-09,streetview
data/images/budapest/47.506353_19.032341_h270.jpg,budapest,47.506353,19.032341,270,2025-09,streetview
data/images/budapest/47.538692_19.016387_h0.jpg,budapest,47.538692,19.016387,0,2019-06,streetview
data/images/budapest/47.538692_19.016387_h90.jpg,budapest,47.538692,19.016387,90,2019-06,streetview
data/images/budapest/47.538692_19.016387_h180.jpg,budapest,47.538692,19.016387,180,2019-06,streetview
data/images/budapest/47.538692_19.016387_h270.jpg,budapest,47.538692,19.016387,270,2019-06,streetview
data/images/budapest/47.510665_19.069049_h0.jpg,budapest,47.510665,19.069049,0,2025-08,streetview
data/images/budapest/47.510665_19.069049_h90.jpg,budapest,47.510665,19.069049,90,2025-08,streetview
data/images/budapest/47.510665_19.069049_h180.jpg,budapest,47.510665,19.069049,180,2025-08,streetview
data/images/budapest/47.510665_19.069049_h270.jpg,budapest,47.510665,19.069049,270,2025-08,streetview
data/images/budapest/47.531146_19.083441_h0.jpg,budapest,47.531146,19.083441,0,2025-08,streetview
data/images/budapest/47.531146_19.083441_h90.jpg,budapest,47.531146,19.083441,90,2025-08,streetview
data/images/budapest/47.531146_19.083441_h180.jpg,budapest,47.531146,19.083441,180,2025-08,streetview
data/images/budapest/47.531146_19.083441_h270.jpg,budapest,47.531146,19.083441,270,2025-08,streetview
data/images/budapest/47.486949_19.065832_h0.jpg,budapest,47.486949,19.065832,0,2025-08,streetview
data/images/budapest/47.486949_19.065832_h90.jpg,budapest,47.486949,19.065832,90,2025-08,streetview
data/images/budapest/47.486949_19.065832_h180.jpg,budapest,47.486949,19.065832,180,2025-08,streetview
data/images/budapest/47.486949_19.065832_h270.jpg,budapest,47.486949,19.065832,270,2025-08,streetview
data/images/budapest/47.466468_19.076973_h0.jpg,budapest,47.466468,19.076973,0,2024-08,streetview
data/images/budapest/47.466468_19.076973_h90.jpg,budapest,47.466468,19.076973,90,2024-08,streetview
data/images/budapest/47.466468_19.076973_h180.jpg,budapest,47.466468,19.076973,180,2024-08,streetview
data/images/budapest/47.466468_19.076973_h270.jpg,budapest,47.466468,19.076973,270,2024-08,streetview
data/images/budapest/47.530068_19.077054_h0.jpg,budapest,47.530068,19.077054,0,2025-08,streetview
data/images/budapest/47.530068_19.077054_h90.jpg,budapest,47.530068,19.077054,90,2025-08,streetview
data/images/budapest/47.530068_19.077054_h180.jpg,budapest,47.530068,19.077054,180,2025-08,streetview
data/images/budapest/47.530068_19.077054_h270.jpg,budapest,47.530068,19.077054,270,2025-08,streetview
data/images/budapest/47.485871_19.038713_h0.jpg,budapest,47.485871,19.038713,0,2025-09,streetview
data/images/budapest/47.485871_19.038713_h90.jpg,budapest,47.485871,19.038713,90,2025-09,streetview
data/images/budapest/47.485871_19.038713_h180.jpg,budapest,47.485871,19.038713,180,2025-09,streetview
data/images/budapest/47.485871_19.038713_h270.jpg,budapest,47.485871,19.038713,270,2025-09,streetview
data/images/budapest/47.491261_19.046693_h0.jpg,budapest,47.491261,19.046693,0,2025-09,streetview
data/images/budapest/47.491261_19.046693_h90.jpg,budapest,47.491261,19.046693,90,2025-09,streetview
data/images/budapest/47.491261_19.046693_h180.jpg,budapest,47.491261,19.046693,180,2025-09,streetview
data/images/budapest/47.491261_19.046693_h270.jpg,budapest,47.491261,19.046693,270,2025-09,streetview
data/images/budapest/47.506353_19.078619_h0.jpg,budapest,47.506353,19.078619,0,2024-06,streetview
data/images/budapest/47.506353_19.078619_h90.jpg,budapest,47.506353,19.078619,90,2024-06,streetview
data/images/budapest/47.506353_19.078619_h180.jpg,budapest,47.506353,19.078619,180,2024-06,streetview
data/images/budapest/47.506353_19.078619_h270.jpg,budapest,47.506353,19.078619,270,2024-06,streetview
data/images/budapest/47.503119_19.067445_h0.jpg,budapest,47.503119,19.067445,0,2024-06,streetview
data/images/budapest/47.503119_19.067445_h90.jpg,budapest,47.503119,19.067445,90,2024-06,streetview
data/images/budapest/47.503119_19.067445_h180.jpg,budapest,47.503119,19.067445,180,2024-06,streetview
data/images/budapest/47.503119_19.067445_h270.jpg,budapest,47.503119,19.067445,270,2024-06,streetview
data/images/budapest/47.468624_19.081759_h0.jpg,budapest,47.468624,19.081759,0,2025-08,streetview
data/images/budapest/47.468624_19.081759_h90.jpg,budapest,47.468624,19.081759,90,2025-08,streetview
data/images/budapest/47.468624_19.081759_h180.jpg,budapest,47.468624,19.081759,180,2025-08,streetview
data/images/budapest/47.468624_19.081759_h270.jpg,budapest,47.468624,19.081759,270,2025-08,streetview
data/images/budapest/47.538692_19.024371_h0.jpg,budapest,47.538692,19.024371,0,2024-06,streetview
data/images/budapest/47.538692_19.024371_h90.jpg,budapest,47.538692,19.024371,90,2024-06,streetview
data/images/budapest/47.538692_19.024371_h180.jpg,budapest,47.538692,19.024371,180,2024-06,streetview
data/images/budapest/47.538692_19.024371_h270.jpg,budapest,47.538692,19.024371,270,2024-06,streetview
data/images/budapest/47.486949_19.01_h0.jpg,budapest,47.486949,19.01,0,2025-09,streetview
data/images/budapest/47.486949_19.01_h90.jpg,budapest,47.486949,19.01,90,2025-09,streetview
data/images/budapest/47.486949_19.01_h180.jpg,budapest,47.486949,19.01,180,2025-09,streetview
data/images/budapest/47.486949_19.01_h270.jpg,budapest,47.486949,19.01,270,2025-09,streetview
data/images/budapest/47.491261_19.08179_h0.jpg,budapest,47.491261,19.08179,0,2024-06,streetview
data/images/budapest/47.491261_19.08179_h90.jpg,budapest,47.491261,19.08179,90,2024-06,streetview
data/images/budapest/47.491261_19.08179_h180.jpg,budapest,47.491261,19.08179,180,2024-06,streetview
data/images/budapest/47.491261_19.08179_h270.jpg,budapest,47.491261,19.08179,270,2024-06,streetview
data/images/budapest/47.497729_19.021169_h0.jpg,budapest,47.497729,19.021169,0,2024-06,streetview
data/images/budapest/47.497729_19.021169_h90.jpg,budapest,47.497729,19.021169,90,2024-06,streetview
data/images/budapest/47.497729_19.021169_h180.jpg,budapest,47.497729,19.021169,180,2024-06,streetview
data/images/budapest/47.497729_19.021169_h270.jpg,budapest,47.497729,19.021169,270,2024-06,streetview
data/images/budapest/47.518211_19.014788_h0.jpg,budapest,47.518211,19.014788,0,2024-06,streetview
data/images/budapest/47.518211_19.014788_h90.jpg,budapest,47.518211,19.014788,90,2024-06,streetview
data/images/budapest/47.518211_19.014788_h180.jpg,budapest,47.518211,19.014788,180,2024-06,streetview
data/images/budapest/47.518211_19.014788_h270.jpg,budapest,47.518211,19.014788,270,2024-06,streetview
data/images/budapest/47.499885_19.057868_h0.jpg,budapest,47.499885,19.057868,0,2024-06,streetview
data/images/budapest/47.499885_19.057868_h90.jpg,budapest,47.499885,19.057868,90,2024-06,streetview
data/images/budapest/47.499885_19.057868_h180.jpg,budapest,47.499885,19.057868,180,2024-06,streetview
data/images/budapest/47.499885_19.057868_h270.jpg,budapest,47.499885,19.057868,270,2024-06,streetview
data/images/budapest/47.47617_19.069011_h0.jpg,budapest,47.47617,19.069011,0,2024-06,streetview
data/images/budapest/47.47617_19.069011_h90.jpg,budapest,47.47617,19.069011,90,2024-06,streetview
data/images/budapest/47.47617_19.069011_h180.jpg,budapest,47.47617,19.069011,180,2024-06,streetview
data/images/budapest/47.47617_19.069011_h270.jpg,budapest,47.47617,19.069011,270,2024-06,streetview
data/images/budapest/47.524678_19.06268_h0.jpg,budapest,47.524678,19.06268,0,2025-09,streetview
data/images/budapest/47.524678_19.06268_h90.jpg,budapest,47.524678,19.06268,90,2025-09,streetview
data/images/budapest/47.524678_19.06268_h180.jpg,budapest,47.524678,19.06268,180,2025-09,streetview
data/images/budapest/47.524678_19.06268_h270.jpg,budapest,47.524678,19.06268,270,2025-09,streetview
data/images/budapest/47.506353_19.080215_h0.jpg,budapest,47.506353,19.080215,0,2023-06,streetview
data/images/budapest/47.506353_19.080215_h90.jpg,budapest,47.506353,19.080215,90,2023-06,streetview
data/images/budapest/47.506353_19.080215_h180.jpg,budapest,47.506353,19.080215,180,2023-06,streetview
data/images/budapest/47.506353_19.080215_h270.jpg,budapest,47.506353,19.080215,270,2023-06,streetview
data/images/budapest/47.479404_19.046684_h0.jpg,budapest,47.479404,19.046684,0,2022-04,streetview
data/images/budapest/47.479404_19.046684_h90.jpg,budapest,47.479404,19.046684,90,2022-04,streetview
data/images/budapest/47.479404_19.046684_h180.jpg,budapest,47.479404,19.046684,180,2022-04,streetview
data/images/budapest/47.479404_19.046684_h270.jpg,budapest,47.479404,19.046684,270,2022-04,streetview
data/images/budapest/47.462156_19.072184_h0.jpg,budapest,47.462156,19.072184,0,2025-09,streetview
data/images/budapest/47.462156_19.072184_h90.jpg,budapest,47.462156,19.072184,90,2025-09,streetview
data/images/budapest/47.462156_19.072184_h180.jpg,budapest,47.462156,19.072184,180,2025-09,streetview
data/images/budapest/47.462156_19.072184_h270.jpg,budapest,47.462156,19.072184,270,2025-09,streetview
data/images/budapest/47.474014_19.054655_h0.jpg,budapest,47.474014,19.054655,0,2025-09,streetview
data/images/budapest/47.474014_19.054655_h90.jpg,budapest,47.474014,19.054655,90,2025-09,streetview
data/images/budapest/47.474014_19.054655_h180.jpg,budapest,47.474014,19.054655,180,2025-09,streetview
data/images/budapest/47.474014_19.054655_h270.jpg,budapest,47.474014,19.054655,270,2025-09,streetview
data/images/budapest/47.503119_19.057871_h0.jpg,budapest,47.503119,19.057871,0,2024-06,streetview
data/images/budapest/47.503119_19.057871_h90.jpg,budapest,47.503119,19.057871,90,2024-06,streetview
data/images/budapest/47.503119_19.057871_h180.jpg,budapest,47.503119,19.057871,180,2024-06,streetview
data/images/budapest/47.503119_19.057871_h270.jpg,budapest,47.503119,19.057871,270,2024-06,streetview
data/images/budapest/47.508509_19.065855_h0.jpg,budapest,47.508509,19.065855,0,2025-08,streetview
data/images/budapest/47.508509_19.065855_h90.jpg,budapest,47.508509,19.065855,90,2025-08,streetview
data/images/budapest/47.508509_19.065855_h180.jpg,budapest,47.508509,19.065855,180,2025-08,streetview
data/images/budapest/47.508509_19.065855_h270.jpg,budapest,47.508509,19.065855,270,2025-08,streetview
data/images/budapest/47.533302_19.073865_h0.jpg,budapest,47.533302,19.073865,0,2023-10,streetview
data/images/budapest/47.533302_19.073865_h90.jpg,budapest,47.533302,19.073865,90,2023-10,streetview
data/images/budapest/47.533302_19.073865_h180.jpg,budapest,47.533302,19.073865,180,2023-10,streetview
data/images/budapest/47.533302_19.073865_h270.jpg,budapest,47.533302,19.073865,270,2023-10,streetview
data/images/budapest/47.468624_19.070597_h0.jpg,budapest,47.468624,19.070597,0,2025-09,streetview
data/images/budapest/47.468624_19.070597_h90.jpg,budapest,47.468624,19.070597,90,2025-09,streetview
data/images/budapest/47.468624_19.070597_h180.jpg,budapest,47.468624,19.070597,180,2025-09,streetview
data/images/budapest/47.468624_19.070597_h270.jpg,budapest,47.468624,19.070597,270,2025-09,streetview
data/images/budapest/47.531146_19.043528_h0.jpg,budapest,47.531146,19.043528,0,2025-09,streetview
data/images/budapest/47.531146_19.043528_h90.jpg,budapest,47.531146,19.043528,90,2025-09,streetview
data/images/budapest/47.531146_19.043528_h180.jpg,budapest,47.531146,19.043528,180,2025-09,streetview
data/images/budapest/47.531146_19.043528_h270.jpg,budapest,47.531146,19.043528,270,2025-09,streetview
data/images/budapest/47.481559_19.049876_h0.jpg,budapest,47.481559,19.049876,0,2022-04,streetview
data/images/budapest/47.481559_19.049876_h90.jpg,budapest,47.481559,19.049876,90,2022-04,streetview
data/images/budapest/47.481559_19.049876_h180.jpg,budapest,47.481559,19.049876,180,2022-04,streetview
data/images/budapest/47.481559_19.049876_h270.jpg,budapest,47.481559,19.049876,270,2022-04,streetview
data/images/budapest/47.462156_19.05305_h0.jpg,budapest,47.462156,19.05305,0,2025-09,streetview
data/images/budapest/47.462156_19.05305_h90.jpg,budapest,47.462156,19.05305,90,2025-09,streetview
data/images/budapest/47.462156_19.05305_h180.jpg,budapest,47.462156,19.05305,180,2025-09,streetview
data/images/budapest/47.462156_19.05305_h270.jpg,budapest,47.462156,19.05305,270,2025-09,streetview
data/images/budapest/47.484793_19.014785_h0.jpg,budapest,47.484793,19.014785,0,2024-06,streetview
data/images/budapest/47.484793_19.014785_h90.jpg,budapest,47.484793,19.014785,90,2024-06,streetview
data/images/budapest/47.484793_19.014785_h180.jpg,budapest,47.484793,19.014785,180,2024-06,streetview
data/images/budapest/47.484793_19.014785_h270.jpg,budapest,47.484793,19.014785,270,2024-06,streetview
data/images/budapest/47.478326_19.033924_h0.jpg,budapest,47.478326,19.033924,0,2025-09,streetview
data/images/budapest/47.478326_19.033924_h90.jpg,budapest,47.478326,19.033924,90,2025-09,streetview
data/images/budapest/47.478326_19.033924_h180.jpg,budapest,47.478326,19.033924,180,2025-09,streetview
data/images/budapest/47.478326_19.033924_h270.jpg,budapest,47.478326,19.033924,270,2025-09,streetview
data/images/budapest/47.508509_19.033938_h0.jpg,budapest,47.508509,19.033938,0,2025-09,streetview
data/images/budapest/47.508509_19.033938_h90.jpg,budapest,47.508509,19.033938,90,2025-09,streetview
data/images/budapest/47.508509_19.033938_h180.jpg,budapest,47.508509,19.033938,180,2025-09,streetview
data/images/budapest/47.508509_19.033938_h270.jpg,budapest,47.508509,19.033938,270,2025-09,streetview
data/images/budapest/47.477248_19.030734_h0.jpg,budapest,47.477248,19.030734,0,2025-09,streetview
data/images/budapest/47.477248_19.030734_h90.jpg,budapest,47.477248,19.030734,90,2025-09,streetview
data/images/budapest/47.477248_19.030734_h180.jpg,budapest,47.477248,19.030734,180,2025-09,streetview
data/images/budapest/47.477248_19.030734_h270.jpg,budapest,47.477248,19.030734,270,2025-09,streetview
data/images/budapest/47.502041_19.037126_h0.jpg,budapest,47.502041,19.037126,0,2025-09,streetview
data/images/budapest/47.502041_19.037126_h90.jpg,budapest,47.502041,19.037126,90,2025-09,streetview
data/images/budapest/47.502041_19.037126_h180.jpg,budapest,47.502041,19.037126,180,2025-09,streetview
data/images/budapest/47.502041_19.037126_h270.jpg,budapest,47.502041,19.037126,270,2025-09,streetview
data/images/budapest/47.535458_19.073867_h0.jpg,budapest,47.535458,19.073867,0,2025-09,streetview
data/images/budapest/47.535458_19.073867_h90.jpg,budapest,47.535458,19.073867,90,2025-09,streetview
data/images/budapest/47.535458_19.073867_h180.jpg,budapest,47.535458,19.073867,180,2025-09,streetview
data/images/budapest/47.535458_19.073867_h270.jpg,budapest,47.535458,19.073867,270,2025-09,streetview
data/images/budapest/47.497729_19.027551_h0.jpg,budapest,47.497729,19.027551,0,2024-06,streetview
data/images/budapest/47.497729_19.027551_h90.jpg,budapest,47.497729,19.027551,90,2024-06,streetview
data/images/budapest/47.497729_19.027551_h180.jpg,budapest,47.497729,19.027551,180,2024-06,streetview
data/images/budapest/47.497729_19.027551_h270.jpg,budapest,47.497729,19.027551,270,2024-06,streetview
data/images/budapest/47.506353_19.01_h0.jpg,budapest,47.506353,19.01,0,2024-06,streetview
data/images/budapest/47.506353_19.01_h90.jpg,budapest,47.506353,19.01,90,2024-06,streetview
data/images/budapest/47.506353_19.01_h180.jpg,budapest,47.506353,19.01,180,2024-06,streetview
data/images/budapest/47.506353_19.01_h270.jpg,budapest,47.506353,19.01,270,2024-06,streetview
data/images/budapest/47.475092_19.083363_h0.jpg,budapest,47.475092,19.083363,0,2024-08,streetview
data/images/budapest/47.475092_19.083363_h90.jpg,budapest,47.475092,19.083363,90,2024-08,streetview
data/images/budapest/47.475092_19.083363_h180.jpg,budapest,47.475092,19.083363,180,2024-08,streetview
data/images/budapest/47.475092_19.083363_h270.jpg,budapest,47.475092,19.083363,270,2024-08,streetview
data/images/budapest/47.47617_19.032328_h0.jpg,budapest,47.47617,19.032328,0,2025-09,streetview
data/images/budapest/47.47617_19.032328_h90.jpg,budapest,47.47617,19.032328,90,2025-09,streetview
data/images/budapest/47.47617_19.032328_h180.jpg,budapest,47.47617,19.032328,180,2025-09,streetview
data/images/budapest/47.47617_19.032328_h270.jpg,budapest,47.47617,19.032328,270,2025-09,streetview
data/images/budapest/47.514977_19.037133_h0.jpg,budapest,47.514977,19.037133,0,2024-07,streetview
data/images/budapest/47.514977_19.037133_h90.jpg,budapest,47.514977,19.037133,90,2024-07,streetview
data/images/budapest/47.514977_19.037133_h180.jpg,budapest,47.514977,19.037133,180,2024-07,streetview
data/images/budapest/47.514977_19.037133_h270.jpg,budapest,47.514977,19.037133,270,2024-07,streetview
data/images/budapest/47.512821_19.0898_h0.jpg,budapest,47.512821,19.0898,0,2022-03,streetview
data/images/budapest/47.512821_19.0898_h90.jpg,budapest,47.512821,19.0898,90,2022-03,streetview
data/images/budapest/47.512821_19.0898_h180.jpg,budapest,47.512821,19.0898,180,2022-03,streetview
data/images/budapest/47.512821_19.0898_h270.jpg,budapest,47.512821,19.0898,270,2022-03,streetview
data/images/budapest/47.532224_19.069074_h0.jpg,budapest,47.532224,19.069074,0,2025-08,streetview
data/images/budapest/47.532224_19.069074_h90.jpg,budapest,47.532224,19.069074,90,2025-08,streetview
data/images/budapest/47.532224_19.069074_h180.jpg,budapest,47.532224,19.069074,180,2025-08,streetview
data/images/budapest/47.532224_19.069074_h270.jpg,budapest,47.532224,19.069074,270,2025-08,streetview
data/images/budapest/47.505275_19.014787_h0.jpg,budapest,47.505275,19.014787,0,2022-04,streetview
data/images/budapest/47.505275_19.014787_h90.jpg,budapest,47.505275,19.014787,90,2022-04,streetview
data/images/budapest/47.505275_19.014787_h180.jpg,budapest,47.505275,19.014787,180,2022-04,streetview
data/images/budapest/47.505275_19.014787_h270.jpg,budapest,47.505275,19.014787,270,2022-04,streetview
data/images/budapest/47.462156_19.045078_h0.jpg,budapest,47.462156,19.045078,0,2024-06,streetview
data/images/budapest/47.462156_19.045078_h90.jpg,budapest,47.462156,19.045078,90,2024-06,streetview
data/images/budapest/47.462156_19.045078_h180.jpg,budapest,47.462156,19.045078,180,2024-06,streetview
data/images/budapest/47.462156_19.045078_h270.jpg,budapest,47.462156,19.045078,270,2024-06,streetview
data/images/budapest/47.531146_19.019579_h0.jpg,budapest,47.531146,19.019579,0,2025-09,streetview
data/images/budapest/47.531146_19.019579_h90.jpg,budapest,47.531146,19.019579,90,2025-09,streetview
data/images/budapest/47.531146_19.019579_h180.jpg,budapest,47.531146,19.019579,180,2025-09,streetview
data/images/budapest/47.531146_19.019579_h270.jpg,budapest,47.531146,19.019579,270,2025-09,streetview
data/images/budapest/47.496651_19.022764_h0.jpg,budapest,47.496651,19.022764,0,2025-09,streetview
data/images/budapest/47.496651_19.022764_h90.jpg,budapest,47.496651,19.022764,90,2025-09,streetview
data/images/budapest/47.496651_19.022764_h180.jpg,budapest,47.496651,19.022764,180,2025-09,streetview
data/images/budapest/47.496651_19.022764_h270.jpg,budapest,47.496651,19.022764,270,2025-09,streetview
data/images/budapest/47.504197_19.045106_h0.jpg,budapest,47.504197,19.045106,0,2023-02,streetview
data/images/budapest/47.504197_19.045106_h90.jpg,budapest,47.504197,19.045106,90,2023-02,streetview
data/images/budapest/47.504197_19.045106_h180.jpg,budapest,47.504197,19.045106,180,2023-02,streetview
data/images/budapest/47.504197_19.045106_h270.jpg,budapest,47.504197,19.045106,270,2023-02,streetview
data/images/budapest/47.469702_19.097708_h0.jpg,budapest,47.469702,19.097708,0,2025-08,streetview
data/images/budapest/47.469702_19.097708_h90.jpg,budapest,47.469702,19.097708,90,2025-08,streetview
data/images/budapest/47.469702_19.097708_h180.jpg,budapest,47.469702,19.097708,180,2025-08,streetview
data/images/budapest/47.469702_19.097708_h270.jpg,budapest,47.469702,19.097708,270,2025-08,streetview
data/images/budapest/47.46539_19.040296_h0.jpg,budapest,47.46539,19.040296,0,2025-09,streetview
data/images/budapest/47.46539_19.040296_h90.jpg,budapest,47.46539,19.040296,90,2025-09,streetview
data/images/budapest/47.46539_19.040296_h180.jpg,budapest,47.46539,19.040296,180,2025-09,streetview
data/images/budapest/47.46539_19.040296_h270.jpg,budapest,47.46539,19.040296,270,2025-09,streetview
data/images/budapest/47.516055_19.094593_h0.jpg,budapest,47.516055,19.094593,0,2019-07,streetview
data/images/budapest/47.516055_19.094593_h90.jpg,budapest,47.516055,19.094593,90,2019-07,streetview
data/images/budapest/47.516055_19.094593_h180.jpg,budapest,47.516055,19.094593,180,2019-07,streetview
data/images/budapest/47.516055_19.094593_h270.jpg,budapest,47.516055,19.094593,270,2019-07,streetview
data/images/budapest/47.506353_19.062661_h0.jpg,budapest,47.506353,19.062661,0,2024-06,streetview
data/images/budapest/47.506353_19.062661_h90.jpg,budapest,47.506353,19.062661,90,2024-06,streetview
data/images/budapest/47.506353_19.062661_h180.jpg,budapest,47.506353,19.062661,180,2024-06,streetview
data/images/budapest/47.506353_19.062661_h270.jpg,budapest,47.506353,19.062661,270,2024-06,streetview
data/images/budapest/47.527912_19.027561_h0.jpg,budapest,47.527912,19.027561,0,2024-07,streetview
data/images/budapest/47.527912_19.027561_h90.jpg,budapest,47.527912,19.027561,90,2024-07,streetview
data/images/budapest/47.527912_19.027561_h180.jpg,budapest,47.527912,19.027561,180,2024-07,streetview
data/images/budapest/47.527912_19.027561_h270.jpg,budapest,47.527912,19.027561,270,2024-07,streetview
data/images/budapest/47.495573_19.083392_h0.jpg,budapest,47.495573,19.083392,0,2024-04,streetview
data/images/budapest/47.495573_19.083392_h90.jpg,budapest,47.495573,19.083392,90,2024-04,streetview
data/images/budapest/47.495573_19.083392_h180.jpg,budapest,47.495573,19.083392,180,2024-04,streetview
data/images/budapest/47.495573_19.083392_h270.jpg,budapest,47.495573,19.083392,270,2024-04,streetview
data/images/budapest/47.519289_19.011596_h0.jpg,budapest,47.519289,19.011596,0,2025-09,streetview
data/images/budapest/47.519289_19.011596_h90.jpg,budapest,47.519289,19.011596,90,2025-09,streetview
data/images/budapest/47.519289_19.011596_h180.jpg,budapest,47.519289,19.011596,180,2025-09,streetview
data/images/budapest/47.519289_19.011596_h270.jpg,budapest,47.519289,19.011596,270,2025-09,streetview
data/images/budapest/47.52899_19.097807_h0.jpg,budapest,47.52899,19.097807,0,2025-08,streetview
data/images/budapest/47.52899_19.097807_h90.jpg,budapest,47.52899,19.097807,90,2025-08,streetview
data/images/budapest/47.52899_19.097807_h180.jpg,budapest,47.52899,19.097807,180,2025-08,streetview
data/images/budapest/47.52899_19.097807_h270.jpg,budapest,47.52899,19.097807,270,2025-08,streetview
data/images/budapest/47.533302_19.085041_h0.jpg,budapest,47.533302,19.085041,0,2025-08,streetview
data/images/budapest/47.533302_19.085041_h90.jpg,budapest,47.533302,19.085041,90,2025-08,streetview
data/images/budapest/47.533302_19.085041_h180.jpg,budapest,47.533302,19.085041,180,2025-08,streetview
data/images/budapest/47.533302_19.085041_h270.jpg,budapest,47.533302,19.085041,270,2025-08,streetview
data/images/budapest/47.53977_19.065888_h0.jpg,budapest,47.53977,19.065888,0,2024-06,streetview
data/images/budapest/47.53977_19.065888_h90.jpg,budapest,47.53977,19.065888,90,2024-06,streetview
data/images/budapest/47.53977_19.065888_h180.jpg,budapest,47.53977,19.065888,180,2024-06,streetview
data/images/budapest/47.53977_19.065888_h270.jpg,budapest,47.53977,19.065888,270,2024-06,streetview
data/images/budapest/47.464312_19.01_h0.jpg,budapest,47.464312,19.01,0,2025-09,streetview
data/images/budapest/47.464312_19.01_h90.jpg,budapest,47.464312,19.01,90,2025-09,streetview
data/images/budapest/47.464312_19.01_h180.jpg,budapest,47.464312,19.01,180,2025-09,streetview
data/images/budapest/47.464312_19.01_h270.jpg,budapest,47.464312,19.01,270,2025-09,streetview
data/images/budapest/47.482637_19.029141_h0.jpg,budapest,47.482637,19.029141,0,2025-09,streetview
data/images/budapest/47.482637_19.029141_h90.jpg,budapest,47.482637,19.029141,90,2025-09,streetview
data/images/budapest/47.482637_19.029141_h180.jpg,budapest,47.482637,19.029141,180,2025-09,streetview
data/images/budapest/47.482637_19.029141_h270.jpg,budapest,47.482637,19.029141,270,2025-09,streetview
data/images/budapest/47.518211_19.057885_h0.jpg,budapest,47.518211,19.057885,0,2025-09,streetview
data/images/budapest/47.518211_19.057885_h90.jpg,budapest,47.518211,19.057885,90,2025-09,streetview
data/images/budapest/47.518211_19.057885_h180.jpg,budapest,47.518211,19.057885,180,2025-09,streetview
data/images/budapest/47.518211_19.057885_h270.jpg,budapest,47.518211,19.057885,270,2025-09,streetview
data/images/budapest/47.478326_19.041899_h0.jpg,budapest,47.478326,19.041899,0,2025-09,streetview
data/images/budapest/47.478326_19.041899_h90.jpg,budapest,47.478326,19.041899,90,2025-09,streetview
data/images/budapest/47.478326_19.041899_h180.jpg,budapest,47.478326,19.041899,180,2025-09,streetview
data/images/budapest/47.478326_19.041899_h270.jpg,budapest,47.478326,19.041899,270,2025-09,streetview
data/images/budapest/47.46_19.056237_h0.jpg,budapest,47.46,19.056237,0,2022-09,streetview
data/images/budapest/47.46_19.056237_h90.jpg,budapest,47.46,19.056237,90,2022-09,streetview
data/images/budapest/47.46_19.056237_h180.jpg,budapest,47.46,19.056237,180,2022-09,streetview
data/images/budapest/47.46_19.056237_h270.jpg,budapest,47.46,19.056237,270,2022-09,streetview
data/images/budapest/47.512821_19.030748_h0.jpg,budapest,47.512821,19.030748,0,2024-06,streetview
data/images/budapest/47.512821_19.030748_h90.jpg,budapest,47.512821,19.030748,90,2024-06,streetview
data/images/budapest/47.512821_19.030748_h180.jpg,budapest,47.512821,19.030748,180,2024-06,streetview
data/images/budapest/47.512821_19.030748_h270.jpg,budapest,47.512821,19.030748,270,2024-06,streetview
data/images/budapest/47.514977_19.073842_h0.jpg,budapest,47.514977,19.073842,0,2025-08,streetview
data/images/budapest/47.514977_19.073842_h90.jpg,budapest,47.514977,19.073842,90,2025-08,streetview
data/images/budapest/47.514977_19.073842_h180.jpg,budapest,47.514977,19.073842,180,2025-08,streetview
data/images/budapest/47.514977_19.073842_h270.jpg,budapest,47.514977,19.073842,270,2025-08,streetview
data/images/budapest/47.480481_19.011595_h0.jpg,budapest,47.480481,19.011595,0,2024-06,streetview
data/images/budapest/47.480481_19.011595_h90.jpg,budapest,47.480481,19.011595,90,2024-06,streetview
data/images/budapest/47.480481_19.011595_h180.jpg,budapest,47.480481,19.011595,180,2024-06,streetview
data/images/budapest/47.480481_19.011595_h270.jpg,budapest,47.480481,19.011595,270,2024-06,streetview
data/images/budapest/47.46539_19.022756_h0.jpg,budapest,47.46539,19.022756,0,2018-02,streetview
data/images/budapest/47.46539_19.022756_h90.jpg,budapest,47.46539,19.022756,90,2018-02,streetview
data/images/budapest/47.46539_19.022756_h180.jpg,budapest,47.46539,19.022756,180,2018-02,streetview
data/images/budapest/47.46539_19.022756_h270.jpg,budapest,47.46539,19.022756,270,2018-02,streetview
data/images/budapest/47.525756_19.073855_h0.jpg,budapest,47.525756,19.073855,0,2024-06,streetview
data/images/budapest/47.525756_19.073855_h90.jpg,budapest,47.525756,19.073855,90,2024-06,streetview
data/images/budapest/47.525756_19.073855_h180.jpg,budapest,47.525756,19.073855,180,2024-06,streetview
data/images/budapest/47.525756_19.073855_h270.jpg,budapest,47.525756,19.073855,270,2024-06,streetview
data/images/budapest/47.506353_19.024362_h0.jpg,budapest,47.506353,19.024362,0,2024-06,streetview
data/images/budapest/47.506353_19.024362_h90.jpg,budapest,47.506353,19.024362,90,2024-06,streetview
data/images/budapest/47.506353_19.024362_h180.jpg,budapest,47.506353,19.024362,180,2024-06,streetview
data/images/budapest/47.506353_19.024362_h270.jpg,budapest,47.506353,19.024362,270,2024-06,streetview
data/images/budapest/47.462156_19.011594_h0.jpg,budapest,47.462156,19.011594,0,2025-09,streetview
data/images/budapest/47.462156_19.011594_h90.jpg,budapest,47.462156,19.011594,90,2025-09,streetview
data/images/budapest/47.462156_19.011594_h180.jpg,budapest,47.462156,19.011594,180,2025-09,streetview
data/images/budapest/47.462156_19.011594_h270.jpg,budapest,47.462156,19.011594,270,2025-09,streetview
data/images/budapest/47.46_19.019566_h0.jpg,budapest,47.46,19.019566,0,2025-09,streetview
data/images/budapest/47.46_19.019566_h90.jpg,budapest,47.46,19.019566,90,2025-09,streetview
data/images/budapest/47.46_19.019566_h180.jpg,budapest,47.46,19.019566,180,2025-09,streetview
data/images/budapest/47.46_19.019566_h270.jpg,budapest,47.46,19.019566,270,2025-09,streetview
data/images/budapest/47.468624_19.084949_h0.jpg,budapest,47.468624,19.084949,0,2024-05,streetview
data/images/budapest/47.468624_19.084949_h90.jpg,budapest,47.468624,19.084949,90,2024-05,streetview
data/images/budapest/47.468624_19.084949_h180.jpg,budapest,47.468624,19.084949,180,2024-05,streetview
data/images/budapest/47.468624_19.084949_h270.jpg,budapest,47.468624,19.084949,270,2024-05,streetview
data/images/budapest/47.512821_19.077032_h0.jpg,budapest,47.512821,19.077032,0,2025-08,streetview
data/images/budapest/47.512821_19.077032_h90.jpg,budapest,47.512821,19.077032,90,2025-08,streetview
data/images/budapest/47.512821_19.077032_h180.jpg,budapest,47.512821,19.077032,180,2025-08,streetview
data/images/budapest/47.512821_19.077032_h270.jpg,budapest,47.512821,19.077032,270,2025-08,streetview
data/images/budapest/47.530068_19.086633_h0.jpg,budapest,47.530068,19.086633,0,2025-08,streetview
data/images/budapest/47.530068_19.086633_h90.jpg,budapest,47.530068,19.086633,90,2025-08,streetview
data/images/budapest/47.530068_19.086633_h180.jpg,budapest,47.530068,19.086633,180,2025-08,streetview
data/images/budapest/47.530068_19.086633_h270.jpg,budapest,47.530068,19.086633,270,2025-08,streetview
data/images/budapest/47.497729_19.037124_h0.jpg,budapest,47.497729,19.037124,0,2024-06,streetview
data/images/budapest/47.497729_19.037124_h90.jpg,budapest,47.497729,19.037124,90,2024-06,streetview
data/images/budapest/47.497729_19.037124_h180.jpg,budapest,47.497729,19.037124,180,2024-06,streetview
data/images/budapest/47.497729_19.037124_h270.jpg,budapest,47.497729,19.037124,270,2024-06,streetview
data/images/budapest/47.47078_19.035515_h0.jpg,budapest,47.47078,19.035515,0,2024-06,streetview
data/images/budapest/47.47078_19.035515_h90.jpg,budapest,47.47078,19.035515,90,2024-06,streetview
data/images/budapest/47.47078_19.035515_h180.jpg,budapest,47.47078,19.035515,180,2024-06,streetview
data/images/budapest/47.47078_19.035515_h270.jpg,budapest,47.47078,19.035515,270,2024-06,streetview
data/images/budapest/47.510665_19.073837_h0.jpg,budapest,47.510665,19.073837,0,2024-06,streetview
data/images/budapest/47.510665_19.073837_h90.jpg,budapest,47.510665,19.073837,90,2024-06,streetview
data/images/budapest/47.510665_19.073837_h180.jpg,budapest,47.510665,19.073837,180,2024-06,streetview
data/images/budapest/47.510665_19.073837_h270.jpg,budapest,47.510665,19.073837,270,2024-06,streetview
data/images/budapest/47.517133_19.016384_h0.jpg,budapest,47.517133,19.016384,0,2025-09,streetview
data/images/budapest/47.517133_19.016384_h90.jpg,budapest,47.517133,19.016384,90,2025-09,streetview
data/images/budapest/47.517133_19.016384_h180.jpg,budapest,47.517133,19.016384,180,2025-09,streetview
data/images/budapest/47.517133_19.016384_h270.jpg,budapest,47.517133,19.016384,270,2025-09,streetview
data/images/budapest/47.509587_19.048301_h0.jpg,budapest,47.509587,19.048301,0,2025-09,streetview
data/images/budapest/47.509587_19.048301_h90.jpg,budapest,47.509587,19.048301,90,2025-09,streetview
data/images/budapest/47.509587_19.048301_h180.jpg,budapest,47.509587,19.048301,180,2025-09,streetview
data/images/budapest/47.509587_19.048301_h270.jpg,budapest,47.509587,19.048301,270,2025-09,streetview
data/images/budapest/47.475092_19.024354_h0.jpg,budapest,47.475092,19.024354,0,2024-06,streetview
data/images/budapest/47.475092_19.024354_h90.jpg,budapest,47.475092,19.024354,90,2024-06,streetview
data/images/budapest/47.475092_19.024354_h180.jpg,budapest,47.475092,19.024354,180,2024-06,streetview
data/images/budapest/47.475092_19.024354_h270.jpg,budapest,47.475092,19.024354,270,2024-06,streetview
data/images/budapest/47.521444_19.011596_h0.jpg,budapest,47.521444,19.011596,0,2025-09,streetview
data/images/budapest/47.521444_19.011596_h90.jpg,budapest,47.521444,19.011596,90,2025-09,streetview
data/images/budapest/47.521444_19.011596_h180.jpg,budapest,47.521444,19.011596,180,2025-09,streetview
data/images/budapest/47.521444_19.011596_h270.jpg,budapest,47.521444,19.011596,270,2025-09,streetview
data/images/budapest/47.533302_19.069075_h0.jpg,budapest,47.533302,19.069075,0,2024-06,streetview
data/images/budapest/47.533302_19.069075_h90.jpg,budapest,47.533302,19.069075,90,2024-06,streetview
data/images/budapest/47.533302_19.069075_h180.jpg,budapest,47.533302,19.069075,180,2024-06,streetview
data/images/budapest/47.533302_19.069075_h270.jpg,budapest,47.533302,19.069075,270,2024-06,streetview
data/images/budapest/47.500963_19.0467_h0.jpg,budapest,47.500963,19.0467,0,2025-09,streetview
data/images/budapest/47.500963_19.0467_h90.jpg,budapest,47.500963,19.0467,90,2025-09,streetview
data/images/budapest/47.500963_19.0467_h180.jpg,budapest,47.500963,19.0467,180,2025-09,streetview
data/images/budapest/47.500963_19.0467_h270.jpg,budapest,47.500963,19.0467,270,2025-09,streetview
data/images/budapest/47.520367_19.061079_h0.jpg,budapest,47.520367,19.061079,0,2025-09,streetview
data/images/budapest/47.520367_19.061079_h90.jpg,budapest,47.520367,19.061079,90,2025-09,streetview
data/images/budapest/47.520367_19.061079_h180.jpg,budapest,47.520367,19.061079,180,2025-09,streetview
data/images/budapest/47.520367_19.061079_h270.jpg,budapest,47.520367,19.061079,270,2025-09,streetview
data/images/budapest/47.518211_19.059481_h0.jpg,budapest,47.518211,19.059481,0,2018-01,streetview
data/images/budapest/47.518211_19.059481_h90.jpg,budapest,47.518211,19.059481,90,2018-01,streetview
data/images/budapest/47.518211_19.059481_h180.jpg,budapest,47.518211,19.059481,180,2018-01,streetview
data/images/budapest/47.518211_19.059481_h270.jpg,budapest,47.518211,19.059481,270,2018-01,streetview
data/images/budapest/47.517133_19.014788_h0.jpg,budapest,47.517133,19.014788,0,2025-09,streetview
data/images/budapest/47.517133_19.014788_h90.jpg,budapest,47.517133,19.014788,90,2025-09,streetview
data/images/budapest/47.517133_19.014788_h180.jpg,budapest,47.517133,19.014788,180,2025-09,streetview
data/images/budapest/47.517133_19.014788_h270.jpg,budapest,47.517133,19.014788,270,2025-09,streetview
data/images/budapest/47.497729_19.077012_h0.jpg,budapest,47.497729,19.077012,0,2024-06,streetview
data/images/budapest/47.497729_19.077012_h90.jpg,budapest,47.497729,19.077012,90,2024-06,streetview
data/images/budapest/47.497729_19.077012_h180.jpg,budapest,47.497729,19.077012,180,2024-06,streetview
data/images/budapest/47.497729_19.077012_h270.jpg,budapest,47.497729,19.077012,270,2024-06,streetview
data/images/budapest/47.530068_19.067475_h0.jpg,budapest,47.530068,19.067475,0,2025-08,streetview
data/images/budapest/47.530068_19.067475_h90.jpg,budapest,47.530068,19.067475,90,2025-08,streetview
data/images/budapest/47.530068_19.067475_h180.jpg,budapest,47.530068,19.067475,180,2025-08,streetview
data/images/budapest/47.530068_19.067475_h270.jpg,budapest,47.530068,19.067475,270,2025-08,streetview
data/images/budapest/47.46_19.032321_h0.jpg,budapest,47.46,19.032321,0,2019-09,streetview
data/images/budapest/47.46_19.032321_h90.jpg,budapest,47.46,19.032321,90,2019-09,streetview
data/images/budapest/47.46_19.032321_h180.jpg,budapest,47.46,19.032321,180,2019-09,streetview
data/images/budapest/47.46_19.032321_h270.jpg,budapest,47.46,19.032321,270,2019-09,streetview
data/images/budapest/47.510665_19.038727_h0.jpg,budapest,47.510665,19.038727,0,2024-05,streetview
data/images/budapest/47.510665_19.038727_h90.jpg,budapest,47.510665,19.038727,90,2024-05,streetview
data/images/budapest/47.510665_19.038727_h180.jpg,budapest,47.510665,19.038727,180,2024-05,streetview
data/images/budapest/47.510665_19.038727_h270.jpg,budapest,47.510665,19.038727,270,2024-05,streetview
data/images/budapest/47.493417_19.033931_h0.jpg,budapest,47.493417,19.033931,0,2024-06,streetview
data/images/budapest/47.493417_19.033931_h90.jpg,budapest,47.493417,19.033931,90,2024-06,streetview
data/images/budapest/47.493417_19.033931_h180.jpg,budapest,47.493417,19.033931,180,2024-06,streetview
data/images/budapest/47.493417_19.033931_h270.jpg,budapest,47.493417,19.033931,270,2024-06,streetview
data/images/budapest/47.519289_19.016385_h0.jpg,budapest,47.519289,19.016385,0,2025-09,streetview
data/images/budapest/47.519289_19.016385_h90.jpg,budapest,47.519289,19.016385,90,2025-09,streetview
data/images/budapest/47.519289_19.016385_h180.jpg,budapest,47.519289,19.016385,180,2025-09,streetview
data/images/budapest/47.519289_19.016385_h270.jpg,budapest,47.519289,19.016385,270,2025-09,streetview
data/images/budapest/47.524678_19.099396_h0.jpg,budapest,47.524678,19.099396,0,2025-08,streetview
data/images/budapest/47.524678_19.099396_h90.jpg,budapest,47.524678,19.099396,90,2025-08,streetview
data/images/budapest/47.524678_19.099396_h180.jpg,budapest,47.524678,19.099396,180,2025-08,streetview
data/images/budapest/47.524678_19.099396_h270.jpg,budapest,47.524678,19.099396,270,2025-08,streetview
data/images/budapest/47.475092_19.045087_h0.jpg,budapest,47.475092,19.045087,0,2024-06,streetview
data/images/budapest/47.475092_19.045087_h90.jpg,budapest,47.475092,19.045087,90,2024-06,streetview
data/images/budapest/47.475092_19.045087_h180.jpg,budapest,47.475092,19.045087,180,2024-06,streetview
data/images/budapest/47.475092_19.045087_h270.jpg,budapest,47.475092,19.045087,270,2024-06,streetview
data/images/budapest/47.526834_19.019579_h0.jpg,budapest,47.526834,19.019579,0,2022-03,streetview
data/images/budapest/47.526834_19.019579_h90.jpg,budapest,47.526834,19.019579,90,2022-03,streetview
data/images/budapest/47.526834_19.019579_h180.jpg,budapest,47.526834,19.019579,180,2022-03,streetview
data/images/budapest/47.526834_19.019579_h270.jpg,budapest,47.526834,19.019579,270,2022-03,streetview
data/images/budapest/47.478326_19.094532_h0.jpg,budapest,47.478326,19.094532,0,2024-06,streetview
data/images/budapest/47.478326_19.094532_h90.jpg,budapest,47.478326,19.094532,90,2024-06,streetview
data/images/budapest/47.478326_19.094532_h180.jpg,budapest,47.478326,19.094532,180,2024-06,streetview
data/images/budapest/47.478326_19.094532_h270.jpg,budapest,47.478326,19.094532,270,2024-06,streetview
data/images/budapest/47.507431_19.032342_h0.jpg,budapest,47.507431,19.032342,0,2025-09,streetview
data/images/budapest/47.507431_19.032342_h90.jpg,budapest,47.507431,19.032342,90,2025-09,streetview
data/images/budapest/47.507431_19.032342_h180.jpg,budapest,47.507431,19.032342,180,2025-09,streetview
data/images/budapest/47.507431_19.032342_h270.jpg,budapest,47.507431,19.032342,270,2025-09,streetview
data/images/budapest/47.463234_19.089724_h0.jpg,budapest,47.463234,19.089724,0,2025-08,streetview
data/images/budapest/47.463234_19.089724_h90.jpg,budapest,47.463234,19.089724,90,2025-08,streetview
data/images/budapest/47.463234_19.089724_h180.jpg,budapest,47.463234,19.089724,180,2025-08,streetview
data/images/budapest/47.463234_19.089724_h270.jpg,budapest,47.463234,19.089724,270,2025-08,streetview
data/images/budapest/47.507431_19.089791_h0.jpg,budapest,47.507431,19.089791,0,2025-08,streetview
data/images/budapest/47.507431_19.089791_h90.jpg,budapest,47.507431,19.089791,90,2025-08,streetview
data/images/budapest/47.507431_19.089791_h180.jpg,budapest,47.507431,19.089791,180,2025-08,streetview
data/images/budapest/47.507431_19.089791_h270.jpg,budapest,47.507431,19.089791,270,2025-08,streetview
data/images/budapest/47.521444_19.085024_h0.jpg,budapest,47.521444,19.085024,0,2025-09,streetview
data/images/budapest/47.521444_19.085024_h90.jpg,budapest,47.521444,19.085024,90,2025-09,streetview
data/images/budapest/47.521444_19.085024_h180.jpg,budapest,47.521444,19.085024,180,2025-09,streetview
data/images/budapest/47.521444_19.085024_h270.jpg,budapest,47.521444,19.085024,270,2025-09,streetview
data/images/budapest/47.483715_19.086565_h0.jpg,budapest,47.483715,19.086565,0,2024-06,streetview
data/images/budapest/47.483715_19.086565_h90.jpg,budapest,47.483715,19.086565,90,2024-06,streetview
data/images/budapest/47.483715_19.086565_h180.jpg,budapest,47.483715,19.086565,180,2024-06,streetview
data/images/budapest/47.483715_19.086565_h270.jpg,budapest,47.483715,19.086565,270,2024-06,streetview
data/images/budapest/47.494495_19.016382_h0.jpg,budapest,47.494495,19.016382,0,2024-06,streetview
data/images/budapest/47.494495_19.016382_h90.jpg,budapest,47.494495,19.016382,90,2024-06,streetview
data/images/budapest/47.494495_19.016382_h180.jpg,budapest,47.494495,19.016382,180,2024-06,streetview
data/images/budapest/47.494495_19.016382_h270.jpg,budapest,47.494495,19.016382,270,2024-06,streetview
data/images/budapest/47.509587_19.029151_h0.jpg,budapest,47.509587,19.029151,0,2020-06,streetview
data/images/budapest/47.509587_19.029151_h90.jpg,budapest,47.509587,19.029151,90,2020-06,streetview
data/images/budapest/47.509587_19.029151_h180.jpg,budapest,47.509587,19.029151,180,2020-06,streetview
data/images/budapest/47.509587_19.029151_h270.jpg,budapest,47.509587,19.029151,270,2020-06,streetview
data/images/budapest/47.503119_19.056275_h0.jpg,budapest,47.503119,19.056275,0,2019-07,streetview
data/images/budapest/47.503119_19.056275_h90.jpg,budapest,47.503119,19.056275,90,2019-07,streetview
data/images/budapest/47.503119_19.056275_h180.jpg,budapest,47.503119,19.056275,180,2019-07,streetview
data/images/budapest/47.503119_19.056275_h270.jpg,budapest,47.503119,19.056275,270,2019-07,streetview
data/images/budapest/47.489105_19.069025_h0.jpg,budapest,47.489105,19.069025,0,2025-08,streetview
data/images/budapest/47.489105_19.069025_h90.jpg,budapest,47.489105,19.069025,90,2025-08,streetview
data/images/budapest/47.489105_19.069025_h180.jpg,budapest,47.489105,19.069025,180,2025-08,streetview
data/images/budapest/47.489105_19.069025_h270.jpg,budapest,47.489105,19.069025,270,2025-08,streetview
data/images/budapest/47.520367_19.054694_h0.jpg,budapest,47.520367,19.054694,0,2025-09,streetview
data/images/budapest/47.520367_19.054694_h90.jpg,budapest,47.520367,19.054694,90,2025-09,streetview
data/images/budapest/47.520367_19.054694_h180.jpg,budapest,47.520367,19.054694,180,2025-09,streetview
data/images/budapest/47.520367_19.054694_h270.jpg,budapest,47.520367,19.054694,270,2025-09,streetview
data/images/budapest/47.513899_19.096185_h0.jpg,budapest,47.513899,19.096185,0,2025-09,streetview
data/images/budapest/47.513899_19.096185_h90.jpg,budapest,47.513899,19.096185,90,2025-09,streetview
data/images/budapest/47.513899_19.096185_h180.jpg,budapest,47.513899,19.096185,180,2025-09,streetview
data/images/budapest/47.513899_19.096185_h270.jpg,budapest,47.513899,19.096185,270,2025-09,streetview
data/images/budapest/47.507431_19.061067_h0.jpg,budapest,47.507431,19.061067,0,2020-11,streetview
data/images/budapest/47.507431_19.061067_h90.jpg,budapest,47.507431,19.061067,90,2020-11,streetview
data/images/budapest/47.507431_19.061067_h180.jpg,budapest,47.507431,19.061067,180,2020-11,streetview
data/images/budapest/47.507431_19.061067_h270.jpg,budapest,47.507431,19.061067,270,2020-11,streetview
data/images/budapest/47.533302_19.011597_h0.jpg,budapest,47.533302,19.011597,0,2025-09,streetview
data/images/budapest/47.533302_19.011597_h90.jpg,budapest,47.533302,19.011597,90,2025-09,streetview
data/images/budapest/47.533302_19.011597_h180.jpg,budapest,47.533302,19.011597,180,2025-09,streetview
data/images/budapest/47.533302_19.011597_h270.jpg,budapest,47.533302,19.011597,270,2025-09,streetview
data/images/budapest/47.511743_19.064263_h0.jpg,budapest,47.511743,19.064263,0,2024-06,streetview
data/images/budapest/47.511743_19.064263_h90.jpg,budapest,47.511743,19.064263,90,2024-06,streetview
data/images/budapest/47.511743_19.064263_h180.jpg,budapest,47.511743,19.064263,180,2024-06,streetview
data/images/budapest/47.511743_19.064263_h270.jpg,budapest,47.511743,19.064263,270,2024-06,streetview
data/images/budapest/47.52899_19.019579_h0.jpg,budapest,47.52899,19.019579,0,2025-09,streetview
data/images/budapest/47.52899_19.019579_h90.jpg,budapest,47.52899,19.019579,90,2025-09,streetview
data/images/budapest/47.52899_19.019579_h180.jpg,budapest,47.52899,19.019579,180,2025-09,streetview
data/images/budapest/47.52899_19.019579_h270.jpg,budapest,47.52899,19.019579,270,2025-09,streetview
data/images/budapest/47.483715_19.017976_h0.jpg,budapest,47.483715,19.017976,0,2024-06,streetview
data/images/budapest/47.483715_19.017976_h90.jpg,budapest,47.483715,19.017976,90,2024-06,streetview
data/images/budapest/47.483715_19.017976_h180.jpg,budapest,47.483715,19.017976,180,2024-06,streetview
data/images/budapest/47.483715_19.017976_h270.jpg,budapest,47.483715,19.017976,270,2024-06,streetview
data/images/budapest/47.484793_19.025951_h0.jpg,budapest,47.484793,19.025951,0,2025-09,streetview
data/images/budapest/47.484793_19.025951_h90.jpg,budapest,47.484793,19.025951,90,2025-09,streetview
data/images/budapest/47.484793_19.025951_h180.jpg,budapest,47.484793,19.025951,180,2025-09,streetview
data/images/budapest/47.484793_19.025951_h270.jpg,budapest,47.484793,19.025951,270,2025-09,streetview
data/images/budapest/47.5236_19.025963_h0.jpg,budapest,47.5236,19.025963,0,2025-09,streetview
data/images/budapest/47.5236_19.025963_h90.jpg,budapest,47.5236,19.025963,90,2025-09,streetview
data/images/budapest/47.5236_19.025963_h180.jpg,budapest,47.5236,19.025963,180,2025-09,streetview
data/images/budapest/47.5236_19.025963_h270.jpg,budapest,47.5236,19.025963,270,2025-09,streetview
data/images/budapest/47.526834_19.065875_h0.jpg,budapest,47.526834,19.065875,0,2024-06,streetview
data/images/budapest/47.526834_19.065875_h90.jpg,budapest,47.526834,19.065875,90,2024-06,streetview
data/images/budapest/47.526834_19.065875_h180.jpg,budapest,47.526834,19.065875,180,2024-06,streetview
data/images/budapest/47.526834_19.065875_h270.jpg,budapest,47.526834,19.065875,270,2024-06,streetview
data/images/budapest/47.512821_19.014788_h0.jpg,budapest,47.512821,19.014788,0,2025-09,streetview
data/images/budapest/47.512821_19.014788_h90.jpg,budapest,47.512821,19.014788,90,2025-09,streetview
data/images/budapest/47.512821_19.014788_h180.jpg,budapest,47.512821,19.014788,180,2025-09,streetview
data/images/budapest/47.512821_19.014788_h270.jpg,budapest,47.512821,19.014788,270,2025-09,streetview
data/images/budapest/47.503119_19.049892_h0.jpg,budapest,47.503119,19.049892,0,2025-09,streetview
data/images/budapest/47.503119_19.049892_h90.jpg,budapest,47.503119,19.049892,90,2025-09,streetview
data/images/budapest/47.503119_19.049892_h180.jpg,budapest,47.503119,19.049892,180,2025-09,streetview
data/images/budapest/47.503119_19.049892_h270.jpg,budapest,47.503119,19.049892,270,2025-09,streetview
data/images/budapest/47.484793_19.088162_h0.jpg,budapest,47.484793,19.088162,0,2024-06,streetview
data/images/budapest/47.484793_19.088162_h90.jpg,budapest,47.484793,19.088162,90,2024-06,streetview
data/images/budapest/47.484793_19.088162_h180.jpg,budapest,47.484793,19.088162,180,2024-06,streetview
data/images/budapest/47.484793_19.088162_h270.jpg,budapest,47.484793,19.088162,270,2024-06,streetview
data/images/budapest/47.469702_19.027542_h0.jpg,budapest,47.469702,19.027542,0,2025-09,streetview
data/images/budapest/47.469702_19.027542_h90.jpg,budapest,47.469702,19.027542,90,2025-09,streetview
data/images/budapest/47.469702_19.027542_h180.jpg,budapest,47.469702,19.027542,180,2025-09,streetview
data/images/budapest/47.469702_19.027542_h270.jpg,budapest,47.469702,19.027542,270,2025-09,streetview
data/images/budapest/47.521444_19.051503_h0.jpg,budapest,47.521444,19.051503,0,2024-07,streetview
data/images/budapest/47.521444_19.051503_h90.jpg,budapest,47.521444,19.051503,90,2024-07,streetview
data/images/budapest/47.521444_19.051503_h180.jpg,budapest,47.521444,19.051503,180,2024-07,streetview
data/images/budapest/47.521444_19.051503_h270.jpg,budapest,47.521444,19.051503,270,2024-07,streetview
data/images/budapest/47.537614_19.032354_h0.jpg,budapest,47.537614,19.032354,0,2025-09,streetview
data/images/budapest/47.537614_19.032354_h90.jpg,budapest,47.537614,19.032354,90,2025-09,streetview
data/images/budapest/47.537614_19.032354_h180.jpg,budapest,47.537614,19.032354,180,2025-09,streetview
data/images/budapest/47.537614_19.032354_h270.jpg,budapest,47.537614,19.032354,270,2025-09,streetview
data/images/budapest/47.502041_19.081805_h0.jpg,budapest,47.502041,19.081805,0,2025-08,streetview
data/images/budapest/47.502041_19.081805_h90.jpg,budapest,47.502041,19.081805,90,2025-08,streetview
data/images/budapest/47.502041_19.081805_h180.jpg,budapest,47.502041,19.081805,180,2025-08,streetview
data/images/budapest/47.502041_19.081805_h270.jpg,budapest,47.502041,19.081805,270,2025-08,streetview
data/images/budapest/47.53438_19.070673_h0.jpg,budapest,47.53438,19.070673,0,2025-09,streetview
data/images/budapest/47.53438_19.070673_h90.jpg,budapest,47.53438,19.070673,90,2025-09,streetview
data/images/budapest/47.53438_19.070673_h180.jpg,budapest,47.53438,19.070673,180,2025-09,streetview
data/images/budapest/47.53438_19.070673_h270.jpg,budapest,47.53438,19.070673,270,2025-09,streetview
data/images/budapest/47.524678_19.089818_h0.jpg,budapest,47.524678,19.089818,0,2025-08,streetview
data/images/budapest/47.524678_19.089818_h90.jpg,budapest,47.524678,19.089818,90,2025-08,streetview
data/images/budapest/47.524678_19.089818_h180.jpg,budapest,47.524678,19.089818,180,2025-08,streetview
data/images/budapest/47.524678_19.089818_h270.jpg,budapest,47.524678,19.089818,270,2025-08,streetview
data/images/budapest/47.513899_19.069053_h0.jpg,budapest,47.513899,19.069053,0,2019-04,streetview
data/images/budapest/47.513899_19.069053_h90.jpg,budapest,47.513899,19.069053,90,2019-04,streetview
data/images/budapest/47.513899_19.069053_h180.jpg,budapest,47.513899,19.069053,180,2019-04,streetview
data/images/budapest/47.513899_19.069053_h270.jpg,budapest,47.513899,19.069053,270,2019-04,streetview
data/images/budapest/47.5236_19.059486_h0.jpg,budapest,47.5236,19.059486,0,2025-09,streetview
data/images/budapest/47.5236_19.059486_h90.jpg,budapest,47.5236,19.059486,90,2025-09,streetview
data/images/budapest/47.5236_19.059486_h180.jpg,budapest,47.5236,19.059486,180,2025-09,streetview
data/images/budapest/47.5236_19.059486_h270.jpg,budapest,47.5236,19.059486,270,2025-09,streetview
data/images/budapest/47.520367_19.051502_h0.jpg,budapest,47.520367,19.051502,0,2025-09,streetview
data/images/budapest/47.520367_19.051502_h90.jpg,budapest,47.520367,19.051502,90,2025-09,streetview
data/images/budapest/47.520367_19.051502_h180.jpg,budapest,47.520367,19.051502,180,2025-09,streetview
data/images/budapest/47.520367_19.051502_h270.jpg,budapest,47.520367,19.051502,270,2025-09,streetview
data/images/budapest/47.516055_19.033941_h0.jpg,budapest,47.516055,19.033941,0,2024-06,streetview
data/images/budapest/47.516055_19.033941_h90.jpg,budapest,47.516055,19.033941,90,2024-06,streetview
data/images/budapest/47.516055_19.033941_h180.jpg,budapest,47.516055,19.033941,180,2024-06,streetview
data/images/budapest/47.516055_19.033941_h270.jpg,budapest,47.516055,19.033941,270,2024-06,streetview
data/images/budapest/47.505275_19.032341_h0.jpg,budapest,47.505275,19.032341,0,2022-03,streetview
data/images/budapest/47.505275_19.032341_h90.jpg,budapest,47.505275,19.032341,90,2022-03,streetview
data/images/budapest/47.505275_19.032341_h180.jpg,budapest,47.505275,19.032341,180,2022-03,streetview
data/images/budapest/47.505275_19.032341_h270.jpg,budapest,47.505275,19.032341,270,2022-03,streetview
data/images/budapest/47.494495_19.033932_h0.jpg,budapest,47.494495,19.033932,0,2024-06,streetview
data/images/budapest/47.494495_19.033932_h90.jpg,budapest,47.494495,19.033932,90,2024-06,streetview
data/images/budapest/47.494495_19.033932_h180.jpg,budapest,47.494495,19.033932,180,2024-06,streetview
data/images/budapest/47.494495_19.033932_h270.jpg,budapest,47.494495,19.033932,270,2024-06,streetview
data/images/budapest/47.519289_19.038731_h0.jpg,budapest,47.519289,19.038731,0,2025-09,streetview
data/images/budapest/47.519289_19.038731_h90.jpg,budapest,47.519289,19.038731,90,2025-09,streetview
data/images/budapest/47.519289_19.038731_h180.jpg,budapest,47.519289,19.038731,180,2025-09,streetview
data/images/budapest/47.519289_19.038731_h270.jpg,budapest,47.519289,19.038731,270,2025-09,streetview
data/images/budapest/47.464312_19.021162_h0.jpg,budapest,47.464312,19.021162,0,2018-02,streetview
data/images/budapest/47.464312_19.021162_h90.jpg,budapest,47.464312,19.021162,90,2018-02,streetview
data/images/budapest/47.464312_19.021162_h180.jpg,budapest,47.464312,19.021162,180,2018-02,streetview
data/images/budapest/47.464312_19.021162_h270.jpg,budapest,47.464312,19.021162,270,2018-02,streetview
data/images/budapest/47.537614_19.01479_h0.jpg,budapest,47.537614,19.01479,0,2019-06,streetview
data/images/budapest/47.537614_19.01479_h90.jpg,budapest,47.537614,19.01479,90,2019-06,streetview
data/images/budapest/47.537614_19.01479_h180.jpg,budapest,47.537614,19.01479,180,2019-06,streetview
data/images/budapest/47.537614_19.01479_h270.jpg,budapest,47.537614,19.01479,270,2019-06,streetview
data/images/budapest/47.47617_19.037113_h0.jpg,budapest,47.47617,19.037113,0,2024-07,streetview
data/images/budapest/47.47617_19.037113_h90.jpg,budapest,47.47617,19.037113,90,2024-07,streetview
data/images/budapest/47.47617_19.037113_h180.jpg,budapest,47.47617,19.037113,180,2024-07,streetview
data/images/budapest/47.47617_19.037113_h270.jpg,budapest,47.47617,19.037113,270,2024-07,streetview
data/images/budapest/47.495573_19.048291_h0.jpg,budapest,47.495573,19.048291,0,2025-09,streetview
data/images/budapest/47.495573_19.048291_h90.jpg,budapest,47.495573,19.048291,90,2025-09,streetview
data/images/budapest/47.495573_19.048291_h180.jpg,budapest,47.495573,19.048291,180,2025-09,streetview
data/images/budapest/47.495573_19.048291_h270.jpg,budapest,47.495573,19.048291,270,2025-09,streetview
data/images/budapest/47.537614_19.091434_h0.jpg,budapest,47.537614,19.091434,0,2025-08,streetview
data/images/budapest/47.537614_19.091434_h90.jpg,budapest,47.537614,19.091434,90,2025-08,streetview
data/images/budapest/47.537614_19.091434_h180.jpg,budapest,47.537614,19.091434,180,2025-08,streetview
data/images/budapest/47.537614_19.091434_h270.jpg,budapest,47.537614,19.091434,270,2025-08,streetview
data/images/budapest/47.477248_19.027544_h0.jpg,budapest,47.477248,19.027544,0,2024-06,streetview
data/images/budapest/47.477248_19.027544_h90.jpg,budapest,47.477248,19.027544,90,2024-06,streetview
data/images/budapest/47.477248_19.027544_h180.jpg,budapest,47.477248,19.027544,180,2024-06,streetview
data/images/budapest/47.477248_19.027544_h270.jpg,budapest,47.477248,19.027544,270,2024-06,streetview
data/images/budapest/47.505275_19.025958_h0.jpg,budapest,47.505275,19.025958,0,2025-09,streetview
data/images/budapest/47.505275_19.025958_h90.jpg,budapest,47.505275,19.025958,90,2025-09,streetview
data/images/budapest/47.505275_19.025958_h180.jpg,budapest,47.505275,19.025958,180,2025-09,streetview
data/images/budapest/47.505275_19.025958_h270.jpg,budapest,47.505275,19.025958,270,2025-09,streetview
data/images/budapest/47.532224_19.035545_h0.jpg,budapest,47.532224,19.035545,0,2022-03,streetview
data/images/budapest/47.532224_19.035545_h90.jpg,budapest,47.532224,19.035545,90,2022-03,streetview
data/images/budapest/47.532224_19.035545_h180.jpg,budapest,47.532224,19.035545,180,2022-03,streetview
data/images/budapest/47.532224_19.035545_h270.jpg,budapest,47.532224,19.035545,270,2022-03,streetview
data/images/budapest/47.538692_19.043532_h0.jpg,budapest,47.538692,19.043532,0,2024-06,streetview
data/images/budapest/47.538692_19.043532_h90.jpg,budapest,47.538692,19.043532,90,2024-06,streetview
data/images/budapest/47.538692_19.043532_h180.jpg,budapest,47.538692,19.043532,180,2024-06,streetview
data/images/budapest/47.538692_19.043532_h270.jpg,budapest,47.538692,19.043532,270,2024-06,streetview
data/images/budapest/47.508509_19.025959_h0.jpg,budapest,47.508509,19.025959,0,2022-08,streetview
data/images/budapest/47.508509_19.025959_h90.jpg,budapest,47.508509,19.025959,90,2022-08,streetview
data/images/budapest/47.508509_19.025959_h180.jpg,budapest,47.508509,19.025959,180,2022-08,streetview
data/images/budapest/47.508509_19.025959_h270.jpg,budapest,47.508509,19.025959,270,2022-08,streetview
data/images/budapest/47.46539_19.072188_h0.jpg,budapest,47.46539,19.072188,0,2025-08,streetview
data/images/budapest/47.46539_19.072188_h90.jpg,budapest,47.46539,19.072188,90,2025-08,streetview
data/images/budapest/47.46539_19.072188_h180.jpg,budapest,47.46539,19.072188,180,2025-08,streetview
data/images/budapest/47.46539_19.072188_h270.jpg,budapest,47.46539,19.072188,270,2025-08,streetview
data/images/budapest/47.531146_19.022772_h0.jpg,budapest,47.531146,19.022772,0,2024-10,streetview
data/images/budapest/47.531146_19.022772_h90.jpg,budapest,47.531146,19.022772,90,2024-10,streetview
data/images/budapest/47.531146_19.022772_h180.jpg,budapest,47.531146,19.022772,180,2024-10,streetview
data/images/budapest/47.531146_19.022772_h270.jpg,budapest,47.531146,19.022772,270,2024-10,streetview
data/images/budapest/47.533302_19.088234_h0.jpg,budapest,47.533302,19.088234,0,2025-08,streetview
data/images/budapest/47.533302_19.088234_h90.jpg,budapest,47.533302,19.088234,90,2025-08,streetview
data/images/budapest/47.533302_19.088234_h180.jpg,budapest,47.533302,19.088234,180,2025-08,streetview
data/images/budapest/47.533302_19.088234_h270.jpg,budapest,47.533302,19.088234,270,2025-08,streetview
data/images/budapest/47.53977_19.094631_h0.jpg,budapest,47.53977,19.094631,0,2025-08,streetview
data/images/budapest/47.53977_19.094631_h90.jpg,budapest,47.53977,19.094631,90,2025-08,streetview
data/images/budapest/47.53977_19.094631_h180.jpg,budapest,47.53977,19.094631,180,2025-08,streetview
data/images/budapest/47.53977_19.094631_h270.jpg,budapest,47.53977,19.094631,270,2025-08,streetview
data/images/budapest/47.472936_19.064223_h0.jpg,budapest,47.472936,19.064223,0,2025-09,streetview
data/images/budapest/47.472936_19.064223_h90.jpg,budapest,47.472936,19.064223,90,2025-09,streetview
data/images/budapest/47.472936_19.064223_h180.jpg,budapest,47.472936,19.064223,180,2025-09,streetview
data/images/budapest/47.472936_19.064223_h270.jpg,budapest,47.472936,19.064223,270,2025-09,streetview
data/images/budapest/47.509587_19.07224_h0.jpg,budapest,47.509587,19.07224,0,2024-06,streetview
data/images/budapest/47.509587_19.07224_h90.jpg,budapest,47.509587,19.07224,90,2024-06,streetview
data/images/budapest/47.509587_19.07224_h180.jpg,budapest,47.509587,19.07224,180,2024-06,streetview
data/images/budapest/47.509587_19.07224_h270.jpg,budapest,47.509587,19.07224,270,2024-06,streetview
data/images/budapest/47.5236_19.083431_h0.jpg,budapest,47.5236,19.083431,0,2025-09,streetview
data/images/budapest/47.5236_19.083431_h90.jpg,budapest,47.5236,19.083431,90,2025-09,streetview
data/images/budapest/47.5236_19.083431_h180.jpg,budapest,47.5236,19.083431,180,2025-09,streetview
data/images/budapest/47.5236_19.083431_h270.jpg,budapest,47.5236,19.083431,270,2025-09,streetview
data/images/budapest/47.490183_19.075407_h0.jpg,budapest,47.490183,19.075407,0,2025-08,streetview
data/images/budapest/47.490183_19.075407_h90.jpg,budapest,47.490183,19.075407,90,2025-08,streetview
data/images/budapest/47.490183_19.075407_h180.jpg,budapest,47.490183,19.075407,180,2025-08,streetview
data/images/budapest/47.490183_19.075407_h270.jpg,budapest,47.490183,19.075407,270,2025-08,streetview
data/images/budapest/47.506353_19.051491_h0.jpg,budapest,47.506353,19.051491,0,2025-09,streetview
data/images/budapest/47.506353_19.051491_h90.jpg,budapest,47.506353,19.051491,90,2025-09,streetview
data/images/budapest/47.506353_19.051491_h180.jpg,budapest,47.506353,19.051491,180,2025-09,streetview
data/images/budapest/47.506353_19.051491_h270.jpg,budapest,47.506353,19.051491,270,2025-09,streetview
data/images/budapest/47.536536_19.070675_h0.jpg,budapest,47.536536,19.070675,0,2025-09,streetview
data/images/budapest/47.536536_19.070675_h90.jpg,budapest,47.536536,19.070675,90,2025-09,streetview
data/images/budapest/47.536536_19.070675_h180.jpg,budapest,47.536536,19.070675,180,2025-09,streetview
data/images/budapest/47.536536_19.070675_h270.jpg,budapest,47.536536,19.070675,270,2025-09,streetview
data/images/budapest/47.509587_19.030747_h0.jpg,budapest,47.509587,19.030747,0,2024-06,streetview
data/images/budapest/47.509587_19.030747_h90.jpg,budapest,47.509587,19.030747,90,2024-06,streetview
data/images/budapest/47.509587_19.030747_h180.jpg,budapest,47.509587,19.030747,180,2024-06,streetview
data/images/budapest/47.509587_19.030747_h270.jpg,budapest,47.509587,19.030747,270,2024-06,streetview
data/images/budapest/47.495573_19.065841_h0.jpg,budapest,47.495573,19.065841,0,2025-09,streetview
data/images/budapest/47.495573_19.065841_h90.jpg,budapest,47.495573,19.065841,90,2025-09,streetview
data/images/budapest/47.495573_19.065841_h180.jpg,budapest,47.495573,19.065841,180,2025-09,streetview
data/images/budapest/47.495573_19.065841_h270.jpg,budapest,47.495573,19.065841,270,2025-09,streetview
data/images/budapest/47.518211_19.024365_h0.jpg,budapest,47.518211,19.024365,0,2025-09,streetview
data/images/budapest/47.518211_19.024365_h90.jpg,budapest,47.518211,19.024365,90,2025-09,streetview
data/images/budapest/47.518211_19.024365_h180.jpg,budapest,47.518211,19.024365,180,2025-09,streetview
data/images/budapest/47.518211_19.024365_h270.jpg,budapest,47.518211,19.024365,270,2025-09,streetview
data/images/budapest/47.483715_19.025951_h0.jpg,budapest,47.483715,19.025951,0,2025-09,streetview
data/images/budapest/47.483715_19.025951_h90.jpg,budapest,47.483715,19.025951,90,2025-09,streetview
data/images/budapest/47.483715_19.025951_h180.jpg,budapest,47.483715,19.025951,180,2025-09,streetview
data/images/budapest/47.483715_19.025951_h270.jpg,budapest,47.483715,19.025951,270,2025-09,streetview
data/images/budapest/47.467546_19.053055_h0.jpg,budapest,47.467546,19.053055,0,2025-09,streetview
data/images/budapest/47.467546_19.053055_h90.jpg,budapest,47.467546,19.053055,90,2025-09,streetview
data/images/budapest/47.467546_19.053055_h180.jpg,budapest,47.467546,19.053055,180,2025-09,streetview
data/images/budapest/47.467546_19.053055_h270.jpg,budapest,47.467546,19.053055,270,2025-09,streetview
data/images/budapest/47.536536_19.078659_h0.jpg,budapest,47.536536,19.078659,0,2025-08,streetview
data/images/budapest/47.536536_19.078659_h90.jpg,budapest,47.536536,19.078659,90,2025-08,streetview
data/images/budapest/47.536536_19.078659_h180.jpg,budapest,47.536536,19.078659,180,2025-08,streetview
data/images/budapest/47.536536_19.078659_h270.jpg,budapest,47.536536,19.078659,270,2025-08,streetview
data/images/budapest/47.537614_19.01_h0.jpg,budapest,47.537614,19.01,0,2022-03,streetview
data/images/budapest/47.537614_19.01_h90.jpg,budapest,47.537614,19.01,90,2022-03,streetview
data/images/budapest/47.537614_19.01_h180.jpg,budapest,47.537614,19.01,180,2022-03,streetview
data/images/budapest/47.537614_19.01_h270.jpg,budapest,47.537614,19.01,270,2022-03,streetview
data/images/budapest/47.532224_19.081846_h0.jpg,budapest,47.532224,19.081846,0,2025-08,streetview
data/images/budapest/47.532224_19.081846_h90.jpg,budapest,47.532224,19.081846,90,2025-08,streetview
data/images/budapest/47.532224_19.081846_h180.jpg,budapest,47.532224,19.081846,180,2025-08,streetview
data/images/budapest/47.532224_19.081846_h270.jpg,budapest,47.532224,19.081846,270,2025-08,streetview
data/images/budapest/47.489105_19.04031_h0.jpg,budapest,47.489105,19.04031,0,2024-06,streetview
data/images/budapest/47.489105_19.04031_h90.jpg,budapest,47.489105,19.04031,90,2024-06,streetview
data/images/budapest/47.489105_19.04031_h180.jpg,budapest,47.489105,19.04031,180,2024-06,streetview
data/images/budapest/47.489105_19.04031_h270.jpg,budapest,47.489105,19.04031,270,2024-06,streetview
data/images/budapest/47.47078_19.062626_h0.jpg,budapest,47.47078,19.062626,0,2025-09,streetview
data/images/budapest/47.47078_19.062626_h90.jpg,budapest,47.47078,19.062626,90,2025-09,streetview
data/images/budapest/47.47078_19.062626_h180.jpg,budapest,47.47078,19.062626,180,2025-09,streetview
data/images/budapest/47.47078_19.062626_h270.jpg,budapest,47.47078,19.062626,270,2025-09,streetview
data/images/budapest/47.516055_19.053094_h0.jpg,budapest,47.516055,19.053094,0,2024-07,streetview
data/images/budapest/47.516055_19.053094_h90.jpg,budapest,47.516055,19.053094,90,2024-07,streetview
data/images/budapest/47.516055_19.053094_h180.jpg,budapest,47.516055,19.053094,180,2024-07,streetview
data/images/budapest/47.516055_19.053094_h270.jpg,budapest,47.516055,19.053094,270,2024-07,streetview
data/images/budapest/47.466468_19.029135_h0.jpg,budapest,47.466468,19.029135,0,2025-09,streetview
data/images/budapest/47.466468_19.029135_h90.jpg,budapest,47.466468,19.029135,90,2025-09,streetview
data/images/budapest/47.466468_19.029135_h180.jpg,budapest,47.466468,19.029135,180,2025-09,streetview
data/images/budapest/47.466468_19.029135_h270.jpg,budapest,47.466468,19.029135,270,2025-09,streetview
data/images/budapest/47.477248_19.053063_h0.jpg,budapest,47.477248,19.053063,0,2025-09,streetview
data/images/budapest/47.477248_19.053063_h90.jpg,budapest,47.477248,19.053063,90,2025-09,streetview
data/images/budapest/47.477248_19.053063_h180.jpg,budapest,47.477248,19.053063,180,2025-09,streetview
data/images/budapest/47.477248_19.053063_h270.jpg,budapest,47.477248,19.053063,270,2025-09,streetview
data/images/budapest/47.488027_19.080191_h0.jpg,budapest,47.488027,19.080191,0,2024-08,streetview
data/images/budapest/47.488027_19.080191_h90.jpg,budapest,47.488027,19.080191,90,2024-08,streetview
data/images/budapest/47.488027_19.080191_h180.jpg,budapest,47.488027,19.080191,180,2024-08,streetview
data/images/budapest/47.488027_19.080191_h270.jpg,budapest,47.488027,19.080191,270,2024-08,streetview
data/images/budapest/47.512821_19.083416_h0.jpg,budapest,47.512821,19.083416,0,2022-03,streetview
data/images/budapest/47.512821_19.083416_h90.jpg,budapest,47.512821,19.083416,90,2022-03,streetview
data/images/budapest/47.512821_19.083416_h180.jpg,budapest,47.512821,19.083416,180,2022-03,streetview
data/images/budapest/47.512821_19.083416_h270.jpg,budapest,47.512821,19.083416,270,2022-03,streetview
data/images/budapest/47.507431_19.01_h0.jpg,budapest,47.507431,19.01,0,2024-06,streetview
data/images/budapest/47.507431_19.01_h90.jpg,budapest,47.507431,19.01,90,2024-06,streetview
data/images/budapest/47.507431_19.01_h180.jpg,budapest,47.507431,19.01,180,2024-06,streetview
data/images/budapest/47.507431_19.01_h270.jpg,budapest,47.507431,19.01,270,2024-06,streetview
data/images/budapest/47.518211_19.089808_h0.jpg,budapest,47.518211,19.089808,0,2025-08,streetview
data/images/budapest/47.518211_19.089808_h90.jpg,budapest,47.518211,19.089808,90,2025-08,streetview
data/images/budapest/47.518211_19.089808_h180.jpg,budapest,47.518211,19.089808,180,2025-08,streetview
data/images/budapest/47.518211_19.089808_h270.jpg,budapest,47.518211,19.089808,270,2025-08,streetview
data/images/budapest/47.507431_19.025958_h0.jpg,budapest,47.507431,19.025958,0,2024-07,streetview
data/images/budapest/47.507431_19.025958_h90.jpg,budapest,47.507431,19.025958,90,2024-07,streetview
data/images/budapest/47.507431_19.025958_h180.jpg,budapest,47.507431,19.025958,180,2024-07,streetview
data/images/budapest/47.507431_19.025958_h270.jpg,budapest,47.507431,19.025958,270,2024-07,streetview
data/images/budapest/47.502041_19.045105_h0.jpg,budapest,47.502041,19.045105,0,2024-07,streetview
data/images/budapest/47.502041_19.045105_h90.jpg,budapest,47.502041,19.045105,90,2024-07,streetview
data/images/budapest/47.502041_19.045105_h180.jpg,budapest,47.502041,19.045105,180,2024-07,streetview
data/images/budapest/47.502041_19.045105_h270.jpg,budapest,47.502041,19.045105,270,2024-07,streetview
data/images/budapest/47.489105_19.073811_h0.jpg,budapest,47.489105,19.073811,0,2025-08,streetview
data/images/budapest/47.489105_19.073811_h90.jpg,budapest,47.489105,19.073811,90,2025-08,streetview
data/images/budapest/47.489105_19.073811_h180.jpg,budapest,47.489105,19.073811,180,2025-08,streetview
data/images/budapest/47.489105_19.073811_h270.jpg,budapest,47.489105,19.073811,270,2025-08,streetview
data/images/budapest/47.47078_19.097709_h0.jpg,budapest,47.47078,19.097709,0,2024-07,streetview
data/images/budapest/47.47078_19.097709_h90.jpg,budapest,47.47078,19.097709,90,2024-07,streetview
data/images/budapest/47.47078_19.097709_h180.jpg,budapest,47.47078,19.097709,180,2024-07,streetview
data/images/budapest/47.47078_19.097709_h270.jpg,budapest,47.47078,19.097709,270,2024-07,streetview
data/images/budapest/47.467546_19.080163_h0.jpg,budapest,47.467546,19.080163,0,2025-08,streetview
data/images/budapest/47.467546_19.080163_h90.jpg,budapest,47.467546,19.080163,90,2025-08,streetview
data/images/budapest/47.467546_19.080163_h180.jpg,budapest,47.467546,19.080163,180,2025-08,streetview
data/images/budapest/47.467546_19.080163_h270.jpg,budapest,47.467546,19.080163,270,2025-08,streetview
data/images/budapest/47.521444_19.062676_h0.jpg,budapest,47.521444,19.062676,0,2024-06,streetview
data/images/budapest/47.521444_19.062676_h90.jpg,budapest,47.521444,19.062676,90,2024-06,streetview
data/images/budapest/47.521444_19.062676_h180.jpg,budapest,47.521444,19.062676,180,2024-06,streetview
data/images/budapest/47.521444_19.062676_h270.jpg,budapest,47.521444,19.062676,270,2024-06,streetview
data/images/budapest/47.512821_19.064264_h0.jpg,budapest,47.512821,19.064264,0,2025-09,streetview
data/images/budapest/47.512821_19.064264_h90.jpg,budapest,47.512821,19.064264,90,2025-09,streetview
data/images/budapest/47.512821_19.064264_h180.jpg,budapest,47.512821,19.064264,180,2025-09,streetview
data/images/budapest/47.512821_19.064264_h270.jpg,budapest,47.512821,19.064264,270,2025-09,streetview
data/images/budapest/47.506353_19.016383_h0.jpg,budapest,47.506353,19.016383,0,2025-09,streetview
data/images/budapest/47.506353_19.016383_h90.jpg,budapest,47.506353,19.016383,90,2025-09,streetview
data/images/budapest/47.506353_19.016383_h180.jpg,budapest,47.506353,19.016383,180,2025-09,streetview
data/images/budapest/47.506353_19.016383_h270.jpg,budapest,47.506353,19.016383,270,2025-09,streetview
data/images/budapest/47.492339_19.014786_h0.jpg,budapest,47.492339,19.014786,0,2024-06,streetview
data/images/budapest/47.492339_19.014786_h90.jpg,budapest,47.492339,19.014786,90,2024-06,streetview
data/images/budapest/47.492339_19.014786_h180.jpg,budapest,47.492339,19.014786,180,2024-06,streetview
data/images/budapest/47.492339_19.014786_h270.jpg,budapest,47.492339,19.014786,270,2024-06,streetview
data/images/budapest/47.479404_19.021165_h0.jpg,budapest,47.479404,19.021165,0,2022-04,streetview
data/images/budapest/47.479404_19.021165_h90.jpg,budapest,47.479404,19.021165,90,2022-04,streetview
data/images/budapest/47.479404_19.021165_h180.jpg,budapest,47.479404,19.021165,180,2022-04,streetview
data/images/budapest/47.479404_19.021165_h270.jpg,budapest,47.479404,19.021165,270,2022-04,streetview
data/images/budapest/47.483715_19.021166_h0.jpg,budapest,47.483715,19.021166,0,2024-06,streetview
data/images/budapest/47.483715_19.021166_h90.jpg,budapest,47.483715,19.021166,90,2024-06,streetview
data/images/budapest/47.483715_19.021166_h180.jpg,budapest,47.483715,19.021166,180,2024-06,streetview
data/images/budapest/47.483715_19.021166_h270.jpg,budapest,47.483715,19.021166,270,2024-06,streetview
data/images/budapest/47.462156_19.013189_h0.jpg,budapest,47.462156,19.013189,0,2025-09,streetview
data/images/budapest/47.462156_19.013189_h90.jpg,budapest,47.462156,19.013189,90,2025-09,streetview
data/images/budapest/47.462156_19.013189_h180.jpg,budapest,47.462156,19.013189,180,2025-09,streetview
data/images/budapest/47.462156_19.013189_h270.jpg,budapest,47.462156,19.013189,270,2025-09,streetview
data/images/budapest/47.514977_19.025961_h0.jpg,budapest,47.514977,19.025961,0,2025-09,streetview
data/images/budapest/47.514977_19.025961_h90.jpg,budapest,47.514977,19.025961,90,2025-09,streetview
data/images/budapest/47.514977_19.025961_h180.jpg,budapest,47.514977,19.025961,180,2025-09,streetview
data/images/budapest/47.514977_19.025961_h270.jpg,budapest,47.514977,19.025961,270,2025-09,streetview
data/images/budapest/47.519289_19.057886_h0.jpg,budapest,47.519289,19.057886,0,2023-09,streetview
data/images/budapest/47.519289_19.057886_h90.jpg,budapest,47.519289,19.057886,90,2023-09,streetview
data/images/budapest/47.519289_19.057886_h180.jpg,budapest,47.519289,19.057886,180,2023-09,streetview
data/images/budapest/47.519289_19.057886_h270.jpg,budapest,47.519289,19.057886,270,2023-09,streetview
data/images/budapest/47.482637_19.022761_h0.jpg,budapest,47.482637,19.022761,0,2025-09,streetview
data/images/budapest/47.482637_19.022761_h90.jpg,budapest,47.482637,19.022761,90,2025-09,streetview
data/images/budapest/47.482637_19.022761_h180.jpg,budapest,47.482637,19.022761,180,2025-09,streetview
data/images/budapest/47.482637_19.022761_h270.jpg,budapest,47.482637,19.022761,270,2025-09,streetview
data/images/budapest/47.536536_19.086642_h0.jpg,budapest,47.536536,19.086642,0,2025-08,streetview
data/images/budapest/47.536536_19.086642_h90.jpg,budapest,47.536536,19.086642,90,2025-08,streetview
data/images/budapest/47.536536_19.086642_h180.jpg,budapest,47.536536,19.086642,180,2025-08,streetview
data/images/budapest/47.536536_19.086642_h270.jpg,budapest,47.536536,19.086642,270,2025-08,streetview
data/images/budapest/47.47078_19.09133_h0.jpg,budapest,47.47078,19.09133,0,2025-08,streetview
data/images/budapest/47.47078_19.09133_h90.jpg,budapest,47.47078,19.09133,90,2025-08,streetview
data/images/budapest/47.47078_19.09133_h180.jpg,budapest,47.47078,19.09133,180,2025-08,streetview
data/images/budapest/47.47078_19.09133_h270.jpg,budapest,47.47078,19.09133,270,2025-08,streetview
data/images/budapest/47.516055_19.091401_h0.jpg,budapest,47.516055,19.091401,0,2025-08,streetview
data/images/budapest/47.516055_19.091401_h90.jpg,budapest,47.516055,19.091401,90,2025-08,streetview
data/images/budapest/47.516055_19.091401_h180.jpg,budapest,47.516055,19.091401,180,2025-08,streetview
data/images/budapest/47.516055_19.091401_h270.jpg,budapest,47.516055,19.091401,270,2025-08,streetview
data/images/budapest/47.504197_19.014787_h0.jpg,budapest,47.504197,19.014787,0,2025-09,streetview
data/images/budapest/47.504197_19.014787_h90.jpg,budapest,47.504197,19.014787,90,2025-09,streetview
data/images/budapest/47.504197_19.014787_h180.jpg,budapest,47.504197,19.014787,180,2025-09,streetview
data/images/budapest/47.504197_19.014787_h270.jpg,budapest,47.504197,19.014787,270,2025-09,streetview
data/images/budapest/47.513899_19.040324_h0.jpg,budapest,47.513899,19.040324,0,2025-09,streetview
data/images/budapest/47.513899_19.040324_h90.jpg,budapest,47.513899,19.040324,90,2025-09,streetview
data/images/budapest/47.513899_19.040324_h180.jpg,budapest,47.513899,19.040324,180,2025-09,streetview
data/images/budapest/47.513899_19.040324_h270.jpg,budapest,47.513899,19.040324,270,2025-09,streetview
data/images/budapest/47.494495_19.049886_h0.jpg,budapest,47.494495,19.049886,0,2025-09,streetview
data/images/budapest/47.494495_19.049886_h90.jpg,budapest,47.494495,19.049886,90,2025-09,streetview
data/images/budapest/47.494495_19.049886_h180.jpg,budapest,47.494495,19.049886,180,2025-09,streetview
data/images/budapest/47.494495_19.049886_h270.jpg,budapest,47.494495,19.049886,270,2025-09,streetview
data/images/budapest/47.507431_19.081812_h0.jpg,budapest,47.507431,19.081812,0,2025-08,streetview
data/images/budapest/47.507431_19.081812_h90.jpg,budapest,47.507431,19.081812,90,2025-08,streetview
data/images/budapest/47.507431_19.081812_h180.jpg,budapest,47.507431,19.081812,180,2025-08,streetview
data/images/budapest/47.507431_19.081812_h270.jpg,budapest,47.507431,19.081812,270,2025-08,streetview
data/images/budapest/47.532224_19.07067_h0.jpg,budapest,47.532224,19.07067,0,2018-03,streetview
data/images/budapest/47.532224_19.07067_h90.jpg,budapest,47.532224,19.07067,90,2018-03,streetview
data/images/budapest/47.532224_19.07067_h180.jpg,budapest,47.532224,19.07067,180,2018-03,streetview
data/images/budapest/47.532224_19.07067_h270.jpg,budapest,47.532224,19.07067,270,2018-03,streetview
data/images/budapest/47.478326_19.081772_h0.jpg,budapest,47.478326,19.081772,0,2022-04,streetview
data/images/budapest/47.478326_19.081772_h90.jpg,budapest,47.478326,19.081772,90,2022-04,streetview
data/images/budapest/47.478326_19.081772_h180.jpg,budapest,47.478326,19.081772,180,2022-04,streetview
data/images/budapest/47.478326_19.081772_h270.jpg,budapest,47.478326,19.081772,270,2022-04,streetview
data/images/budapest/47.53977_19.08026_h0.jpg,budapest,47.53977,19.08026,0,2021-05,streetview
data/images/budapest/47.53977_19.08026_h90.jpg,budapest,47.53977,19.08026,90,2021-05,streetview
data/images/budapest/47.53977_19.08026_h180.jpg,budapest,47.53977,19.08026,180,2021-05,streetview
data/images/budapest/47.53977_19.08026_h270.jpg,budapest,47.53977,19.08026,270,2021-05,streetview
data/images/budapest/47.486949_19.057856_h0.jpg,budapest,47.486949,19.057856,0,2025-09,streetview
data/images/budapest/47.486949_19.057856_h90.jpg,budapest,47.486949,19.057856,90,2025-09,streetview
data/images/budapest/47.486949_19.057856_h180.jpg,budapest,47.486949,19.057856,180,2025-09,streetview
data/images/budapest/47.486949_19.057856_h270.jpg,budapest,47.486949,19.057856,270,2025-09,streetview
data/images/budapest/47.483715_19.011595_h0.jpg,budapest,47.483715,19.011595,0,2022-04,streetview
data/images/budapest/47.483715_19.011595_h90.jpg,budapest,47.483715,19.011595,90,2022-04,streetview
data/images/budapest/47.483715_19.011595_h180.jpg,budapest,47.483715,19.011595,180,2022-04,streetview
data/images/budapest/47.483715_19.011595_h270.jpg,budapest,47.483715,19.011595,270,2022-04,streetview
data/images/budapest/47.482637_19.027546_h0.jpg,budapest,47.482637,19.027546,0,2024-06,streetview
data/images/budapest/47.482637_19.027546_h90.jpg,budapest,47.482637,19.027546,90,2024-06,streetview
data/images/budapest/47.482637_19.027546_h180.jpg,budapest,47.482637,19.027546,180,2024-06,streetview
data/images/budapest/47.482637_19.027546_h270.jpg,budapest,47.482637,19.027546,270,2024-06,streetview
data/images/budapest/47.479404_19.03552_h0.jpg,budapest,47.479404,19.03552,0,2024-06,streetview
data/images/budapest/47.479404_19.03552_h90.jpg,budapest,47.479404,19.03552,90,2024-06,streetview
data/images/budapest/47.479404_19.03552_h180.jpg,budapest,47.479404,19.03552,180,2024-06,streetview
data/images/budapest/47.479404_19.03552_h270.jpg,budapest,47.479404,19.03552,270,2024-06,streetview
data/images/budapest/47.524678_19.072258_h0.jpg,budapest,47.524678,19.072258,0,2025-08,streetview
data/images/budapest/47.524678_19.072258_h90.jpg,budapest,47.524678,19.072258,90,2025-08,streetview
data/images/budapest/47.524678_19.072258_h180.jpg,budapest,47.524678,19.072258,180,2025-08,streetview
data/images/budapest/47.524678_19.072258_h270.jpg,budapest,47.524678,19.072258,270,2025-08,streetview
data/images/budapest/47.489105_19.084978_h0.jpg,budapest,47.489105,19.084978,0,2025-08,streetview
data/images/budapest/47.489105_19.084978_h90.jpg,budapest,47.489105,19.084978,90,2025-08,streetview
data/images/budapest/47.489105_19.084978_h180.jpg,budapest,47.489105,19.084978,180,2025-08,streetview
data/images/budapest/47.489105_19.084978_h270.jpg,budapest,47.489105,19.084978,270,2025-08,streetview
data/images/budapest/47.538692_19.067484_h0.jpg,budapest,47.538692,19.067484,0,2025-09,streetview
data/images/budapest/47.538692_19.067484_h90.jpg,budapest,47.538692,19.067484,90,2025-09,streetview
data/images/budapest/47.538692_19.067484_h180.jpg,budapest,47.538692,19.067484,180,2025-09,streetview
data/images/budapest/47.538692_19.067484_h270.jpg,budapest,47.538692,19.067484,270,2025-09,streetview
data/images/budapest/47.489105_19.033929_h0.jpg,budapest,47.489105,19.033929,0,2024-06,streetview
data/images/budapest/47.489105_19.033929_h90.jpg,budapest,47.489105,19.033929,90,2024-06,streetview
data/images/budapest/47.489105_19.033929_h180.jpg,budapest,47.489105,19.033929,180,2024-06,streetview
data/images/budapest/47.489105_19.033929_h270.jpg,budapest,47.489105,19.033929,270,2024-06,streetview
data/images/budapest/47.478326_19.01319_h0.jpg,budapest,47.478326,19.01319,0,2024-06,streetview
data/images/budapest/47.478326_19.01319_h90.jpg,budapest,47.478326,19.01319,90,2024-06,streetview
data/images/budapest/47.478326_19.01319_h180.jpg,budapest,47.478326,19.01319,180,2024-06,streetview
data/images/budapest/47.478326_19.01319_h270.jpg,budapest,47.478326,19.01319,270,2024-06,streetview
data/images/budapest/47.505275_19.022766_h0.jpg,budapest,47.505275,19.022766,0,2024-06,streetview
data/images/budapest/47.505275_19.022766_h90.jpg,budapest,47.505275,19.022766,90,2024-06,streetview
data/images/budapest/47.505275_19.022766_h180.jpg,budapest,47.505275,19.022766,180,2024-06,streetview
data/images/budapest/47.505275_19.022766_h270.jpg,budapest,47.505275,19.022766,270,2024-06,streetview
data/images/budapest/47.522522_19.077044_h0.jpg,budapest,47.522522,19.077044,0,2024-06,streetview
data/images/budapest/47.522522_19.077044_h90.jpg,budapest,47.522522,19.077044,90,2024-06,streetview
data/images/budapest/47.522522_19.077044_h180.jpg,budapest,47.522522,19.077044,180,2024-06,streetview
data/images/budapest/47.522522_19.077044_h270.jpg,budapest,47.522522,19.077044,270,2024-06,streetview
data/images/budapest/47.531146_19.030755_h0.jpg,budapest,47.531146,19.030755,0,2024-06,streetview
data/images/budapest/47.531146_19.030755_h90.jpg,budapest,47.531146,19.030755,90,2024-06,streetview
data/images/budapest/47.531146_19.030755_h180.jpg,budapest,47.531146,19.030755,180,2024-06,streetview
data/images/budapest/47.531146_19.030755_h270.jpg,budapest,47.531146,19.030755,270,2024-06,streetview
data/images/budapest/47.532224_19.029159_h0.jpg,budapest,47.532224,19.029159,0,2024-10,streetview
data/images/budapest/47.532224_19.029159_h90.jpg,budapest,47.532224,19.029159,90,2024-10,streetview
data/images/budapest/47.532224_19.029159_h180.jpg,budapest,47.532224,19.029159,180,2024-10,streetview
data/images/budapest/47.532224_19.029159_h270.jpg,budapest,47.532224,19.029159,270,2024-10,streetview
data/images/budapest/47.47617_19.033923_h0.jpg,budapest,47.47617,19.033923,0,2025-09,streetview
data/images/budapest/47.47617_19.033923_h90.jpg,budapest,47.47617,19.033923,90,2025-09,streetview
data/images/budapest/47.47617_19.033923_h180.jpg,budapest,47.47617,19.033923,180,2025-09,streetview
data/images/budapest/47.47617_19.033923_h270.jpg,budapest,47.47617,19.033923,270,2025-09,streetview
data/images/budapest/47.521444_19.097794_h0.jpg,budapest,47.521444,19.097794,0,2025-08,streetview
data/images/budapest/47.521444_19.097794_h90.jpg,budapest,47.521444,19.097794,90,2025-08,streetview
data/images/budapest/47.521444_19.097794_h180.jpg,budapest,47.521444,19.097794,180,2025-08,streetview
data/images/budapest/47.521444_19.097794_h270.jpg,budapest,47.521444,19.097794,270,2025-08,streetview
data/images/budapest/47.512821_19.046708_h0.jpg,budapest,47.512821,19.046708,0,2024-07,streetview
data/images/budapest/47.512821_19.046708_h90.jpg,budapest,47.512821,19.046708,90,2024-07,streetview
data/images/budapest/47.512821_19.046708_h180.jpg,budapest,47.512821,19.046708,180,2024-07,streetview
data/images/budapest/47.512821_19.046708_h270.jpg,budapest,47.512821,19.046708,270,2024-07,streetview
data/images/budapest/47.506353_19.07064_h0.jpg,budapest,47.506353,19.07064,0,2025-08,streetview
data/images/budapest/47.506353_19.07064_h90.jpg,budapest,47.506353,19.07064,90,2025-08,streetview
data/images/budapest/47.506353_19.07064_h180.jpg,budapest,47.506353,19.07064,180,2025-08,streetview
data/images/budapest/47.506353_19.07064_h270.jpg,budapest,47.506353,19.07064,270,2025-08,streetview
data/images/budapest/47.506353_19.057874_h0.jpg,budapest,47.506353,19.057874,0,2024-05,streetview
data/images/budapest/47.506353_19.057874_h90.jpg,budapest,47.506353,19.057874,90,2024-05,streetview
data/images/budapest/47.506353_19.057874_h180.jpg,budapest,47.506353,19.057874,180,2024-05,streetview
data/images/budapest/47.506353_19.057874_h270.jpg,budapest,47.506353,19.057874,270,2024-05,streetview
data/images/budapest/47.521444_19.033944_h0.jpg,budapest,47.521444,19.033944,0,2020-04,streetview
data/images/budapest/47.521444_19.033944_h90.jpg,budapest,47.521444,19.033944,90,2020-04,streetview
data/images/budapest/47.521444_19.033944_h180.jpg,budapest,47.521444,19.033944,180,2020-04,streetview
data/images/budapest/47.521444_19.033944_h270.jpg,budapest,47.521444,19.033944,270,2020-04,streetview
data/images/budapest/47.466468_19.04827_h0.jpg,budapest,47.466468,19.04827,0,2025-09,streetview
data/images/budapest/47.466468_19.04827_h90.jpg,budapest,47.466468,19.04827,90,2025-09,streetview
data/images/budapest/47.466468_19.04827_h180.jpg,budapest,47.466468,19.04827,180,2025-09,streetview
data/images/budapest/47.466468_19.04827_h270.jpg,budapest,47.466468,19.04827,270,2025-09,streetview
data/images/budapest/47.535458_19.01_h0.jpg,budapest,47.535458,19.01,0,2022-03,streetview
data/images/budapest/47.535458_19.01_h90.jpg,budapest,47.535458,19.01,90,2022-03,streetview
data/images/budapest/47.535458_19.01_h180.jpg,budapest,47.535458,19.01,180,2022-03,streetview
data/images/budapest/47.535458_19.01_h270.jpg,budapest,47.535458,19.01,270,2022-03,streetview
data/images/budapest/47.469702_19.073787_h0.jpg,budapest,47.469702,19.073787,0,2024-05,streetview
data/images/budapest/47.469702_19.073787_h90.jpg,budapest,47.469702,19.073787,90,2024-05,streetview
data/images/budapest/47.469702_19.073787_h180.jpg,budapest,47.469702,19.073787,180,2024-05,streetview
data/images/budapest/47.469702_19.073787_h270.jpg,budapest,47.469702,19.073787,270,2024-05,streetview
data/images/budapest/47.52899_19.01_h0.jpg,budapest,47.52899,19.01,0,2025-09,streetview
data/images/budapest/47.52899_19.01_h90.jpg,budapest,47.52899,19.01,90,2025-09,streetview
data/images/budapest/47.52899_19.01_h180.jpg,budapest,47.52899,19.01,180,2025-09,streetview
data/images/budapest/47.52899_19.01_h270.jpg,budapest,47.52899,19.01,270,2025-09,streetview
data/images/budapest/47.520367_19.053098_h0.jpg,budapest,47.520367,19.053098,0,2024-06,streetview
data/images/budapest/47.520367_19.053098_h90.jpg,budapest,47.520367,19.053098,90,2024-06,streetview
data/images/budapest/47.520367_19.053098_h180.jpg,budapest,47.520367,19.053098,180,2024-06,streetview
data/images/budapest/47.520367_19.053098_h270.jpg,budapest,47.520367,19.053098,270,2024-06,streetview
data/images/budapest/47.521444_19.065869_h0.jpg,budapest,47.521444,19.065869,0,2025-08,streetview
data/images/budapest/47.521444_19.065869_h90.jpg,budapest,47.521444,19.065869,90,2025-08,streetview
data/images/budapest/47.521444_19.065869_h180.jpg,budapest,47.521444,19.065869,180,2025-08,streetview
data/images/budapest/47.521444_19.065869_h270.jpg,budapest,47.521444,19.065869,270,2025-08,streetview
data/images/budapest/47.511743_19.053091_h0.jpg,budapest,47.511743,19.053091,0,2019-05,streetview
data/images/budapest/47.511743_19.053091_h90.jpg,budapest,47.511743,19.053091,90,2019-05,streetview
data/images/budapest/47.511743_19.053091_h180.jpg,budapest,47.511743,19.053091,180,2019-05,streetview
data/images/budapest/47.511743_19.053091_h270.jpg,budapest,47.511743,19.053091,270,2019-05,streetview
data/images/budapest/47.516055_19.057883_h0.jpg,budapest,47.516055,19.057883,0,2024-06,streetview
data/images/budapest/47.516055_19.057883_h90.jpg,budapest,47.516055,19.057883,90,2024-06,streetview
data/images/budapest/47.516055_19.057883_h180.jpg,budapest,47.516055,19.057883,180,2024-06,streetview
data/images/budapest/47.516055_19.057883_h270.jpg,budapest,47.516055,19.057883,270,2024-06,streetview
data/images/budapest/47.47078_19.022758_h0.jpg,budapest,47.47078,19.022758,0,2024-06,streetview
data/images/budapest/47.47078_19.022758_h90.jpg,budapest,47.47078,19.022758,90,2024-06,streetview
data/images/budapest/47.47078_19.022758_h180.jpg,budapest,47.47078,19.022758,180,2024-06,streetview
data/images/budapest/47.47078_19.022758_h270.jpg,budapest,47.47078,19.022758,270,2024-06,streetview
data/images/budapest/47.506353_19.033937_h0.jpg,budapest,47.506353,19.033937,0,2025-09,streetview
data/images/budapest/47.506353_19.033937_h90.jpg,budapest,47.506353,19.033937,90,2025-09,streetview
data/images/budapest/47.506353_19.033937_h180.jpg,budapest,47.506353,19.033937,180,2025-09,streetview
data/images/budapest/47.506353_19.033937_h270.jpg,budapest,47.506353,19.033937,270,2025-09,streetview
data/images/budapest/47.474014_19.097715_h0.jpg,budapest,47.474014,19.097715,0,2025-09,streetview
data/images/budapest/47.474014_19.097715_h90.jpg,budapest,47.474014,19.097715,90,2025-09,streetview
data/images/budapest/47.474014_19.097715_h180.jpg,budapest,47.474014,19.097715,180,2025-09,streetview
data/images/budapest/47.474014_19.097715_h270.jpg,budapest,47.474014,19.097715,270,2025-09,streetview
data/images/budapest/47.509587_19.024363_h0.jpg,budapest,47.509587,19.024363,0,2024-06,streetview
data/images/budapest/47.509587_19.024363_h90.jpg,budapest,47.509587,19.024363,90,2024-06,streetview
data/images/budapest/47.509587_19.024363_h180.jpg,budapest,47.509587,19.024363,180,2024-06,streetview
data/images/budapest/47.509587_19.024363_h270.jpg,budapest,47.509587,19.024363,270,2024-06,streetview
data/images/budapest/47.500963_19.096164_h0.jpg,budapest,47.500963,19.096164,0,2025-08,streetview
data/images/budapest/47.500963_19.096164_h90.jpg,budapest,47.500963,19.096164,90,2025-08,streetview
data/images/budapest/47.500963_19.096164_h180.jpg,budapest,47.500963,19.096164,180,2025-08,streetview
data/images/budapest/47.500963_19.096164_h270.jpg,budapest,47.500963,19.096164,270,2025-08,streetview
data/images/budapest/47.506353_19.013192_h0.jpg,budapest,47.506353,19.013192,0,2024-06,streetview
data/images/budapest/47.506353_19.013192_h90.jpg,budapest,47.506353,19.013192,90,2024-06,streetview
data/images/budapest/47.506353_19.013192_h180.jpg,budapest,47.506353,19.013192,180,2024-06,streetview
data/images/budapest/47.506353_19.013192_h270.jpg,budapest,47.506353,19.013192,270,2024-06,streetview
data/images/budapest/47.481559_19.092942_h0.jpg,budapest,47.481559,19.092942,0,2024-06,streetview
data/images/budapest/47.481559_19.092942_h90.jpg,budapest,47.481559,19.092942,90,2024-06,streetview
data/images/budapest/47.481559_19.092942_h180.jpg,budapest,47.481559,19.092942,180,2024-06,streetview
data/images/budapest/47.481559_19.092942_h270.jpg,budapest,47.481559,19.092942,270,2024-06,streetview
data/images/budapest/47.517133_19.05948_h0.jpg,budapest,47.517133,19.05948,0,2024-06,streetview
data/images/budapest/47.517133_19.05948_h90.jpg,budapest,47.517133,19.05948,90,2024-06,streetview
data/images/budapest/47.517133_19.05948_h180.jpg,budapest,47.517133,19.05948,180,2024-06,streetview
data/images/budapest/47.517133_19.05948_h270.jpg,budapest,47.517133,19.05948,270,2024-06,streetview
data/images/budapest/47.481559_19.056256_h0.jpg,budapest,47.481559,19.056256,0,2024-06,streetview
data/images/budapest/47.481559_19.056256_h90.jpg,budapest,47.481559,19.056256,90,2024-06,streetview
data/images/budapest/47.481559_19.056256_h180.jpg,budapest,47.481559,19.056256,180,2024-06,streetview
data/images/budapest/47.481559_19.056256_h270.jpg,budapest,47.481559,19.056256,270,2024-06,streetview
data/images/budapest/47.488027_19.059452_h0.jpg,budapest,47.488027,19.059452,0,2025-09,streetview
data/images/budapest/47.488027_19.059452_h90.jpg,budapest,47.488027,19.059452,90,2025-09,streetview
data/images/budapest/47.488027_19.059452_h180.jpg,budapest,47.488027,19.059452,180,2025-09,streetview
data/images/budapest/47.488027_19.059452_h270.jpg,budapest,47.488027,19.059452,270,2025-09,streetview
data/images/budapest/47.495573_19.07701_h0.jpg,budapest,47.495573,19.07701,0,2025-09,streetview
data/images/budapest/47.495573_19.07701_h90.jpg,budapest,47.495573,19.07701,90,2025-09,streetview
data/images/budapest/47.495573_19.07701_h180.jpg,budapest,47.495573,19.07701,180,2025-09,streetview
data/images/budapest/47.495573_19.07701_h270.jpg,budapest,47.495573,19.07701,270,2025-09,streetview
data/images/budapest/47.525756_19.075452_h0.jpg,budapest,47.525756,19.075452,0,2024-06,streetview
data/images/budapest/47.525756_19.075452_h90.jpg,budapest,47.525756,19.075452,90,2024-06,streetview
data/images/budapest/47.525756_19.075452_h180.jpg,budapest,47.525756,19.075452,180,2024-06,streetview
data/images/budapest/47.525756_19.075452_h270.jpg,budapest,47.525756,19.075452,270,2024-06,streetview
data/images/budapest/47.478326_19.038709_h0.jpg,budapest,47.478326,19.038709,0,2025-09,streetview
data/images/budapest/47.478326_19.038709_h90.jpg,budapest,47.478326,19.038709,90,2025-09,streetview
data/images/budapest/47.478326_19.038709_h180.jpg,budapest,47.478326,19.038709,180,2025-09,streetview
data/images/budapest/47.478326_19.038709_h270.jpg,budapest,47.478326,19.038709,270,2025-09,streetview
data/images/budapest/47.483715_19.041902_h0.jpg,budapest,47.483715,19.041902,0,2022-04,streetview
data/images/budapest/47.483715_19.041902_h90.jpg,budapest,47.483715,19.041902,90,2022-04,streetview
data/images/budapest/47.483715_19.041902_h180.jpg,budapest,47.483715,19.041902,180,2022-04,streetview
data/images/budapest/47.483715_19.041902_h270.jpg,budapest,47.483715,19.041902,270,2022-04,streetview
data/images/budapest/47.477248_19.024354_h0.jpg,budapest,47.477248,19.024354,0,2025-09,streetview
data/images/budapest/47.477248_19.024354_h90.jpg,budapest,47.477248,19.024354,90,2025-09,streetview
data/images/budapest/47.477248_19.024354_h180.jpg,budapest,47.477248,19.024354,180,2025-09,streetview
data/images/budapest/47.477248_19.024354_h270.jpg,budapest,47.477248,19.024354,270,2025-09,streetview
data/images/budapest/47.518211_19.086615_h0.jpg,budapest,47.518211,19.086615,0,2024-06,streetview
data/images/budapest/47.518211_19.086615_h90.jpg,budapest,47.518211,19.086615,90,2024-06,streetview
data/images/budapest/47.518211_19.086615_h180.jpg,budapest,47.518211,19.086615,180,2024-06,streetview
data/images/budapest/47.518211_19.086615_h270.jpg,budapest,47.518211,19.086615,270,2024-06,streetview
data/images/budapest/47.538692_19.089839_h0.jpg,budapest,47.538692,19.089839,0,2025-08,streetview
data/images/budapest/47.538692_19.089839_h90.jpg,budapest,47.538692,19.089839,90,2025-08,streetview
data/images/budapest/47.538692_19.089839_h180.jpg,budapest,47.538692,19.089839,180,2025-08,streetview
data/images/budapest/47.538692_19.089839_h270.jpg,budapest,47.538692,19.089839,270,2025-08,streetview
data/images/budapest/47.491261_19.019572_h0.jpg,budapest,47.491261,19.019572,0,2018-06,streetview
data/images/budapest/47.491261_19.019572_h90.jpg,budapest,47.491261,19.019572,90,2018-06,streetview
data/images/budapest/47.491261_19.019572_h180.jpg,budapest,47.491261,19.019572,180,2018-06,streetview
data/images/budapest/47.491261_19.019572_h270.jpg,budapest,47.491261,19.019572,270,2018-06,streetview
data/images/budapest/47.521444_19.027559_h0.jpg,budapest,47.521444,19.027559,0,2025-09,streetview
data/images/budapest/47.521444_19.027559_h90.jpg,budapest,47.521444,19.027559,90,2025-09,streetview
data/images/budapest/47.521444_19.027559_h180.jpg,budapest,47.521444,19.027559,180,2025-09,streetview
data/images/budapest/47.521444_19.027559_h270.jpg,budapest,47.521444,19.027559,270,2025-09,streetview
data/images/budapest/47.469702_19.024352_h0.jpg,budapest,47.469702,19.024352,0,2024-06,streetview
data/images/budapest/47.469702_19.024352_h90.jpg,budapest,47.469702,19.024352,90,2024-06,streetview
data/images/budapest/47.469702_19.024352_h180.jpg,budapest,47.469702,19.024352,180,2024-06,streetview
data/images/budapest/47.469702_19.024352_h270.jpg,budapest,47.469702,19.024352,270,2024-06,streetview
data/images/budapest/47.5236_19.038734_h0.jpg,budapest,47.5236,19.038734,0,2024-06,streetview
data/images/budapest/47.5236_19.038734_h90.jpg,budapest,47.5236,19.038734,90,2024-06,streetview
data/images/budapest/47.5236_19.038734_h180.jpg,budapest,47.5236,19.038734,180,2024-06,streetview
data/images/budapest/47.5236_19.038734_h270.jpg,budapest,47.5236,19.038734,270,2024-06,streetview
data/images/budapest/47.513899_19.024364_h0.jpg,budapest,47.513899,19.024364,0,2024-07,streetview
data/images/budapest/47.513899_19.024364_h90.jpg,budapest,47.513899,19.024364,90,2024-07,streetview
data/images/budapest/47.513899_19.024364_h180.jpg,budapest,47.513899,19.024364,180,2024-07,streetview
data/images/budapest/47.513899_19.024364_h270.jpg,budapest,47.513899,19.024364,270,2024-07,streetview
data/images/budapest/47.507431_19.037129_h0.jpg,budapest,47.507431,19.037129,0,2025-09,streetview
data/images/budapest/47.507431_19.037129_h90.jpg,budapest,47.507431,19.037129,90,2025-09,streetview
data/images/budapest/47.507431_19.037129_h180.jpg,budapest,47.507431,19.037129,180,2025-09,streetview
data/images/budapest/47.507431_19.037129_h270.jpg,budapest,47.507431,19.037129,270,2025-09,streetview
data/images/budapest/47.505275_19.065852_h0.jpg,budapest,47.505275,19.065852,0,2022-09,streetview
data/images/budapest/47.505275_19.065852_h90.jpg,budapest,47.505275,19.065852,90,2022-09,streetview
data/images/budapest/47.505275_19.065852_h180.jpg,budapest,47.505275,19.065852,180,2022-09,streetview
data/images/budapest/47.505275_19.065852_h270.jpg,budapest,47.505275,19.065852,270,2022-09,streetview
data/images/budapest/47.491261_19.014786_h0.jpg,budapest,47.491261,19.014786,0,2024-06,streetview
data/images/budapest/47.491261_19.014786_h90.jpg,budapest,47.491261,19.014786,90,2024-06,streetview
data/images/budapest/47.491261_19.014786_h180.jpg,budapest,47.491261,19.014786,180,2024-06,streetview
data/images/budapest/47.491261_19.014786_h270.jpg,budapest,47.491261,19.014786,270,2024-06,streetview
data/images/budapest/47.463234_19.014783_h0.jpg,budapest,47.463234,19.014783,0,2022-03,streetview
data/images/budapest/47.463234_19.014783_h90.jpg,budapest,47.463234,19.014783,90,2022-03,streetview
data/images/budapest/47.463234_19.014783_h180.jpg,budapest,47.463234,19.014783,180,2022-03,streetview
data/images/budapest/47.463234_19.014783_h270.jpg,budapest,47.463234,19.014783,270,2022-03,streetview
data/images/budapest/47.538692_19.088242_h0.jpg,budapest,47.538692,19.088242,0,2025-08,streetview
data/images/budapest/47.538692_19.088242_h90.jpg,budapest,47.538692,19.088242,90,2025-08,streetview
data/images/budapest/47.538692_19.088242_h180.jpg,budapest,47.538692,19.088242,180,2025-08,streetview
data/images/budapest/47.538692_19.088242_h270.jpg,budapest,47.538692,19.088242,270,2025-08,streetview
data/images/budapest/47.485871_19.062641_h0.jpg,budapest,47.485871,19.062641,0,2025-08,streetview
data/images/budapest/47.485871_19.062641_h90.jpg,budapest,47.485871,19.062641,90,2025-08,streetview
data/images/budapest/47.485871_19.062641_h180.jpg,budapest,47.485871,19.062641,180,2025-08,streetview
data/images/budapest/47.485871_19.062641_h270.jpg,budapest,47.485871,19.062641,270,2025-08,streetview
data/images/budapest/47.514977_19.030749_h0.jpg,budapest,47.514977,19.030749,0,2025-09,streetview
data/images/budapest/47.514977_19.030749_h90.jpg,budapest,47.514977,19.030749,90,2025-09,streetview
data/images/budapest/47.514977_19.030749_h180.jpg,budapest,47.514977,19.030749,180,2025-09,streetview
data/images/budapest/47.514977_19.030749_h270.jpg,budapest,47.514977,19.030749,270,2025-09,streetview
data/images/budapest/47.485871_19.033928_h0.jpg,budapest,47.485871,19.033928,0,2025-09,streetview
data/images/budapest/47.485871_19.033928_h90.jpg,budapest,47.485871,19.033928,90,2025-09,streetview
data/images/budapest/47.485871_19.033928_h180.jpg,budapest,47.485871,19.033928,180,2025-09,streetview
data/images/budapest/47.485871_19.033928_h270.jpg,budapest,47.485871,19.033928,270,2025-09,streetview
data/images/budapest/47.520367_19.091407_h0.jpg,budapest,47.520367,19.091407,0,2022-05,streetview
data/images/budapest/47.520367_19.091407_h90.jpg,budapest,47.520367,19.091407,90,2022-05,streetview
data/images/budapest/47.520367_19.091407_h180.jpg,budapest,47.520367,19.091407,180,2022-05,streetview
data/images/budapest/47.520367_19.091407_h270.jpg,budapest,47.520367,19.091407,270,2022-05,streetview
data/images/budapest/47.492339_19.077006_h0.jpg,budapest,47.492339,19.077006,0,2024-06,streetview
data/images/budapest/47.492339_19.077006_h90.jpg,budapest,47.492339,19.077006,90,2024-06,streetview
data/images/budapest/47.492339_19.077006_h180.jpg,budapest,47.492339,19.077006,180,2024-06,streetview
data/images/budapest/47.492339_19.077006_h270.jpg,budapest,47.492339,19.077006,270,2024-06,streetview
data/images/budapest/47.461078_19.032322_h0.jpg,budapest,47.461078,19.032322,0,2025-09,streetview
data/images/budapest/47.461078_19.032322_h90.jpg,budapest,47.461078,19.032322,90,2025-09,streetview
data/images/budapest/47.461078_19.032322_h180.jpg,budapest,47.461078,19.032322,180,2025-09,streetview
data/images/budapest/47.461078_19.032322_h270.jpg,budapest,47.461078,19.032322,270,2025-09,streetview
data/images/budapest/47.530068_19.032351_h0.jpg,budapest,47.530068,19.032351,0,2024-07,streetview
data/images/budapest/47.530068_19.032351_h90.jpg,budapest,47.530068,19.032351,90,2024-07,streetview
data/images/budapest/47.530068_19.032351_h180.jpg,budapest,47.530068,19.032351,180,2024-07,streetview
data/images/budapest/47.530068_19.032351_h270.jpg,budapest,47.530068,19.032351,270,2024-07,streetview
data/images/budapest/47.526834_19.024368_h0.jpg,budapest,47.526834,19.024368,0,2022-03,streetview
data/images/budapest/47.526834_19.024368_h90.jpg,budapest,47.526834,19.024368,90,2022-03,streetview
data/images/budapest/47.526834_19.024368_h180.jpg,budapest,47.526834,19.024368,180,2022-03,streetview
data/images/budapest/47.526834_19.024368_h270.jpg,budapest,47.526834,19.024368,270,2022-03,streetview
data/images/budapest/47.499885_19.014787_h0.jpg,budapest,47.499885,19.014787,0,2024-06,streetview
data/images/budapest/47.499885_19.014787_h90.jpg,budapest,47.499885,19.014787,90,2024-06,streetview
data/images/budapest/47.499885_19.014787_h180.jpg,budapest,47.499885,19.014787,180,2024-06,streetview
data/images/budapest/47.499885_19.014787_h270.jpg,budapest,47.499885,19.014787,270,2024-06,streetview
data/images/budapest/47.471858_19.059437_h0.jpg,budapest,47.471858,19.059437,0,2025-09,streetview
data/images/budapest/47.471858_19.059437_h90.jpg,budapest,47.471858,19.059437,90,2025-09,streetview
data/images/budapest/47.471858_19.059437_h180.jpg,budapest,47.471858,19.059437,180,2025-09,streetview
data/images/budapest/47.471858_19.059437_h270.jpg,budapest,47.471858,19.059437,270,2025-09,streetview
data/images/budapest/47.527912_19.038736_h0.jpg,budapest,47.527912,19.038736,0,2018-02,streetview
data/images/budapest/47.527912_19.038736_h90.jpg,budapest,47.527912,19.038736,90,2018-02,streetview
data/images/budapest/47.527912_19.038736_h180.jpg,budapest,47.527912,19.038736,180,2018-02,streetview
data/images/budapest/47.527912_19.038736_h270.jpg,budapest,47.527912,19.038736,270,2018-02,streetview
data/images/budapest/47.506353_19.053086_h0.jpg,budapest,47.506353,19.053086,0,2025-09,streetview
data/images/budapest/47.506353_19.053086_h90.jpg,budapest,47.506353,19.053086,90,2025-09,streetview
data/images/budapest/47.506353_19.053086_h180.jpg,budapest,47.506353,19.053086,180,2025-09,streetview
data/images/budapest/47.506353_19.053086_h270.jpg,budapest,47.506353,19.053086,270,2025-09,streetview
data/images/budapest/47.521444_19.09939_h0.jpg,budapest,47.521444,19.09939,0,2025-08,streetview
data/images/budapest/47.521444_19.09939_h90.jpg,budapest,47.521444,19.09939,90,2025-08,streetview
data/images/budapest/47.521444_19.09939_h180.jpg,budapest,47.521444,19.09939,180,2025-08,streetview
data/images/budapest/47.521444_19.09939_h270.jpg,budapest,47.521444,19.09939,270,2025-08,streetview
data/images/budapest/47.518211_19.053096_h0.jpg,budapest,47.518211,19.053096,0,2025-09,streetview
data/images/budapest/47.518211_19.053096_h90.jpg,budapest,47.518211,19.053096,90,2025-09,streetview
data/images/budapest/47.518211_19.053096_h180.jpg,budapest,47.518211,19.053096,180,2025-09,streetview
data/images/budapest/47.518211_19.053096_h270.jpg,budapest,47.518211,19.053096,270,2025-09,streetview
data/images/budapest/47.510665_19.032343_h0.jpg,budapest,47.510665,19.032343,0,2021-08,streetview
data/images/budapest/47.510665_19.032343_h90.jpg,budapest,47.510665,19.032343,90,2021-08,streetview
data/images/budapest/47.510665_19.032343_h180.jpg,budapest,47.510665,19.032343,180,2021-08,streetview
data/images/budapest/47.510665_19.032343_h270.jpg,budapest,47.510665,19.032343,270,2021-08,streetview
data/images/budapest/47.510665_19.064262_h0.jpg,budapest,47.510665,19.064262,0,2024-06,streetview
data/images/budapest/47.510665_19.064262_h90.jpg,budapest,47.510665,19.064262,90,2024-06,streetview
data/images/budapest/47.510665_19.064262_h180.jpg,budapest,47.510665,19.064262,180,2024-06,streetview
data/images/budapest/47.510665_19.064262_h270.jpg,budapest,47.510665,19.064262,270,2024-06,streetview
data/images/budapest/47.525756_19.086627_h0.jpg,budapest,47.525756,19.086627,0,2025-08,streetview
data/images/budapest/47.525756_19.086627_h90.jpg,budapest,47.525756,19.086627,90,2025-08,streetview
data/images/budapest/47.525756_19.086627_h180.jpg,budapest,47.525756,19.086627,180,2025-08,streetview
data/images/budapest/47.525756_19.086627_h270.jpg,budapest,47.525756,19.086627,270,2025-08,streetview
data/images/budapest/47.525756_19.040331_h0.jpg,budapest,47.525756,19.040331,0,2025-09,streetview
data/images/budapest/47.525756_19.040331_h90.jpg,budapest,47.525756,19.040331,90,2025-09,streetview
data/images/budapest/47.525756_19.040331_h180.jpg,budapest,47.525756,19.040331,180,2025-09,streetview
data/images/budapest/47.525756_19.040331_h270.jpg,budapest,47.525756,19.040331,270,2025-09,streetview
data/images/budapest/47.490183_19.027548_h0.jpg,budapest,47.490183,19.027548,0,2025-09,streetview
data/images/budapest/47.490183_19.027548_h90.jpg,budapest,47.490183,19.027548,90,2025-09,streetview
data/images/budapest/47.490183_19.027548_h180.jpg,budapest,47.490183,19.027548,180,2025-09,streetview
data/images/budapest/47.490183_19.027548_h270.jpg,budapest,47.490183,19.027548,270,2025-09,streetview
data/images/budapest/47.472936_19.073791_h0.jpg,budapest,47.472936,19.073791,0,2024-05,streetview
data/images/budapest/47.472936_19.073791_h90.jpg,budapest,47.472936,19.073791,90,2024-05,streetview
data/images/budapest/47.472936_19.073791_h180.jpg,budapest,47.472936,19.073791,180,2024-05,streetview
data/images/budapest/47.472936_19.073791_h270.jpg,budapest,47.472936,19.073791,270,2024-05,streetview
data/images/budapest/47.499885_19.092971_h0.jpg,budapest,47.499885,19.092971,0,2025-09,streetview
data/images/budapest/47.499885_19.092971_h90.jpg,budapest,47.499885,19.092971,90,2025-09,streetview
data/images/budapest/47.499885_19.092971_h180.jpg,budapest,47.499885,19.092971,180,2025-09,streetview
data/images/budapest/47.499885_19.092971_h270.jpg,budapest,47.499885,19.092971,270,2025-09,streetview
data/images/budapest/47.522522_19.02277_h0.jpg,budapest,47.522522,19.02277,0,2025-09,streetview
data/images/budapest/47.522522_19.02277_h90.jpg,budapest,47.522522,19.02277,90,2025-09,streetview
data/images/budapest/47.522522_19.02277_h180.jpg,budapest,47.522522,19.02277,180,2025-09,streetview
data/images/budapest/47.522522_19.02277_h270.jpg,budapest,47.522522,19.02277,270,2025-09,streetview
data/images/budapest/47.474014_19.05306_h0.jpg,budapest,47.474014,19.05306,0,2025-09,streetview
data/images/budapest/47.474014_19.05306_h90.jpg,budapest,47.474014,19.05306,90,2025-09,streetview
data/images/budapest/47.474014_19.05306_h180.jpg,budapest,47.474014,19.05306,180,2025-09,streetview
data/images/budapest/47.474014_19.05306_h270.jpg,budapest,47.474014,19.05306,270,2025-09,streetview
data/images/budapest/47.494495_19.030741_h0.jpg,budapest,47.494495,19.030741,0,2025-09,streetview
data/images/budapest/47.494495_19.030741_h90.jpg,budapest,47.494495,19.030741,90,2025-09,streetview
data/images/budapest/47.494495_19.030741_h180.jpg,budapest,47.494495,19.030741,180,2025-09,streetview
data/images/budapest/47.494495_19.030741_h270.jpg,budapest,47.494495,19.030741,270,2025-09,streetview
data/images/budapest/47.488027_19.011595_h0.jpg,budapest,47.488027,19.011595,0,2024-06,streetview
data/images/budapest/47.488027_19.011595_h90.jpg,budapest,47.488027,19.011595,90,2024-06,streetview
data/images/budapest/47.488027_19.011595_h180.jpg,budapest,47.488027,19.011595,180,2024-06,streetview
data/images/budapest/47.488027_19.011595_h270.jpg,budapest,47.488027,19.011595,270,2024-06,streetview
data/images/budapest/47.498807_19.084992_h0.jpg,budapest,47.498807,19.084992,0,2025-09,streetview
data/images/budapest/47.498807_19.084992_h90.jpg,budapest,47.498807,19.084992,90,2025-09,streetview
data/images/budapest/47.498807_19.084992_h180.jpg,budapest,47.498807,19.084992,180,2025-09,streetview
data/images/budapest/47.498807_19.084992_h270.jpg,budapest,47.498807,19.084992,270,2025-09,streetview
data/images/budapest/47.475092_19.011595_h0.jpg,budapest,47.475092,19.011595,0,2022-04,streetview
data/images/budapest/47.475092_19.011595_h90.jpg,budapest,47.475092,19.011595,90,2022-04,streetview
data/images/budapest/47.475092_19.011595_h180.jpg,budapest,47.475092,19.011595,180,2022-04,streetview
data/images/budapest/47.475092_19.011595_h270.jpg,budapest,47.475092,19.011595,270,2022-04,streetview
data/images/budapest/47.508509_19.048301_h0.jpg,budapest,47.508509,19.048301,0,2025-09,streetview
data/images/budapest/47.508509_19.048301_h90.jpg,budapest,47.508509,19.048301,90,2025-09,streetview
data/images/budapest/47.508509_19.048301_h180.jpg,budapest,47.508509,19.048301,180,2025-09,streetview
data/images/budapest/47.508509_19.048301_h270.jpg,budapest,47.508509,19.048301,270,2025-09,streetview
data/images/budapest/47.466468_19.024351_h0.jpg,budapest,47.466468,19.024351,0,2025-09,streetview
data/images/budapest/47.466468_19.024351_h90.jpg,budapest,47.466468,19.024351,90,2025-09,streetview
data/images/budapest/47.466468_19.024351_h180.jpg,budapest,47.466468,19.024351,180,2025-09,streetview
data/images/budapest/47.466468_19.024351_h270.jpg,budapest,47.466468,19.024351,270,2025-09,streetview
data/images/budapest/47.522522_19.056292_h0.jpg,budapest,47.522522,19.056292,0,2024-06,streetview
data/images/budapest/47.522522_19.056292_h90.jpg,budapest,47.522522,19.056292,90,2024-06,streetview
data/images/budapest/47.522522_19.056292_h180.jpg,budapest,47.522522,19.056292,180,2024-06,streetview
data/images/budapest/47.522522_19.056292_h270.jpg,budapest,47.522522,19.056292,270,2024-06,streetview
data/images/budapest/47.489105_19.064239_h0.jpg,budapest,47.489105,19.064239,0,2025-09,streetview
data/images/budapest/47.489105_19.064239_h90.jpg,budapest,47.489105,19.064239,90,2025-09,streetview
data/images/budapest/47.489105_19.064239_h180.jpg,budapest,47.489105,19.064239,180,2025-09,streetview
data/images/budapest/47.489105_19.064239_h270.jpg,budapest,47.489105,19.064239,270,2025-09,streetview
data/images/budapest/47.535458_19.027563_h0.jpg,budapest,47.535458,19.027563,0,2024-10,streetview
data/images/budapest/47.535458_19.027563_h90.jpg,budapest,47.535458,19.027563,90,2024-10,streetview
data/images/budapest/47.535458_19.027563_h180.jpg,budapest,47.535458,19.027563,180,2024-10,streetview
data/images/budapest/47.535458_19.027563_h270.jpg,budapest,47.535458,19.027563,270,2024-10,streetview
data/images/budapest/47.491261_19.075409_h0.jpg,budapest,47.491261,19.075409,0,2025-08,streetview
data/images/budapest/47.491261_19.075409_h90.jpg,budapest,47.491261,19.075409,90,2025-08,streetview
data/images/budapest/47.491261_19.075409_h180.jpg,budapest,47.491261,19.075409,180,2025-08,streetview
data/images/budapest/47.491261_19.075409_h270.jpg,budapest,47.491261,19.075409,270,2025-08,streetview
data/images/budapest/47.522522_19.081833_h0.jpg,budapest,47.522522,19.081833,0,2022-05,streetview
data/images/budapest/47.522522_19.081833_h90.jpg,budapest,47.522522,19.081833,90,2022-05,streetview
data/images/budapest/47.522522_19.081833_h180.jpg,budapest,47.522522,19.081833,180,2022-05,streetview
data/images/budapest/47.522522_19.081833_h270.jpg,budapest,47.522522,19.081833,270,2022-05,streetview
data/images/budapest/47.519289_19.09779_h0.jpg,budapest,47.519289,19.09779,0,2025-08,streetview
data/images/budapest/47.519289_19.09779_h90.jpg,budapest,47.519289,19.09779,90,2025-08,streetview
data/images/budapest/47.519289_19.09779_h180.jpg,budapest,47.519289,19.09779,180,2025-08,streetview
data/images/budapest/47.519289_19.09779_h270.jpg,budapest,47.519289,19.09779,270,2025-08,streetview
data/images/budapest/47.506353_19.069044_h0.jpg,budapest,47.506353,19.069044,0,2025-08,streetview
data/images/budapest/47.506353_19.069044_h90.jpg,budapest,47.506353,19.069044,90,2025-08,streetview
data/images/budapest/47.506353_19.069044_h180.jpg,budapest,47.506353,19.069044,180,2025-08,streetview
data/images/budapest/47.506353_19.069044_h270.jpg,budapest,47.506353,19.069044,270,2025-08,streetview
data/images/budapest/47.52899_19.099403_h0.jpg,budapest,47.52899,19.099403,0,2025-09,streetview
data/images/budapest/47.52899_19.099403_h90.jpg,budapest,47.52899,19.099403,90,2025-09,streetview
data/images/budapest/47.52899_19.099403_h180.jpg,budapest,47.52899,19.099403,180,2025-09,streetview
data/images/budapest/47.52899_19.099403_h270.jpg,budapest,47.52899,19.099403,270,2025-09,streetview
data/images/budapest/47.482637_19.01_h0.jpg,budapest,47.482637,19.01,0,2022-04,streetview
data/images/budapest/47.482637_19.01_h90.jpg,budapest,47.482637,19.01,90,2022-04,streetview
data/images/budapest/47.482637_19.01_h180.jpg,budapest,47.482637,19.01,180,2022-04,streetview
data/images/budapest/47.482637_19.01_h270.jpg,budapest,47.482637,19.01,270,2022-04,streetview
data/images/budapest/47.516055_19.049902_h0.jpg,budapest,47.516055,19.049902,0,2025-09,streetview
data/images/budapest/47.516055_19.049902_h90.jpg,budapest,47.516055,19.049902,90,2025-09,streetview
data/images/budapest/47.516055_19.049902_h180.jpg,budapest,47.516055,19.049902,180,2025-09,streetview
data/images/budapest/47.516055_19.049902_h270.jpg,budapest,47.516055,19.049902,270,2025-09,streetview
data/images/budapest/47.488027_19.061048_h0.jpg,budapest,47.488027,19.061048,0,2025-08,streetview
data/images/budapest/47.488027_19.061048_h90.jpg,budapest,47.488027,19.061048,90,2025-08,streetview
data/images/budapest/47.488027_19.061048_h180.jpg,budapest,47.488027,19.061048,180,2025-08,streetview
data/images/budapest/47.488027_19.061048_h270.jpg,budapest,47.488027,19.061048,270,2025-08,streetview
data/images/budapest/47.479404_19.037115_h0.jpg,budapest,47.479404,19.037115,0,2024-06,streetview
data/images/budapest/47.479404_19.037115_h90.jpg,budapest,47.479404,19.037115,90,2024-06,streetview
data/images/budapest/47.479404_19.037115_h180.jpg,budapest,47.479404,19.037115,180,2024-06,streetview
data/images/budapest/47.479404_19.037115_h270.jpg,budapest,47.479404,19.037115,270,2024-06,streetview
data/images/budapest/47.494495_19.064245_h0.jpg,budapest,47.494495,19.064245,0,2025-09,streetview
data/images/budapest/47.494495_19.064245_h90.jpg,budapest,47.494495,19.064245,90,2025-09,streetview
data/images/budapest/47.494495_19.064245_h180.jpg,budapest,47.494495,19.064245,180,2025-09,streetview
data/images/budapest/47.494495_19.064245_h270.jpg,budapest,47.494495,19.064245,270,2025-09,streetview
data/images/budapest/47.516055_19.024365_h0.jpg,budapest,47.516055,19.024365,0,2025-09,streetview
data/images/budapest/47.516055_19.024365_h90.jpg,budapest,47.516055,19.024365,90,2025-09,streetview
data/images/budapest/47.516055_19.024365_h180.jpg,budapest,47.516055,19.024365,180,2025-09,streetview
data/images/budapest/47.516055_19.024365_h270.jpg,budapest,47.516055,19.024365,270,2025-09,streetview
data/images/budapest/47.516055_19.029153_h0.jpg,budapest,47.516055,19.029153,0,2025-09,streetview
data/images/budapest/47.516055_19.029153_h90.jpg,budapest,47.516055,19.029153,90,2025-09,streetview
data/images/budapest/47.516055_19.029153_h180.jpg,budapest,47.516055,19.029153,180,2025-09,streetview
data/images/budapest/47.516055_19.029153_h270.jpg,budapest,47.516055,19.029153,270,2025-09,streetview
data/images/budapest/47.468624_19.083354_h0.jpg,budapest,47.468624,19.083354,0,2025-08,streetview
data/images/budapest/47.468624_19.083354_h90.jpg,budapest,47.468624,19.083354,90,2025-08,streetview
data/images/budapest/47.468624_19.083354_h180.jpg,budapest,47.468624,19.083354,180,2025-08,streetview
data/images/budapest/47.468624_19.083354_h270.jpg,budapest,47.468624,19.083354,270,2025-08,streetview
data/images/budapest/47.477248_19.025949_h0.jpg,budapest,47.477248,19.025949,0,2025-09,streetview
data/images/budapest/47.477248_19.025949_h90.jpg,budapest,47.477248,19.025949,90,2025-09,streetview
data/images/budapest/47.477248_19.025949_h180.jpg,budapest,47.477248,19.025949,180,2025-09,streetview
data/images/budapest/47.477248_19.025949_h270.jpg,budapest,47.477248,19.025949,270,2025-09,streetview
data/images/budapest/47.498807_19.0818_h0.jpg,budapest,47.498807,19.0818,0,2024-04,streetview
data/images/budapest/47.498807_19.0818_h90.jpg,budapest,47.498807,19.0818,90,2024-04,streetview
data/images/budapest/47.498807_19.0818_h180.jpg,budapest,47.498807,19.0818,180,2024-04,streetview
data/images/budapest/47.498807_19.0818_h270.jpg,budapest,47.498807,19.0818,270,2024-04,streetview
data/images/budapest/47.47617_19.043492_h0.jpg,budapest,47.47617,19.043492,0,2025-09,streetview
data/images/budapest/47.47617_19.043492_h90.jpg,budapest,47.47617,19.043492,90,2025-09,streetview
data/images/budapest/47.47617_19.043492_h180.jpg,budapest,47.47617,19.043492,180,2025-09,streetview
data/images/budapest/47.47617_19.043492_h270.jpg,budapest,47.47617,19.043492,270,2025-09,streetview
data/images/budapest/47.512821_19.070648_h0.jpg,budapest,47.512821,19.070648,0,2025-08,streetview
data/images/budapest/47.512821_19.070648_h90.jpg,budapest,47.512821,19.070648,90,2025-08,streetview
data/images/budapest/47.512821_19.070648_h180.jpg,budapest,47.512821,19.070648,180,2025-08,streetview
data/images/budapest/47.512821_19.070648_h270.jpg,budapest,47.512821,19.070648,270,2025-08,streetview
data/images/budapest/47.537614_19.07387_h0.jpg,budapest,47.537614,19.07387,0,2025-08,streetview
data/images/budapest/47.537614_19.07387_h90.jpg,budapest,47.537614,19.07387,90,2025-08,streetview
data/images/budapest/47.537614_19.07387_h180.jpg,budapest,47.537614,19.07387,180,2025-08,streetview
data/images/budapest/47.537614_19.07387_h270.jpg,budapest,47.537614,19.07387,270,2025-08,streetview
data/images/budapest/47.5236_19.02756_h0.jpg,budapest,47.5236,19.02756,0,2022-03,streetview
data/images/budapest/47.5236_19.02756_h90.jpg,budapest,47.5236,19.02756,90,2022-03,streetview
data/images/budapest/47.5236_19.02756_h180.jpg,budapest,47.5236,19.02756,180,2022-03,streetview
data/images/budapest/47.5236_19.02756_h270.jpg,budapest,47.5236,19.02756,270,2022-03,streetview
data/images/budapest/47.519289_19.024366_h0.jpg,budapest,47.519289,19.024366,0,2025-09,streetview
data/images/budapest/47.519289_19.024366_h90.jpg,budapest,47.519289,19.024366,90,2025-09,streetview
data/images/budapest/47.519289_19.024366_h180.jpg,budapest,47.519289,19.024366,180,2025-09,streetview
data/images/budapest/47.519289_19.024366_h270.jpg,budapest,47.519289,19.024366,270,2025-09,streetview
data/images/budapest/47.474014_19.075387_h0.jpg,budapest,47.474014,19.075387,0,2024-05,streetview
data/images/budapest/47.474014_19.075387_h90.jpg,budapest,47.474014,19.075387,90,2024-05,streetview
data/images/budapest/47.474014_19.075387_h180.jpg,budapest,47.474014,19.075387,180,2024-05,streetview
data/images/budapest/47.474014_19.075387_h270.jpg,budapest,47.474014,19.075387,270,2024-05,streetview
data/images/budapest/47.486949_19.019571_h0.jpg,budapest,47.486949,19.019571,0,2025-09,streetview
data/images/budapest/47.486949_19.019571_h90.jpg,budapest,47.486949,19.019571,90,2025-09,streetview
data/images/budapest/47.486949_19.019571_h180.jpg,budapest,47.486949,19.019571,180,2025-09,streetview
data/images/budapest/47.486949_19.019571_h270.jpg,budapest,47.486949,19.019571,270,2025-09,streetview
data/images/budapest/47.488027_19.027548_h0.jpg,budapest,47.488027,19.027548,0,2025-09,streetview
data/images/budapest/47.488027_19.027548_h90.jpg,budapest,47.488027,19.027548,90,2025-09,streetview
data/images/budapest/47.488027_19.027548_h180.jpg,budapest,47.488027,19.027548,180,2025-09,streetview
data/images/budapest/47.488027_19.027548_h270.jpg,budapest,47.488027,19.027548,270,2025-09,streetview
data/images/budapest/47.485871_19.051475_h0.jpg,budapest,47.485871,19.051475,0,2025-09,streetview
data/images/budapest/47.485871_19.051475_h90.jpg,budapest,47.485871,19.051475,90,2025-09,streetview
data/images/budapest/47.485871_19.051475_h180.jpg,budapest,47.485871,19.051475,180,2025-09,streetview
data/images/budapest/47.485871_19.051475_h270.jpg,budapest,47.485871,19.051475,270,2025-09,streetview
data/images/budapest/47.491261_19.024358_h0.jpg,budapest,47.491261,19.024358,0,2025-09,streetview
data/images/budapest/47.491261_19.024358_h90.jpg,budapest,47.491261,19.024358,90,2025-09,streetview
data/images/budapest/47.491261_19.024358_h180.jpg,budapest,47.491261,19.024358,180,2025-09,streetview
data/images/budapest/47.491261_19.024358_h270.jpg,budapest,47.491261,19.024358,270,2025-09,streetview
data/images/budapest/47.510665_19.06107_h0.jpg,budapest,47.510665,19.06107,0,2025-08,streetview
data/images/budapest/47.510665_19.06107_h90.jpg,budapest,47.510665,19.06107,90,2025-08,streetview
data/images/budapest/47.510665_19.06107_h180.jpg,budapest,47.510665,19.06107,180,2025-08,streetview
data/images/budapest/47.510665_19.06107_h270.jpg,budapest,47.510665,19.06107,270,2025-08,streetview
data/images/budapest/47.493417_19.013191_h0.jpg,budapest,47.493417,19.013191,0,2025-09,streetview
data/images/budapest/47.493417_19.013191_h90.jpg,budapest,47.493417,19.013191,90,2025-09,streetview
data/images/budapest/47.493417_19.013191_h180.jpg,budapest,47.493417,19.013191,180,2025-09,streetview
data/images/budapest/47.493417_19.013191_h270.jpg,budapest,47.493417,19.013191,270,2025-09,streetview
data/images/budapest/47.493417_19.056267_h0.jpg,budapest,47.493417,19.056267,0,2025-09,streetview
data/images/budapest/47.493417_19.056267_h90.jpg,budapest,47.493417,19.056267,90,2025-09,streetview
data/images/budapest/47.493417_19.056267_h180.jpg,budapest,47.493417,19.056267,180,2025-09,streetview
data/images/budapest/47.493417_19.056267_h270.jpg,budapest,47.493417,19.056267,270,2025-09,streetview
data/images/budapest/47.537614_19.041935_h0.jpg,budapest,47.537614,19.041935,0,2024-06,streetview
data/images/budapest/47.537614_19.041935_h90.jpg,budapest,47.537614,19.041935,90,2024-06,streetview
data/images/budapest/47.537614_19.041935_h180.jpg,budapest,47.537614,19.041935,180,2024-06,streetview
data/images/budapest/47.537614_19.041935_h270.jpg,budapest,47.537614,19.041935,270,2024-06,streetview
data/images/budapest/47.467546_19.011595_h0.jpg,budapest,47.467546,19.011595,0,2022-04,streetview
data/images/budapest/47.467546_19.011595_h90.jpg,budapest,47.467546,19.011595,90,2022-04,streetview
data/images/budapest/47.467546_19.011595_h180.jpg,budapest,47.467546,19.011595,180,2022-04,streetview
data/images/budapest/47.467546_19.011595_h270.jpg,budapest,47.467546,19.011595,270,2022-04,streetview
data/images/budapest/47.489105_19.088168_h0.jpg,budapest,47.489105,19.088168,0,2024-06,streetview
data/images/budapest/47.489105_19.088168_h90.jpg,budapest,47.489105,19.088168,90,2024-06,streetview
data/images/budapest/47.489105_19.088168_h180.jpg,budapest,47.489105,19.088168,180,2024-06,streetview
data/images/budapest/47.489105_19.088168_h270.jpg,budapest,47.489105,19.088168,270,2024-06,streetview
data/images/budapest/47.493417_19.075412_h0.jpg,budapest,47.493417,19.075412,0,2024-06,streetview
data/images/budapest/47.493417_19.075412_h90.jpg,budapest,47.493417,19.075412,90,2024-06,streetview
data/images/budapest/47.493417_19.075412_h180.jpg,budapest,47.493417,19.075412,180,2024-06,streetview
data/images/budapest/47.493417_19.075412_h270.jpg,budapest,47.493417,19.075412,270,2024-06,streetview
data/images/budapest/47.498807_19.030742_h0.jpg,budapest,47.498807,19.030742,0,2025-09,streetview
data/images/budapest/47.498807_19.030742_h90.jpg,budapest,47.498807,19.030742,90,2025-09,streetview
data/images/budapest/47.498807_19.030742_h180.jpg,budapest,47.498807,19.030742,180,2025-09,streetview
data/images/budapest/47.498807_19.030742_h270.jpg,budapest,47.498807,19.030742,270,2025-09,streetview
data/images/budapest/47.477248_19.084961_h0.jpg,budapest,47.477248,19.084961,0,2024-06,streetview
data/images/budapest/47.477248_19.084961_h90.jpg,budapest,47.477248,19.084961,90,2024-06,streetview
data/images/budapest/47.477248_19.084961_h180.jpg,budapest,47.477248,19.084961,180,2024-06,streetview
data/images/budapest/47.477248_19.084961_h270.jpg,budapest,47.477248,19.084961,270,2024-06,streetview
data/images/budapest/47.538692_19.048323_h0.jpg,budapest,47.538692,19.048323,0,2024-07,streetview
data/images/budapest/47.538692_19.048323_h90.jpg,budapest,47.538692,19.048323,90,2024-07,streetview
data/images/budapest/47.538692_19.048323_h180.jpg,budapest,47.538692,19.048323,180,2024-07,streetview
data/images/budapest/47.538692_19.048323_h270.jpg,budapest,47.538692,19.048323,270,2024-07,streetview
data/images/budapest/47.483715_19.049878_h0.jpg,budapest,47.483715,19.049878,0,2025-09,streetview
data/images/budapest/47.483715_19.049878_h90.jpg,budapest,47.483715,19.049878,90,2025-09,streetview
data/images/budapest/47.483715_19.049878_h180.jpg,budapest,47.483715,19.049878,180,2025-09,streetview
data/images/budapest/47.483715_19.049878_h270.jpg,budapest,47.483715,19.049878,270,2025-09,streetview
data/images/budapest/47.517133_19.03075_h0.jpg,budapest,47.517133,19.03075,0,2019-07,streetview
data/images/budapest/47.517133_19.03075_h90.jpg,budapest,47.517133,19.03075,90,2019-07,streetview
data/images/budapest/47.517133_19.03075_h180.jpg,budapest,47.517133,19.03075,180,2019-07,streetview
data/images/budapest/47.517133_19.03075_h270.jpg,budapest,47.517133,19.03075,270,2019-07,streetview
data/images/budapest/47.536536_19.01479_h0.jpg,budapest,47.536536,19.01479,0,2025-09,streetview
data/images/budapest/47.536536_19.01479_h90.jpg,budapest,47.536536,19.01479,90,2025-09,streetview
data/images/budapest/47.536536_19.01479_h180.jpg,budapest,47.536536,19.01479,180,2025-09,streetview
data/images/budapest/47.536536_19.01479_h270.jpg,budapest,47.536536,19.01479,270,2025-09,streetview
data/images/budapest/47.505275_19.033936_h0.jpg,budapest,47.505275,19.033936,0,2022-04,streetview
data/images/budapest/47.505275_19.033936_h90.jpg,budapest,47.505275,19.033936,90,2022-04,streetview
data/images/budapest/47.505275_19.033936_h180.jpg,budapest,47.505275,19.033936,180,2022-04,streetview
data/images/budapest/47.505275_19.033936_h270.jpg,budapest,47.505275,19.033936,270,2022-04,streetview
data/images/budapest/47.482637_19.083373_h0.jpg,budapest,47.482637,19.083373,0,2025-08,streetview
data/images/budapest/47.482637_19.083373_h90.jpg,budapest,47.482637,19.083373,90,2025-08,streetview
data/images/budapest/47.482637_19.083373_h180.jpg,budapest,47.482637,19.083373,180,2025-08,streetview
data/images/budapest/47.482637_19.083373_h270.jpg,budapest,47.482637,19.083373,270,2025-08,streetview
data/images/budapest/47.467546_19.032325_h0.jpg,budapest,47.467546,19.032325,0,2025-09,streetview
data/images/budapest/47.467546_19.032325_h90.jpg,budapest,47.467546,19.032325,90,2025-09,streetview
data/images/budapest/47.467546_19.032325_h180.jpg,budapest,47.467546,19.032325,180,2025-09,streetview
data/images/budapest/47.467546_19.032325_h270.jpg,budapest,47.467546,19.032325,270,2025-09,streetview
data/images/budapest/47.527912_19.08663_h0.jpg,budapest,47.527912,19.08663,0,2025-08,streetview
data/images/budapest/47.527912_19.08663_h90.jpg,budapest,47.527912,19.08663,90,2025-08,streetview
data/images/budapest/47.527912_19.08663_h180.jpg,budapest,47.527912,19.08663,180,2025-08,streetview
data/images/budapest/47.527912_19.08663_h270.jpg,budapest,47.527912,19.08663,270,2025-08,streetview
data/images/budapest/47.461078_19.040294_h0.jpg,budapest,47.461078,19.040294,0,2025-09,streetview
data/images/budapest/47.461078_19.040294_h90.jpg,budapest,47.461078,19.040294,90,2025-09,streetview
data/images/budapest/47.461078_19.040294_h180.jpg,budapest,47.461078,19.040294,180,2025-09,streetview
data/images/budapest/47.461078_19.040294_h270.jpg,budapest,47.461078,19.040294,270,2025-09,streetview
data/images/budapest/47.483715_19.070614_h0.jpg,budapest,47.483715,19.070614,0,2024-05,streetview
data/images/budapest/47.483715_19.070614_h90.jpg,budapest,47.483715,19.070614,90,2024-05,streetview
data/images/budapest/47.483715_19.070614_h180.jpg,budapest,47.483715,19.070614,180,2024-05,streetview
data/images/budapest/47.483715_19.070614_h270.jpg,budapest,47.483715,19.070614,270,2024-05,streetview
data/images/budapest/47.46539_19.02754_h0.jpg,budapest,47.46539,19.02754,0,2025-09,streetview
data/images/budapest/47.46539_19.02754_h90.jpg,budapest,47.46539,19.02754,90,2025-09,streetview
data/images/budapest/47.46539_19.02754_h180.jpg,budapest,47.46539,19.02754,180,2025-09,streetview
data/images/budapest/47.46539_19.02754_h270.jpg,budapest,47.46539,19.02754,270,2025-09,streetview
data/images/budapest/47.521444_19.080235_h0.jpg,budapest,47.521444,19.080235,0,2022-12,streetview
data/images/budapest/47.521444_19.080235_h90.jpg,budapest,47.521444,19.080235,90,2022-12,streetview
data/images/budapest/47.521444_19.080235_h180.jpg,budapest,47.521444,19.080235,180,2022-12,streetview
data/images/budapest/47.521444_19.080235_h270.jpg,budapest,47.521444,19.080235,270,2022-12,streetview
data/images/budapest/47.489105_19.089764_h0.jpg,budapest,47.489105,19.089764,0,2025-08,streetview
data/images/budapest/47.489105_19.089764_h90.jpg,budapest,47.489105,19.089764,90,2025-08,streetview
data/images/budapest/47.489105_19.089764_h180.jpg,budapest,47.489105,19.089764,180,2025-08,streetview
data/images/budapest/47.489105_19.089764_h270.jpg,budapest,47.489105,19.089764,270,2025-08,streetview
data/images/budapest/47.507431_19.085004_h0.jpg,budapest,47.507431,19.085004,0,2025-08,streetview
data/images/budapest/47.507431_19.085004_h90.jpg,budapest,47.507431,19.085004,90,2025-08,streetview
data/images/budapest/47.507431_19.085004_h180.jpg,budapest,47.507431,19.085004,180,2025-08,streetview
data/images/budapest/47.507431_19.085004_h270.jpg,budapest,47.507431,19.085004,270,2025-08,streetview
data/images/budapest/47.484793_19.032332_h0.jpg,budapest,47.484793,19.032332,0,2025-09,streetview
data/images/budapest/47.484793_19.032332_h90.jpg,budapest,47.484793,19.032332,90,2025-09,streetview
data/images/budapest/47.484793_19.032332_h180.jpg,budapest,47.484793,19.032332,180,2025-09,streetview
data/images/budapest/47.484793_19.032332_h270.jpg,budapest,47.484793,19.032332,270,2025-09,streetview
data/images/budapest/47.532224_19.025966_h0.jpg,budapest,47.532224,19.025966,0,2022-03,streetview
data/images/budapest/47.532224_19.025966_h90.jpg,budapest,47.532224,19.025966,90,2022-03,streetview
data/images/budapest/47.532224_19.025966_h180.jpg,budapest,47.532224,19.025966,180,2022-03,streetview
data/images/budapest/47.532224_19.025966_h270.jpg,budapest,47.532224,19.025966,270,2022-03,streetview
data/images/budapest/47.466468_19.049865_h0.jpg,budapest,47.466468,19.049865,0,2025-09,streetview
data/images/budapest/47.466468_19.049865_h90.jpg,budapest,47.466468,19.049865,90,2025-09,streetview
data/images/budapest/47.466468_19.049865_h180.jpg,budapest,47.466468,19.049865,180,2025-09,streetview
data/images/budapest/47.466468_19.049865_h270.jpg,budapest,47.466468,19.049865,270,2025-09,streetview
data/images/budapest/47.489105_19.011595_h0.jpg,budapest,47.489105,19.011595,0,2024-06,streetview
data/images/budapest/47.489105_19.011595_h90.jpg,budapest,47.489105,19.011595,90,2024-06,streetview
data/images/budapest/47.489105_19.011595_h180.jpg,budapest,47.489105,19.011595,180,2024-06,streetview
data/images/budapest/47.489105_19.011595_h270.jpg,budapest,47.489105,19.011595,270,2024-06,streetview
data/images/budapest/47.517133_19.081826_h0.jpg,budapest,47.517133,19.081826,0,2025-08,streetview
data/images/budapest/47.517133_19.081826_h90.jpg,budapest,47.517133,19.081826,90,2025-08,streetview
data/images/budapest/47.517133_19.081826_h180.jpg,budapest,47.517133,19.081826,180,2025-08,streetview
data/images/budapest/47.517133_19.081826_h270.jpg,budapest,47.517133,19.081826,270,2025-08,streetview
data/images/budapest/47.516055_19.065863_h0.jpg,budapest,47.516055,19.065863,0,2024-07,streetview
data/images/budapest/47.516055_19.065863_h90.jpg,budapest,47.516055,19.065863,90,2024-07,streetview
data/images/budapest/47.516055_19.065863_h180.jpg,budapest,47.516055,19.065863,180,2024-07,streetview
data/images/budapest/47.516055_19.065863_h270.jpg,budapest,47.516055,19.065863,270,2024-07,streetview
data/images/budapest/47.518211_19.022769_h0.jpg,budapest,47.518211,19.022769,0,2022-03,streetview
data/images/budapest/47.518211_19.022769_h90.jpg,budapest,47.518211,19.022769,90,2022-03,streetview
data/images/budapest/47.518211_19.022769_h180.jpg,budapest,47.518211,19.022769,180,2022-03,streetview
data/images/budapest/47.518211_19.022769_h270.jpg,budapest,47.518211,19.022769,270,2022-03,streetview
data/images/budapest/47.461078_19.056238_h0.jpg,budapest,47.461078,19.056238,0,2025-09,streetview
data/images/budapest/47.461078_19.056238_h90.jpg,budapest,47.461078,19.056238,90,2025-09,streetview
data/images/budapest/47.461078_19.056238_h180.jpg,budapest,47.461078,19.056238,180,2025-09,streetview
data/images/budapest/47.461078_19.056238_h270.jpg,budapest,47.461078,19.056238,270,2025-09,streetview
data/images/budapest/47.46539_19.024351_h0.jpg,budapest,47.46539,19.024351,0,2022-03,streetview
data/images/budapest/47.46539_19.024351_h90.jpg,budapest,47.46539,19.024351,90,2022-03,streetview
data/images/budapest/47.46539_19.024351_h180.jpg,budapest,47.46539,19.024351,180,2022-03,streetview
data/images/budapest/47.46539_19.024351_h270.jpg,budapest,47.46539,19.024351,270,2022-03,streetview
data/images/budapest/47.504197_19.080212_h0.jpg,budapest,47.504197,19.080212,0,2024-06,streetview
data/images/budapest/47.504197_19.080212_h90.jpg,budapest,47.504197,19.080212,90,2024-06,streetview
data/images/budapest/47.504197_19.080212_h180.jpg,budapest,47.504197,19.080212,180,2024-06,streetview
data/images/budapest/47.504197_19.080212_h270.jpg,budapest,47.504197,19.080212,270,2024-06,streetview
data/images/budapest/47.478326_19.083367_h0.jpg,budapest,47.478326,19.083367,0,2025-08,streetview
data/images/budapest/47.478326_19.083367_h90.jpg,budapest,47.478326,19.083367,90,2025-08,streetview
data/images/budapest/47.478326_19.083367_h180.jpg,budapest,47.478326,19.083367,180,2025-08,streetview
data/images/budapest/47.478326_19.083367_h270.jpg,budapest,47.478326,19.083367,270,2025-08,streetview
data/images/budapest/47.464312_19.02754_h0.jpg,budapest,47.464312,19.02754,0,2025-09,streetview
data/images/budapest/47.464312_19.02754_h90.jpg,budapest,47.464312,19.02754,90,2025-09,streetview
data/images/budapest/47.464312_19.02754_h180.jpg,budapest,47.464312,19.02754,180,2025-09,streetview
data/images/budapest/47.464312_19.02754_h270.jpg,budapest,47.464312,19.02754,270,2025-09,streetview
data/images/budapest/47.480481_19.02276_h0.jpg,budapest,47.480481,19.02276,0,2022-04,streetview
data/images/budapest/47.480481_19.02276_h90.jpg,budapest,47.480481,19.02276,90,2022-04,streetview
data/images/budapest/47.480481_19.02276_h180.jpg,budapest,47.480481,19.02276,180,2022-04,streetview
data/images/budapest/47.480481_19.02276_h270.jpg,budapest,47.480481,19.02276,270,2022-04,streetview
data/images/budapest/47.489105_19.06743_h0.jpg,budapest,47.489105,19.06743,0,2025-09,streetview
data/images/budapest/47.489105_19.06743_h90.jpg,budapest,47.489105,19.06743,90,2025-09,streetview
data/images/budapest/47.489105_19.06743_h180.jpg,budapest,47.489105,19.06743,180,2025-09,streetview
data/images/budapest/47.489105_19.06743_h270.jpg,budapest,47.489105,19.06743,270,2025-09,streetview
data/images/budapest/47.520367_19.011596_h0.jpg,budapest,47.520367,19.011596,0,2025-09,streetview
data/images/budapest/47.520367_19.011596_h90.jpg,budapest,47.520367,19.011596,90,2025-09,streetview
data/images/budapest/47.520367_19.011596_h180.jpg,budapest,47.520367,19.011596,180,2025-09,streetview
data/images/budapest/47.520367_19.011596_h270.jpg,budapest,47.520367,19.011596,270,2025-09,streetview
data/images/budapest/47.47078_19.092925_h0.jpg,budapest,47.47078,19.092925,0,2025-09,streetview
data/images/budapest/47.47078_19.092925_h90.jpg,budapest,47.47078,19.092925,90,2025-09,streetview
data/images/budapest/47.47078_19.092925_h180.jpg,budapest,47.47078,19.092925,180,2025-09,streetview
data/images/budapest/47.47078_19.092925_h270.jpg,budapest,47.47078,19.092925,270,2025-09,streetview
data/images/budapest/47.483715_19.014785_h0.jpg,budapest,47.483715,19.014785,0,2024-06,streetview
data/images/budapest/47.483715_19.014785_h90.jpg,budapest,47.483715,19.014785,90,2024-06,streetview
data/images/budapest/47.483715_19.014785_h180.jpg,budapest,47.483715,19.014785,180,2024-06,streetview
data/images/budapest/47.483715_19.014785_h270.jpg,budapest,47.483715,19.014785,270,2024-06,streetview
data/images/budapest/47.471858_19.032326_h0.jpg,budapest,47.471858,19.032326,0,2025-09,streetview
data/images/budapest/47.471858_19.032326_h90.jpg,budapest,47.471858,19.032326,90,2025-09,streetview
data/images/budapest/47.471858_19.032326_h180.jpg,budapest,47.471858,19.032326,180,2025-09,streetview
data/images/budapest/47.471858_19.032326_h270.jpg,budapest,47.471858,19.032326,270,2025-09,streetview
data/images/budapest/47.504197_19.062659_h0.jpg,budapest,47.504197,19.062659,0,2025-08,streetview
data/images/budapest/47.504197_19.062659_h90.jpg,budapest,47.504197,19.062659,90,2025-08,streetview
data/images/budapest/47.504197_19.062659_h180.jpg,budapest,47.504197,19.062659,180,2025-08,streetview
data/images/budapest/47.504197_19.062659_h270.jpg,budapest,47.504197,19.062659,270,2025-08,streetview
data/images/budapest/47.505275_19.038724_h0.jpg,budapest,47.505275,19.038724,0,2025-09,streetview
data/images/budapest/47.505275_19.038724_h90.jpg,budapest,47.505275,19.038724,90,2025-09,streetview
data/images/budapest/47.505275_19.038724_h180.jpg,budapest,47.505275,19.038724,180,2025-09,streetview
data/images/budapest/47.505275_19.038724_h270.jpg,budapest,47.505275,19.038724,270,2025-09,streetview
data/images/budapest/47.484793_19.081781_h0.jpg,budapest,47.484793,19.081781,0,2024-06,streetview
data/images/budapest/47.484793_19.081781_h90.jpg,budapest,47.484793,19.081781,90,2024-06,streetview
data/images/budapest/47.484793_19.081781_h180.jpg,budapest,47.484793,19.081781,180,2024-06,streetview
data/images/budapest/47.484793_19.081781_h270.jpg,budapest,47.484793,19.081781,270,2024-06,streetview
data/images/budapest/47.490183_19.016381_h0.jpg,budapest,47.490183,19.016381,0,2025-09,streetview
data/images/budapest/47.490183_19.016381_h90.jpg,budapest,47.490183,19.016381,90,2025-09,streetview
data/images/budapest/47.490183_19.016381_h180.jpg,budapest,47.490183,19.016381,180,2025-09,streetview
data/images/budapest/47.490183_19.016381_h270.jpg,budapest,47.490183,19.016381,270,2025-09,streetview
data/images/budapest/47.480481_19.040305_h0.jpg,budapest,47.480481,19.040305,0,2025-09,streetview
data/images/budapest/47.480481_19.040305_h90.jpg,budapest,47.480481,19.040305,90,2025-09,streetview
data/images/budapest/47.480481_19.040305_h180.jpg,budapest,47.480481,19.040305,180,2025-09,streetview
data/images/budapest/47.480481_19.040305_h270.jpg,budapest,47.480481,19.040305,270,2025-09,streetview
data/images/budapest/47.486949_19.059451_h0.jpg,budapest,47.486949,19.059451,0,2025-08,streetview
data/images/budapest/47.486949_19.059451_h90.jpg,budapest,47.486949,19.059451,90,2025-08,streetview
data/images/budapest/47.486949_19.059451_h180.jpg,budapest,47.486949,19.059451,180,2025-08,streetview
data/images/budapest/47.486949_19.059451_h270.jpg,budapest,47.486949,19.059451,270,2025-08,streetview
data/images/budapest/47.475092_19.054656_h0.jpg,budapest,47.475092,19.054656,0,2024-08,streetview
data/images/budapest/47.475092_19.054656_h90.jpg,budapest,47.475092,19.054656,90,2024-08,streetview
data/images/budapest/47.475092_19.054656_h180.jpg,budapest,47.475092,19.054656,180,2024-08,streetview
data/images/budapest/47.475092_19.054656_h270.jpg,budapest,47.475092,19.054656,270,2024-08,streetview
data/images/budapest/47.472936_19.030732_h0.jpg,budapest,47.472936,19.030732,0,2025-09,streetview
data/images/budapest/47.472936_19.030732_h90.jpg,budapest,47.472936,19.030732,90,2025-09,streetview
data/images/budapest/47.472936_19.030732_h180.jpg,budapest,47.472936,19.030732,180,2025-09,streetview
data/images/budapest/47.472936_19.030732_h270.jpg,budapest,47.472936,19.030732,270,2025-09,streetview
data/images/budapest/47.516055_19.059479_h0.jpg,budapest,47.516055,19.059479,0,2024-07,streetview
data/images/budapest/47.516055_19.059479_h90.jpg,budapest,47.516055,19.059479,90,2024-07,streetview
data/images/budapest/47.516055_19.059479_h180.jpg,budapest,47.516055,19.059479,180,2024-07,streetview
data/images/budapest/47.516055_19.059479_h270.jpg,budapest,47.516055,19.059479,270,2024-07,streetview
data/images/budapest/47.524678_19.09301_h0.jpg,budapest,47.524678,19.09301,0,2025-08,streetview
data/images/budapest/47.524678_19.09301_h90.jpg,budapest,47.524678,19.09301,90,2025-08,streetview
data/images/budapest/47.524678_19.09301_h180.jpg,budapest,47.524678,19.09301,180,2025-08,streetview
data/images/budapest/47.524678_19.09301_h270.jpg,budapest,47.524678,19.09301,270,2025-08,streetview
data/images/budapest/47.482637_19.097729_h0.jpg,budapest,47.482637,19.097729,0,2022-08,streetview
data/images/budapest/47.482637_19.097729_h90.jpg,budapest,47.482637,19.097729,90,2022-08,streetview
data/images/budapest/47.482637_19.097729_h180.jpg,budapest,47.482637,19.097729,180,2022-08,streetview
data/images/budapest/47.482637_19.097729_h270.jpg,budapest,47.482637,19.097729,270,2022-08,streetview
data/images/budapest/47.527912_19.025965_h0.jpg,budapest,47.527912,19.025965,0,2024-10,streetview
data/images/budapest/47.527912_19.025965_h90.jpg,budapest,47.527912,19.025965,90,2024-10,streetview
data/images/budapest/47.527912_19.025965_h180.jpg,budapest,47.527912,19.025965,180,2024-10,streetview
data/images/budapest/47.527912_19.025965_h270.jpg,budapest,47.527912,19.025965,270,2024-10,streetview
data/images/budapest/47.494495_19.014786_h0.jpg,budapest,47.494495,19.014786,0,2025-09,streetview
data/images/budapest/47.494495_19.014786_h90.jpg,budapest,47.494495,19.014786,90,2025-09,streetview
data/images/budapest/47.494495_19.014786_h180.jpg,budapest,47.494495,19.014786,180,2025-09,streetview
data/images/budapest/47.494495_19.014786_h270.jpg,budapest,47.494495,19.014786,270,2025-09,streetview
data/images/budapest/47.477248_19.037113_h0.jpg,budapest,47.477248,19.037113,0,2025-09,streetview
data/images/budapest/47.477248_19.037113_h90.jpg,budapest,47.477248,19.037113,90,2025-09,streetview
data/images/budapest/47.477248_19.037113_h180.jpg,budapest,47.477248,19.037113,180,2025-09,streetview
data/images/budapest/47.477248_19.037113_h270.jpg,budapest,47.477248,19.037113,270,2025-09,streetview
data/images/budapest/47.462156_19.051456_h0.jpg,budapest,47.462156,19.051456,0,2024-06,streetview
data/images/budapest/47.462156_19.051456_h90.jpg,budapest,47.462156,19.051456,90,2024-06,streetview
data/images/budapest/47.462156_19.051456_h180.jpg,budapest,47.462156,19.051456,180,2024-06,streetview
data/images/budapest/47.462156_19.051456_h270.jpg,budapest,47.462156,19.051456,270,2024-06,streetview
data/images/budapest/47.494495_19.080199_h0.jpg,budapest,47.494495,19.080199,0,2024-04,streetview
data/images/budapest/47.494495_19.080199_h90.jpg,budapest,47.494495,19.080199,90,2024-04,streetview
data/images/budapest/47.494495_19.080199_h180.jpg,budapest,47.494495,19.080199,180,2024-04,streetview
data/images/budapest/47.494495_19.080199_h270.jpg,budapest,47.494495,19.080199,270,2024-04,streetview
data/images/budapest/47.490183_19.03393_h0.jpg,budapest,47.490183,19.03393,0,2025-09,streetview
data/images/budapest/47.490183_19.03393_h90.jpg,budapest,47.490183,19.03393,90,2025-09,streetview
data/images/budapest/47.490183_19.03393_h180.jpg,budapest,47.490183,19.03393,180,2025-09,streetview
data/images/budapest/47.490183_19.03393_h270.jpg,budapest,47.490183,19.03393,270,2025-09,streetview
data/images/budapest/47.463234_19.043484_h0.jpg,budapest,47.463234,19.043484,0,2025-09,streetview
data/images/budapest/47.463234_19.043484_h90.jpg,budapest,47.463234,19.043484,90,2025-09,streetview
data/images/budapest/47.463234_19.043484_h180.jpg,budapest,47.463234,19.043484,180,2025-09,streetview
data/images/budapest/47.463234_19.043484_h270.jpg,budapest,47.463234,19.043484,270,2025-09,streetview
data/images/budapest/47.481559_19.038711_h0.jpg,budapest,47.481559,19.038711,0,2025-09,streetview
data/images/budapest/47.481559_19.038711_h90.jpg,budapest,47.481559,19.038711,90,2025-09,streetview
data/images/budapest/47.481559_19.038711_h180.jpg,budapest,47.481559,19.038711,180,2025-09,streetview
data/images/budapest/47.481559_19.038711_h270.jpg,budapest,47.481559,19.038711,270,2025-09,streetview
data/images/budapest/47.506353_19.065853_h0.jpg,budapest,47.506353,19.065853,0,2018-10,streetview
data/images/budapest/47.506353_19.065853_h90.jpg,budapest,47.506353,19.065853,90,2018-10,streetview
data/images/budapest/47.506353_19.065853_h180.jpg,budapest,47.506353,19.065853,180,2018-10,streetview
data/images/budapest/47.506353_19.065853_h270.jpg,budapest,47.506353,19.065853,270,2018-10,streetview
data/images/budapest/47.474014_19.017974_h0.jpg,budapest,47.474014,19.017974,0,2022-04,streetview
data/images/budapest/47.474014_19.017974_h90.jpg,budapest,47.474014,19.017974,90,2022-04,streetview
data/images/budapest/47.474014_19.017974_h180.jpg,budapest,47.474014,19.017974,180,2022-04,streetview
data/images/budapest/47.474014_19.017974_h270.jpg,budapest,47.474014,19.017974,270,2022-04,streetview
data/images/budapest/47.498807_19.01_h0.jpg,budapest,47.498807,19.01,0,2024-06,streetview
data/images/budapest/47.498807_19.01_h90.jpg,budapest,47.498807,19.01,90,2024-06,streetview
data/images/budapest/47.498807_19.01_h180.jpg,budapest,47.498807,19.01,180,2024-06,streetview
data/images/budapest/47.498807_19.01_h270.jpg,budapest,47.498807,19.01,270,2024-06,streetview
data/images/budapest/47.468624_19.038704_h0.jpg,budapest,47.468624,19.038704,0,2024-06,streetview
data/images/budapest/47.468624_19.038704_h90.jpg,budapest,47.468624,19.038704,90,2024-06,streetview
data/images/budapest/47.468624_19.038704_h180.jpg,budapest,47.468624,19.038704,180,2024-06,streetview
data/images/budapest/47.468624_19.038704_h270.jpg,budapest,47.468624,19.038704,270,2024-06,streetview
data/images/budapest/47.471858_19.021163_h0.jpg,budapest,47.471858,19.021163,0,2025-09,streetview
data/images/budapest/47.471858_19.021163_h90.jpg,budapest,47.471858,19.021163,90,2025-09,streetview
data/images/budapest/47.471858_19.021163_h180.jpg,budapest,47.471858,19.021163,180,2025-09,streetview
data/images/budapest/47.471858_19.021163_h270.jpg,budapest,47.471858,19.021163,270,2025-09,streetview
data/images/budapest/47.524678_19.021174_h0.jpg,budapest,47.524678,19.021174,0,2025-09,streetview
data/images/budapest/47.524678_19.021174_h90.jpg,budapest,47.524678,19.021174,90,2025-09,streetview
data/images/budapest/47.524678_19.021174_h180.jpg,budapest,47.524678,19.021174,180,2025-09,streetview
data/images/budapest/47.524678_19.021174_h270.jpg,budapest,47.524678,19.021174,270,2025-09,streetview
data/images/budapest/47.5236_19.069064_h0.jpg,budapest,47.5236,19.069064,0,2025-08,streetview
data/images/budapest/47.5236_19.069064_h90.jpg,budapest,47.5236,19.069064,90,2025-08,streetview
data/images/budapest/47.5236_19.069064_h180.jpg,budapest,47.5236,19.069064,180,2025-08,streetview
data/images/budapest/47.5236_19.069064_h270.jpg,budapest,47.5236,19.069064,270,2025-08,streetview
data/images/budapest/47.514977_19.024365_h0.jpg,budapest,47.514977,19.024365,0,2022-03,streetview
data/images/budapest/47.514977_19.024365_h90.jpg,budapest,47.514977,19.024365,90,2022-03,streetview
data/images/budapest/47.514977_19.024365_h180.jpg,budapest,47.514977,19.024365,180,2022-03,streetview
data/images/budapest/47.514977_19.024365_h270.jpg,budapest,47.514977,19.024365,270,2022-03,streetview
data/images/budapest/47.503119_19.038723_h0.jpg,budapest,47.503119,19.038723,0,2024-07,streetview
data/images/budapest/47.503119_19.038723_h90.jpg,budapest,47.503119,19.038723,90,2024-07,streetview
data/images/budapest/47.503119_19.038723_h180.jpg,budapest,47.503119,19.038723,180,2024-07,streetview
data/images/budapest/47.503119_19.038723_h270.jpg,budapest,47.503119,19.038723,270,2024-07,streetview
data/images/budapest/47.514977_19.049901_h0.jpg,budapest,47.514977,19.049901,0,2024-06,streetview
data/images/budapest/47.514977_19.049901_h90.jpg,budapest,47.514977,19.049901,90,2024-06,streetview
data/images/budapest/47.514977_19.049901_h180.jpg,budapest,47.514977,19.049901,180,2024-06,streetview
data/images/budapest/47.514977_19.049901_h270.jpg,budapest,47.514977,19.049901,270,2024-06,streetview
data/images/budapest/47.520367_19.024366_h0.jpg,budapest,47.520367,19.024366,0,2025-09,streetview
data/images/budapest/47.520367_19.024366_h90.jpg,budapest,47.520367,19.024366,90,2025-09,streetview
data/images/budapest/47.520367_19.024366_h180.jpg,budapest,47.520367,19.024366,180,2025-09,streetview
data/images/budapest/47.520367_19.024366_h270.jpg,budapest,47.520367,19.024366,270,2025-09,streetview
data/images/budapest/47.47617_19.097718_h0.jpg,budapest,47.47617,19.097718,0,2025-08,streetview
data/images/budapest/47.47617_19.097718_h90.jpg,budapest,47.47617,19.097718,90,2025-08,streetview
data/images/budapest/47.47617_19.097718_h180.jpg,budapest,47.47617,19.097718,180,2025-08,streetview
data/images/budapest/47.47617_19.097718_h270.jpg,budapest,47.47617,19.097718,270,2025-08,streetview
data/images/budapest/47.491261_19.064241_h0.jpg,budapest,47.491261,19.064241,0,2025-09,streetview
data/images/budapest/47.491261_19.064241_h90.jpg,budapest,47.491261,19.064241,90,2025-09,streetview
data/images/budapest/47.491261_19.064241_h180.jpg,budapest,47.491261,19.064241,180,2025-09,streetview
data/images/budapest/47.491261_19.064241_h270.jpg,budapest,47.491261,19.064241,270,2025-09,streetview
data/images/budapest/47.503119_19.022766_h0.jpg,budapest,47.503119,19.022766,0,2024-06,streetview
data/images/budapest/47.503119_19.022766_h90.jpg,budapest,47.503119,19.022766,90,2024-06,streetview
data/images/budapest/47.503119_19.022766_h180.jpg,budapest,47.503119,19.022766,180,2024-06,streetview
data/images/budapest/47.503119_19.022766_h270.jpg,budapest,47.503119,19.022766,270,2024-06,streetview
data/images/budapest/47.477248_19.059442_h0.jpg,budapest,47.477248,19.059442,0,2025-09,streetview
data/images/budapest/47.477248_19.059442_h90.jpg,budapest,47.477248,19.059442,90,2025-09,streetview
data/images/budapest/47.477248_19.059442_h180.jpg,budapest,47.477248,19.059442,180,2025-09,streetview
data/images/budapest/47.477248_19.059442_h270.jpg,budapest,47.477248,19.059442,270,2025-09,streetview
data/images/budapest/47.511743_19.035535_h0.jpg,budapest,47.511743,19.035535,0,2025-09,streetview
data/images/budapest/47.511743_19.035535_h90.jpg,budapest,47.511743,19.035535,90,2025-09,streetview
data/images/budapest/47.511743_19.035535_h180.jpg,budapest,47.511743,19.035535,180,2025-09,streetview
data/images/budapest/47.511743_19.035535_h270.jpg,budapest,47.511743,19.035535,270,2025-09,streetview
data/images/budapest/47.538692_19.027565_h0.jpg,budapest,47.538692,19.027565,0,2025-09,streetview
data/images/budapest/47.538692_19.027565_h90.jpg,budapest,47.538692,19.027565,90,2025-09,streetview
data/images/budapest/47.538692_19.027565_h180.jpg,budapest,47.538692,19.027565,180,2025-09,streetview
data/images/budapest/47.538692_19.027565_h270.jpg,budapest,47.538692,19.027565,270,2025-09,streetview
data/images/budapest/47.504197_19.035532_h0.jpg,budapest,47.504197,19.035532,0,2025-09,streetview
data/images/budapest/47.504197_19.035532_h90.jpg,budapest,47.504197,19.035532,90,2025-09,streetview
data/images/budapest/47.504197_19.035532_h180.jpg,budapest,47.504197,19.035532,180,2025-09,streetview
data/images/budapest/47.504197_19.035532_h270.jpg,budapest,47.504197,19.035532,270,2025-09,streetview
data/images/budapest/47.462156_19.043484_h0.jpg,budapest,47.462156,19.043484,0,2025-09,streetview
data/images/budapest/47.462156_19.043484_h90.jpg,budapest,47.462156,19.043484,90,2025-09,streetview
data/images/budapest/47.462156_19.043484_h180.jpg,budapest,47.462156,19.043484,180,2025-09,streetview
data/images/budapest/47.462156_19.043484_h270.jpg,budapest,47.462156,19.043484,270,2025-09,streetview
data/images/budapest/47.509587_19.073836_h0.jpg,budapest,47.509587,19.073836,0,2025-08,streetview
data/images/budapest/47.509587_19.073836_h90.jpg,budapest,47.509587,19.073836,90,2025-08,streetview
data/images/budapest/47.509587_19.073836_h180.jpg,budapest,47.509587,19.073836,180,2025-08,streetview
data/images/budapest/47.509587_19.073836_h270.jpg,budapest,47.509587,19.073836,270,2025-08,streetview
data/images/budapest/47.480481_19.05147_h0.jpg,budapest,47.480481,19.05147,0,2024-06,streetview
data/images/budapest/47.480481_19.05147_h90.jpg,budapest,47.480481,19.05147,90,2024-06,streetview
data/images/budapest/47.480481_19.05147_h180.jpg,budapest,47.480481,19.05147,180,2024-06,streetview
data/images/budapest/47.480481_19.05147_h270.jpg,budapest,47.480481,19.05147,270,2024-06,streetview
data/images/budapest/47.474014_19.022759_h0.jpg,budapest,47.474014,19.022759,0,2024-07,streetview
data/images/budapest/47.474014_19.022759_h90.jpg,budapest,47.474014,19.022759,90,2024-07,streetview
data/images/budapest/47.474014_19.022759_h180.jpg,budapest,47.474014,19.022759,180,2024-07,streetview
data/images/budapest/47.474014_19.022759_h270.jpg,budapest,47.474014,19.022759,270,2024-07,streetview
data/images/budapest/47.514977_19.072246_h0.jpg,budapest,47.514977,19.072246,0,2025-08,streetview
data/images/budapest/47.514977_19.072246_h90.jpg,budapest,47.514977,19.072246,90,2025-08,streetview
data/images/budapest/47.514977_19.072246_h180.jpg,budapest,47.514977,19.072246,180,2025-08,streetview
data/images/budapest/47.514977_19.072246_h270.jpg,budapest,47.514977,19.072246,270,2025-08,streetview
data/images/budapest/47.461078_19.072182_h0.jpg,budapest,47.461078,19.072182,0,2025-09,streetview
data/images/budapest/47.461078_19.072182_h90.jpg,budapest,47.461078,19.072182,90,2025-09,streetview
data/images/budapest/47.461078_19.072182_h180.jpg,budapest,47.461078,19.072182,180,2025-09,streetview
data/images/budapest/47.461078_19.072182_h270.jpg,budapest,47.461078,19.072182,270,2025-09,streetview
data/images/budapest/47.497729_19.049888_h0.jpg,budapest,47.497729,19.049888,0,2024-06,streetview
data/images/budapest/47.497729_19.049888_h90.jpg,budapest,47.497729,19.049888,90,2024-06,streetview
data/images/budapest/47.497729_19.049888_h180.jpg,budapest,47.497729,19.049888,180,2024-06,streetview
data/images/budapest/47.497729_19.049888_h270.jpg,budapest,47.497729,19.049888,270,2024-06,streetview
data/images/budapest/47.526834_19.029157_h0.jpg,budapest,47.526834,19.029157,0,2024-07,streetview
data/images/budapest/47.526834_19.029157_h90.jpg,budapest,47.526834,19.029157,90,2024-07,streetview
data/images/budapest/47.526834_19.029157_h180.jpg,budapest,47.526834,19.029157,180,2024-07,streetview
data/images/budapest/47.526834_19.029157_h270.jpg,budapest,47.526834,19.029157,270,2024-07,streetview
data/images/budapest/47.521444_19.021174_h0.jpg,budapest,47.521444,19.021174,0,2025-09,streetview
data/images/budapest/47.521444_19.021174_h90.jpg,budapest,47.521444,19.021174,90,2025-09,streetview
data/images/budapest/47.521444_19.021174_h180.jpg,budapest,47.521444,19.021174,180,2025-09,streetview
data/images/budapest/47.521444_19.021174_h270.jpg,budapest,47.521444,19.021174,270,2025-09,streetview
data/images/budapest/47.524678_19.085029_h0.jpg,budapest,47.524678,19.085029,0,2025-08,streetview
data/images/budapest/47.524678_19.085029_h90.jpg,budapest,47.524678,19.085029,90,2025-08,streetview
data/images/budapest/47.524678_19.085029_h180.jpg,budapest,47.524678,19.085029,180,2025-08,streetview
data/images/budapest/47.524678_19.085029_h270.jpg,budapest,47.524678,19.085029,270,2025-08,streetview
data/images/budapest/47.537614_19.07866_h0.jpg,budapest,47.537614,19.07866,0,2025-08,streetview
data/images/budapest/47.537614_19.07866_h90.jpg,budapest,47.537614,19.07866,90,2025-08,streetview
data/images/budapest/47.537614_19.07866_h180.jpg,budapest,47.537614,19.07866,180,2025-08,streetview
data/images/budapest/47.537614_19.07866_h270.jpg,budapest,47.537614,19.07866,270,2025-08,streetview
data/images/budapest/47.485871_19.083378_h0.jpg,budapest,47.485871,19.083378,0,2025-08,streetview
data/images/budapest/47.485871_19.083378_h90.jpg,budapest,47.485871,19.083378,90,2025-08,streetview
data/images/budapest/47.485871_19.083378_h180.jpg,budapest,47.485871,19.083378,180,2025-08,streetview
data/images/budapest/47.485871_19.083378_h270.jpg,budapest,47.485871,19.083378,270,2025-08,streetview
data/images/budapest/47.499885_19.091376_h0.jpg,budapest,47.499885,19.091376,0,2025-09,streetview
data/images/budapest/47.499885_19.091376_h90.jpg,budapest,47.499885,19.091376,90,2025-09,streetview
data/images/budapest/47.499885_19.091376_h180.jpg,budapest,47.499885,19.091376,180,2025-09,streetview
data/images/budapest/47.499885_19.091376_h270.jpg,budapest,47.499885,19.091376,270,2025-09,streetview
data/images/budapest/47.520367_19.038732_h0.jpg,budapest,47.520367,19.038732,0,2025-09,streetview
data/images/budapest/47.520367_19.038732_h90.jpg,budapest,47.520367,19.038732,90,2025-09,streetview
data/images/budapest/47.520367_19.038732_h180.jpg,budapest,47.520367,19.038732,180,2025-09,streetview
data/images/budapest/47.520367_19.038732_h270.jpg,budapest,47.520367,19.038732,270,2025-09,streetview
data/images/budapest/47.525756_19.021175_h0.jpg,budapest,47.525756,19.021175,0,2025-09,streetview
data/images/budapest/47.525756_19.021175_h90.jpg,budapest,47.525756,19.021175,90,2025-09,streetview
data/images/budapest/47.525756_19.021175_h180.jpg,budapest,47.525756,19.021175,180,2025-09,streetview
data/images/budapest/47.525756_19.021175_h270.jpg,budapest,47.525756,19.021175,270,2025-09,streetview
data/images/budapest/47.506353_19.02915_h0.jpg,budapest,47.506353,19.02915,0,2025-09,streetview
data/images/budapest/47.506353_19.02915_h90.jpg,budapest,47.506353,19.02915,90,2025-09,streetview
data/images/budapest/47.506353_19.02915_h180.jpg,budapest,47.506353,19.02915,180,2025-09,streetview
data/images/budapest/47.506353_19.02915_h270.jpg,budapest,47.506353,19.02915,270,2025-09,streetview
data/images/budapest/47.467546_19.061028_h0.jpg,budapest,47.467546,19.061028,0,2023-04,streetview
data/images/budapest/47.467546_19.061028_h90.jpg,budapest,47.467546,19.061028,90,2023-04,streetview
data/images/budapest/47.467546_19.061028_h180.jpg,budapest,47.467546,19.061028,180,2023-04,streetview
data/images/budapest/47.467546_19.061028_h270.jpg,budapest,47.467546,19.061028,270,2023-04,streetview
data/images/budapest/47.533302_19.013193_h0.jpg,budapest,47.533302,19.013193,0,2024-06,streetview
data/images/budapest/47.533302_19.013193_h90.jpg,budapest,47.533302,19.013193,90,2024-06,streetview
data/images/budapest/47.533302_19.013193_h180.jpg,budapest,47.533302,19.013193,180,2024-06,streetview
data/images/budapest/47.533302_19.013193_h270.jpg,budapest,47.533302,19.013193,270,2024-06,streetview
data/images/budapest/47.503119_19.081806_h0.jpg,budapest,47.503119,19.081806,0,2024-06,streetview
data/images/budapest/47.503119_19.081806_h90.jpg,budapest,47.503119,19.081806,90,2024-06,streetview
data/images/budapest/47.503119_19.081806_h180.jpg,budapest,47.503119,19.081806,180,2024-06,streetview
data/images/budapest/47.503119_19.081806_h270.jpg,budapest,47.503119,19.081806,270,2024-06,streetview
data/images/budapest/47.509587_19.091391_h0.jpg,budapest,47.509587,19.091391,0,2024-04,streetview
data/images/budapest/47.509587_19.091391_h90.jpg,budapest,47.509587,19.091391,90,2024-04,streetview
data/images/budapest/47.509587_19.091391_h180.jpg,budapest,47.509587,19.091391,180,2024-04,streetview
data/images/budapest/47.509587_19.091391_h270.jpg,budapest,47.509587,19.091391,270,2024-04,streetview
data/images/budapest/47.498807_19.051485_h0.jpg,budapest,47.498807,19.051485,0,2025-09,streetview
data/images/budapest/47.498807_19.051485_h90.jpg,budapest,47.498807,19.051485,90,2025-09,streetview
data/images/budapest/47.498807_19.051485_h180.jpg,budapest,47.498807,19.051485,180,2025-09,streetview
data/images/budapest/47.498807_19.051485_h270.jpg,budapest,47.498807,19.051485,270,2025-09,streetview
data/images/budapest/47.479404_19.070609_h0.jpg,budapest,47.479404,19.070609,0,2025-08,streetview
data/images/budapest/47.479404_19.070609_h90.jpg,budapest,47.479404,19.070609,90,2025-08,streetview
data/images/budapest/47.479404_19.070609_h180.jpg,budapest,47.479404,19.070609,180,2025-08,streetview
data/images/budapest/47.479404_19.070609_h270.jpg,budapest,47.479404,19.070609,270,2025-08,streetview
data/images/budapest/47.5236_19.067468_h0.jpg,budapest,47.5236,19.067468,0,2024-06,streetview
data/images/budapest/47.5236_19.067468_h90.jpg,budapest,47.5236,19.067468,90,2024-06,streetview
data/images/budapest/47.5236_19.067468_h180.jpg,budapest,47.5236,19.067468,180,2024-06,streetview
data/images/budapest/47.5236_19.067468_h270.jpg,budapest,47.5236,19.067468,270,2024-06,streetview
data/images/budapest/47.533302_19.061092_h0.jpg,budapest,47.533302,19.061092,0,2022-05,streetview
data/images/budapest/47.533302_19.061092_h90.jpg,budapest,47.533302,19.061092,90,2022-05,streetview
data/images/budapest/47.533302_19.061092_h180.jpg,budapest,47.533302,19.061092,180,2022-05,streetview
data/images/budapest/47.533302_19.061092_h270.jpg,budapest,47.533302,19.061092,270,2022-05,streetview
data/images/budapest/47.482637_19.046687_h0.jpg,budapest,47.482637,19.046687,0,2018-06,streetview
data/images/budapest/47.482637_19.046687_h90.jpg,budapest,47.482637,19.046687,90,2018-06,streetview
data/images/budapest/47.482637_19.046687_h180.jpg,budapest,47.482637,19.046687,180,2018-06,streetview
data/images/budapest/47.482637_19.046687_h270.jpg,budapest,47.482637,19.046687,270,2018-06,streetview
data/images/budapest/47.530068_19.057896_h0.jpg,budapest,47.530068,19.057896,0,2024-06,streetview
data/images/budapest/47.530068_19.057896_h90.jpg,budapest,47.530068,19.057896,90,2024-06,streetview
data/images/budapest/47.530068_19.057896_h180.jpg,budapest,47.530068,19.057896,180,2024-06,streetview
data/images/budapest/47.530068_19.057896_h270.jpg,budapest,47.530068,19.057896,270,2024-06,streetview
data/images/budapest/47.512821_19.021172_h0.jpg,budapest,47.512821,19.021172,0,2024-06,streetview
data/images/budapest/47.512821_19.021172_h90.jpg,budapest,47.512821,19.021172,90,2024-06,streetview
data/images/budapest/47.512821_19.021172_h180.jpg,budapest,47.512821,19.021172,180,2024-06,streetview
data/images/budapest/47.512821_19.021172_h270.jpg,budapest,47.512821,19.021172,270,2024-06,streetview
data/images/budapest/47.509587_19.017979_h0.jpg,budapest,47.509587,19.017979,0,2025-09,streetview
data/images/budapest/47.509587_19.017979_h90.jpg,budapest,47.509587,19.017979,90,2025-09,streetview
data/images/budapest/47.509587_19.017979_h180.jpg,budapest,47.509587,19.017979,180,2025-09,streetview
data/images/budapest/47.509587_19.017979_h270.jpg,budapest,47.509587,19.017979,270,2025-09,streetview
data/images/budapest/47.517133_19.029153_h0.jpg,budapest,47.517133,19.029153,0,2025-09,streetview
data/images/budapest/47.517133_19.029153_h90.jpg,budapest,47.517133,19.029153,90,2025-09,streetview
data/images/budapest/47.517133_19.029153_h180.jpg,budapest,47.517133,19.029153,180,2025-09,streetview
data/images/budapest/47.517133_19.029153_h270.jpg,budapest,47.517133,19.029153,270,2025-09,streetview
data/images/budapest/47.526834_19.03235_h0.jpg,budapest,47.526834,19.03235,0,2024-07,streetview
data/images/budapest/47.526834_19.03235_h90.jpg,budapest,47.526834,19.03235,90,2024-07,streetview
data/images/budapest/47.526834_19.03235_h180.jpg,budapest,47.526834,19.03235,180,2024-07,streetview
data/images/budapest/47.526834_19.03235_h270.jpg,budapest,47.526834,19.03235,270,2024-07,streetview
data/images/budapest/47.46539_19.051458_h0.jpg,budapest,47.46539,19.051458,0,2025-09,streetview
data/images/budapest/47.46539_19.051458_h90.jpg,budapest,47.46539,19.051458,90,2025-09,streetview
data/images/budapest/47.46539_19.051458_h180.jpg,budapest,47.46539,19.051458,180,2025-09,streetview
data/images/budapest/47.46539_19.051458_h270.jpg,budapest,47.46539,19.051458,270,2025-09,streetview
data/images/budapest/47.520367_19.05629_h0.jpg,budapest,47.520367,19.05629,0,2025-09,streetview
data/images/budapest/47.520367_19.05629_h90.jpg,budapest,47.520367,19.05629,90,2025-09,streetview
data/images/budapest/47.520367_19.05629_h180.jpg,budapest,47.520367,19.05629,180,2025-09,streetview
data/images/budapest/47.520367_19.05629_h270.jpg,budapest,47.520367,19.05629,270,2025-09,streetview
data/images/budapest/47.492339_19.061052_h0.jpg,budapest,47.492339,19.061052,0,2025-09,streetview
data/images/budapest/47.492339_19.061052_h90.jpg,budapest,47.492339,19.061052,90,2025-09,streetview
data/images/budapest/47.492339_19.061052_h180.jpg,budapest,47.492339,19.061052,180,2025-09,streetview
data/images/budapest/47.492339_19.061052_h270.jpg,budapest,47.492339,19.061052,270,2025-09,streetview
data/images/budapest/47.491261_19.070623_h0.jpg,budapest,47.491261,19.070623,0,2025-09,streetview
data/images/budapest/47.491261_19.070623_h90.jpg,budapest,47.491261,19.070623,90,2025-09,streetview
data/images/budapest/47.491261_19.070623_h180.jpg,budapest,47.491261,19.070623,180,2025-09,streetview
data/images/budapest/47.491261_19.070623_h270.jpg,budapest,47.491261,19.070623,270,2025-09,streetview
data/images/budapest/47.494495_19.017977_h0.jpg,budapest,47.494495,19.017977,0,2024-06,streetview
data/images/budapest/47.494495_19.017977_h90.jpg,budapest,47.494495,19.017977,90,2024-06,streetview
data/images/budapest/47.494495_19.017977_h180.jpg,budapest,47.494495,19.017977,180,2024-06,streetview
data/images/budapest/47.494495_19.017977_h270.jpg,budapest,47.494495,19.017977,270,2024-06,streetview
data/images/budapest/47.537614_19.072273_h0.jpg,budapest,47.537614,19.072273,0,2025-09,streetview
data/images/budapest/47.537614_19.072273_h90.jpg,budapest,47.537614,19.072273,90,2025-09,streetview
data/images/budapest/47.537614_19.072273_h180.jpg,budapest,47.537614,19.072273,180,2025-09,streetview
data/images/budapest/47.537614_19.072273_h270.jpg,budapest,47.537614,19.072273,270,2025-09,streetview
data/images/budapest/47.500963_19.07223_h0.jpg,budapest,47.500963,19.07223,0,2024-08,streetview
data/images/budapest/47.500963_19.07223_h90.jpg,budapest,47.500963,19.07223,90,2024-08,streetview
data/images/budapest/47.500963_19.07223_h180.jpg,budapest,47.500963,19.07223,180,2024-08,streetview
data/images/budapest/47.500963_19.07223_h270.jpg,budapest,47.500963,19.07223,270,2024-08,streetview
data/images/budapest/47.536536_19.091432_h0.jpg,budapest,47.536536,19.091432,0,2025-08,streetview
data/images/budapest/47.536536_19.091432_h90.jpg,budapest,47.536536,19.091432,90,2025-08,streetview
data/images/budapest/47.536536_19.091432_h180.jpg,budapest,47.536536,19.091432,180,2025-08,streetview
data/images/budapest/47.536536_19.091432_h270.jpg,budapest,47.536536,19.091432,270,2025-08,streetview
data/images/budapest/47.489105_19.057858_h0.jpg,budapest,47.489105,19.057858,0,2025-09,streetview
data/images/budapest/47.489105_19.057858_h90.jpg,budapest,47.489105,19.057858,90,2025-09,streetview
data/images/budapest/47.489105_19.057858_h180.jpg,budapest,47.489105,19.057858,180,2025-09,streetview
data/images/budapest/47.489105_19.057858_h270.jpg,budapest,47.489105,19.057858,270,2025-09,streetview
data/images/budapest/47.53977_19.046727_h0.jpg,budapest,47.53977,19.046727,0,2024-07,streetview
data/images/budapest/47.53977_19.046727_h90.jpg,budapest,47.53977,19.046727,90,2024-07,streetview
data/images/budapest/47.53977_19.046727_h180.jpg,budapest,47.53977,19.046727,180,2024-07,streetview
data/images/budapest/47.53977_19.046727_h270.jpg,budapest,47.53977,19.046727,270,2024-07,streetview
data/images/budapest/47.532224_19.077056_h0.jpg,budapest,47.532224,19.077056,0,2023-10,streetview
data/images/budapest/47.532224_19.077056_h90.jpg,budapest,47.532224,19.077056,90,2023-10,streetview
data/images/budapest/47.532224_19.077056_h180.jpg,budapest,47.532224,19.077056,180,2023-10,streetview
data/images/budapest/47.532224_19.077056_h270.jpg,budapest,47.532224,19.077056,270,2023-10,streetview
data/images/budapest/47.5236_19.017982_h0.jpg,budapest,47.5236,19.017982,0,2024-10,streetview
data/images/budapest/47.5236_19.017982_h90.jpg,budapest,47.5236,19.017982,90,2024-10,streetview
data/images/budapest/47.5236_19.017982_h180.jpg,budapest,47.5236,19.017982,180,2024-10,streetview
data/images/budapest/47.5236_19.017982_h270.jpg,budapest,47.5236,19.017982,270,2024-10,streetview
data/images/budapest/47.535458_19.02437_h0.jpg,budapest,47.535458,19.02437,0,2022-03,streetview
data/images/budapest/47.535458_19.02437_h90.jpg,budapest,47.535458,19.02437,90,2022-03,streetview
data/images/budapest/47.535458_19.02437_h180.jpg,budapest,47.535458,19.02437,180,2022-03,streetview
data/images/budapest/47.535458_19.02437_h270.jpg,budapest,47.535458,19.02437,270,2022-03,streetview
data/images/budapest/47.462156_19.01_h0.jpg,budapest,47.462156,19.01,0,2024-07,streetview
data/images/budapest/47.462156_19.01_h90.jpg,budapest,47.462156,19.01,90,2024-07,streetview
data/images/budapest/47.462156_19.01_h180.jpg,budapest,47.462156,19.01,180,2024-07,streetview
data/images/budapest/47.462156_19.01_h270.jpg,budapest,47.462156,19.01,270,2024-07,streetview
data/images/budapest/47.499885_19.025956_h0.jpg,budapest,47.499885,19.025956,0,2024-06,streetview
data/images/budapest/47.499885_19.025956_h90.jpg,budapest,47.499885,19.025956,90,2024-06,streetview
data/images/budapest/47.499885_19.025956_h180.jpg,budapest,47.499885,19.025956,180,2024-06,streetview
data/images/budapest/47.499885_19.025956_h270.jpg,budapest,47.499885,19.025956,270,2024-06,streetview
data/images/budapest/47.461078_19.011594_h0.jpg,budapest,47.461078,19.011594,0,2022-08,streetview
data/images/budapest/47.461078_19.011594_h90.jpg,budapest,47.461078,19.011594,90,2022-08,streetview
data/images/budapest/47.461078_19.011594_h180.jpg,budapest,47.461078,19.011594,180,2022-08,streetview
data/images/budapest/47.461078_19.011594_h270.jpg,budapest,47.461078,19.011594,270,2022-08,streetview
data/images/budapest/47.498807_19.040316_h0.jpg,budapest,47.498807,19.040316,0,2025-09,streetview
data/images/budapest/47.498807_19.040316_h90.jpg,budapest,47.498807,19.040316,90,2025-09,streetview
data/images/budapest/47.498807_19.040316_h180.jpg,budapest,47.498807,19.040316,180,2025-09,streetview
data/images/budapest/47.498807_19.040316_h270.jpg,budapest,47.498807,19.040316,270,2025-09,streetview
data/images/budapest/47.493417_19.022763_h0.jpg,budapest,47.493417,19.022763,0,2025-09,streetview
data/images/budapest/47.493417_19.022763_h90.jpg,budapest,47.493417,19.022763,90,2025-09,streetview
data/images/budapest/47.493417_19.022763_h180.jpg,budapest,47.493417,19.022763,180,2025-09,streetview
data/images/budapest/47.493417_19.022763_h270.jpg,budapest,47.493417,19.022763,270,2025-09,streetview
data/images/budapest/47.493417_19.072221_h0.jpg,budapest,47.493417,19.072221,0,2024-08,streetview
data/images/budapest/47.493417_19.072221_h90.jpg,budapest,47.493417,19.072221,90,2024-08,streetview
data/images/budapest/47.493417_19.072221_h180.jpg,budapest,47.493417,19.072221,180,2024-08,streetview
data/images/budapest/47.493417_19.072221_h270.jpg,budapest,47.493417,19.072221,270,2024-08,streetview
data/images/budapest/47.525756_19.025964_h0.jpg,budapest,47.525756,19.025964,0,2022-03,streetview
data/images/budapest/47.525756_19.025964_h90.jpg,budapest,47.525756,19.025964,90,2022-03,streetview
data/images/budapest/47.525756_19.025964_h180.jpg,budapest,47.525756,19.025964,180,2022-03,streetview
data/images/budapest/47.525756_19.025964_h270.jpg,budapest,47.525756,19.025964,270,2022-03,streetview
data/images/budapest/47.531146_19.065879_h0.jpg,budapest,47.531146,19.065879,0,2025-09,streetview
data/images/budapest/47.531146_19.065879_h90.jpg,budapest,47.531146,19.065879,90,2025-09,streetview
data/images/budapest/47.531146_19.065879_h180.jpg,budapest,47.531146,19.065879,180,2025-09,streetview
data/images/budapest/47.531146_19.065879_h270.jpg,budapest,47.531146,19.065879,270,2025-09,streetview
data/images/budapest/47.497729_19.032337_h0.jpg,budapest,47.497729,19.032337,0,2024-06,streetview
data/images/budapest/47.497729_19.032337_h90.jpg,budapest,47.497729,19.032337,90,2024-06,streetview
data/images/budapest/47.497729_19.032337_h180.jpg,budapest,47.497729,19.032337,180,2024-06,streetview
data/images/budapest/47.497729_19.032337_h270.jpg,budapest,47.497729,19.032337,270,2024-06,streetview
data/images/budapest/47.533302_19.078654_h0.jpg,budapest,47.533302,19.078654,0,2024-06,streetview
data/images/budapest/47.533302_19.078654_h90.jpg,budapest,47.533302,19.078654,90,2024-06,streetview
data/images/budapest/47.533302_19.078654_h180.jpg,budapest,47.533302,19.078654,180,2024-06,streetview
data/images/budapest/47.533302_19.078654_h270.jpg,budapest,47.533302,19.078654,270,2024-06,streetview
data/images/budapest/47.507431_19.069046_h0.jpg,budapest,47.507431,19.069046,0,2024-06,streetview
data/images/budapest/47.507431_19.069046_h90.jpg,budapest,47.507431,19.069046,90,2024-06,streetview
data/images/budapest/47.507431_19.069046_h180.jpg,budapest,47.507431,19.069046,180,2024-06,streetview
data/images/budapest/47.507431_19.069046_h270.jpg,budapest,47.507431,19.069046,270,2024-06,streetview
data/images/budapest/47.52899_19.025965_h0.jpg,budapest,47.52899,19.025965,0,2022-03,streetview
data/images/budapest/47.52899_19.025965_h90.jpg,budapest,47.52899,19.025965,90,2022-03,streetview
data/images/budapest/47.52899_19.025965_h180.jpg,budapest,47.52899,19.025965,180,2022-03,streetview
data/images/budapest/47.52899_19.025965_h270.jpg,budapest,47.52899,19.025965,270,2022-03,streetview
data/images/budapest/47.508509_19.02915_h0.jpg,budapest,47.508509,19.02915,0,2024-06,streetview
data/images/budapest/47.508509_19.02915_h90.jpg,budapest,47.508509,19.02915,90,2024-06,streetview
data/images/budapest/47.508509_19.02915_h180.jpg,budapest,47.508509,19.02915,180,2024-06,streetview
data/images/budapest/47.508509_19.02915_h270.jpg,budapest,47.508509,19.02915,270,2024-06,streetview
data/images/budapest/47.525756_19.08503_h0.jpg,budapest,47.525756,19.08503,0,2025-08,streetview
data/images/budapest/47.525756_19.08503_h90.jpg,budapest,47.525756,19.08503,90,2025-08,streetview
data/images/budapest/47.525756_19.08503_h180.jpg,budapest,47.525756,19.08503,180,2025-08,streetview
data/images/budapest/47.525756_19.08503_h270.jpg,budapest,47.525756,19.08503,270,2025-08,streetview
data/images/budapest/47.463234_19.035512_h0.jpg,budapest,47.463234,19.035512,0,2025-09,streetview
data/images/budapest/47.463234_19.035512_h90.jpg,budapest,47.463234,19.035512,90,2025-09,streetview
data/images/budapest/47.463234_19.035512_h180.jpg,budapest,47.463234,19.035512,180,2025-09,streetview
data/images/budapest/47.463234_19.035512_h270.jpg,budapest,47.463234,19.035512,270,2025-09,streetview
data/images/budapest/47.531146_19.041931_h0.jpg,budapest,47.531146,19.041931,0,2024-10,streetview
data/images/budapest/47.531146_19.041931_h90.jpg,budapest,47.531146,19.041931,90,2024-10,streetview
data/images/budapest/47.531146_19.041931_h180.jpg,budapest,47.531146,19.041931,180,2024-10,streetview
data/images/budapest/47.531146_19.041931_h270.jpg,budapest,47.531146,19.041931,270,2024-10,streetview
data/images/budapest/47.519289_19.07704_h0.jpg,budapest,47.519289,19.07704,0,2022-09,streetview
data/images/budapest/47.519289_19.07704_h90.jpg,budapest,47.519289,19.07704,90,2022-09,streetview
data/images/budapest/47.519289_19.07704_h180.jpg,budapest,47.519289,19.07704,180,2022-09,streetview
data/images/budapest/47.519289_19.07704_h270.jpg,budapest,47.519289,19.07704,270,2022-09,streetview
data/images/budapest/47.47617_19.099313_h0.jpg,budapest,47.47617,19.099313,0,2025-09,streetview
data/images/budapest/47.47617_19.099313_h90.jpg,budapest,47.47617,19.099313,90,2025-09,streetview
data/images/budapest/47.47617_19.099313_h180.jpg,budapest,47.47617,19.099313,180,2025-09,streetview
data/images/budapest/47.47617_19.099313_h270.jpg,budapest,47.47617,19.099313,270,2025-09,streetview
data/images/budapest/47.482637_19.064233_h0.jpg,budapest,47.482637,19.064233,0,2025-08,streetview
data/images/budapest/47.482637_19.064233_h90.jpg,budapest,47.482637,19.064233,90,2025-08,streetview
data/images/budapest/47.482637_19.064233_h180.jpg,budapest,47.482637,19.064233,180,2025-08,streetview
data/images/budapest/47.482637_19.064233_h270.jpg,budapest,47.482637,19.064233,270,2025-08,streetview
data/images/budapest/47.503119_19.013191_h0.jpg,budapest,47.503119,19.013191,0,2024-06,streetview
data/images/budapest/47.503119_19.013191_h90.jpg,budapest,47.503119,19.013191,90,2024-06,streetview
data/images/budapest/47.503119_19.013191_h180.jpg,budapest,47.503119,19.013191,180,2024-06,streetview
data/images/budapest/47.503119_19.013191_h270.jpg,budapest,47.503119,19.013191,270,2024-06,streetview
data/images/budapest/47.500963_19.016383_h0.jpg,budapest,47.500963,19.016383,0,2025-09,streetview
data/images/budapest/47.500963_19.016383_h90.jpg,budapest,47.500963,19.016383,90,2025-09,streetview
data/images/budapest/47.500963_19.016383_h180.jpg,budapest,47.500963,19.016383,180,2025-09,streetview
data/images/budapest/47.500963_19.016383_h270.jpg,budapest,47.500963,19.016383,270,2025-09,streetview
data/images/budapest/47.471858_19.076979_h0.jpg,budapest,47.471858,19.076979,0,2024-05,streetview
data/images/budapest/47.471858_19.076979_h90.jpg,budapest,47.471858,19.076979,90,2024-05,streetview
data/images/budapest/47.471858_19.076979_h180.jpg,budapest,47.471858,19.076979,180,2024-05,streetview
data/images/budapest/47.471858_19.076979_h270.jpg,budapest,47.471858,19.076979,270,2024-05,streetview
data/images/budapest/47.530068_19.022772_h0.jpg,budapest,47.530068,19.022772,0,2025-09,streetview
data/images/budapest/47.530068_19.022772_h90.jpg,budapest,47.530068,19.022772,90,2025-09,streetview
data/images/budapest/47.530068_19.022772_h180.jpg,budapest,47.530068,19.022772,180,2025-09,streetview
data/images/budapest/47.530068_19.022772_h270.jpg,budapest,47.530068,19.022772,270,2025-09,streetview
data/images/budapest/47.480481_19.05785_h0.jpg,budapest,47.480481,19.05785,0,2024-06,streetview
data/images/budapest/47.480481_19.05785_h90.jpg,budapest,47.480481,19.05785,90,2024-06,streetview
data/images/budapest/47.480481_19.05785_h180.jpg,budapest,47.480481,19.05785,180,2024-06,streetview
data/images/budapest/47.480481_19.05785_h270.jpg,budapest,47.480481,19.05785,270,2024-06,streetview
data/images/budapest/47.495573_19.032337_h0.jpg,budapest,47.495573,19.032337,0,2024-06,streetview
data/images/budapest/47.495573_19.032337_h90.jpg,budapest,47.495573,19.032337,90,2024-06,streetview
data/images/budapest/47.495573_19.032337_h180.jpg,budapest,47.495573,19.032337,180,2024-06,streetview
data/images/budapest/47.495573_19.032337_h270.jpg,budapest,47.495573,19.032337,270,2024-06,streetview
data/images/budapest/47.468624_19.056245_h0.jpg,budapest,47.468624,19.056245,0,2023-04,streetview
data/images/budapest/47.468624_19.056245_h90.jpg,budapest,47.468624,19.056245,90,2023-04,streetview
data/images/budapest/47.468624_19.056245_h180.jpg,budapest,47.468624,19.056245,180,2023-04,streetview
data/images/budapest/47.468624_19.056245_h270.jpg,budapest,47.468624,19.056245,270,2023-04,streetview
data/images/budapest/47.513899_19.078629_h0.jpg,budapest,47.513899,19.078629,0,2019-09,streetview
data/images/budapest/47.513899_19.078629_h90.jpg,budapest,47.513899,19.078629,90,2019-09,streetview
data/images/budapest/47.513899_19.078629_h180.jpg,budapest,47.513899,19.078629,180,2019-09,streetview
data/images/budapest/47.513899_19.078629_h270.jpg,budapest,47.513899,19.078629,270,2019-09,streetview
data/images/budapest/47.492339_19.032335_h0.jpg,budapest,47.492339,19.032335,0,2025-09,streetview
data/images/budapest/47.492339_19.032335_h90.jpg,budapest,47.492339,19.032335,90,2025-09,streetview
data/images/budapest/47.492339_19.032335_h180.jpg,budapest,47.492339,19.032335,180,2025-09,streetview
data/images/budapest/47.492339_19.032335_h270.jpg,budapest,47.492339,19.032335,270,2025-09,streetview
data/images/budapest/47.532224_19.086636_h0.jpg,budapest,47.532224,19.086636,0,2025-08,streetview
data/images/budapest/47.532224_19.086636_h90.jpg,budapest,47.532224,19.086636,90,2025-08,streetview
data/images/budapest/47.532224_19.086636_h180.jpg,budapest,47.532224,19.086636,180,2025-08,streetview
data/images/budapest/47.532224_19.086636_h270.jpg,budapest,47.532224,19.086636,270,2025-08,streetview
data/images/budapest/47.499885_19.099354_h0.jpg,budapest,47.499885,19.099354,0,2025-09,streetview
data/images/budapest/47.499885_19.099354_h90.jpg,budapest,47.499885,19.099354,90,2025-09,streetview
data/images/budapest/47.499885_19.099354_h180.jpg,budapest,47.499885,19.099354,180,2025-09,streetview
data/images/budapest/47.499885_19.099354_h270.jpg,budapest,47.499885,19.099354,270,2025-09,streetview
data/images/budapest/47.497729_19.030742_h0.jpg,budapest,47.497729,19.030742,0,2024-06,streetview
data/images/budapest/47.497729_19.030742_h90.jpg,budapest,47.497729,19.030742,90,2024-06,streetview
data/images/budapest/47.497729_19.030742_h180.jpg,budapest,47.497729,19.030742,180,2024-06,streetview
data/images/budapest/47.497729_19.030742_h270.jpg,budapest,47.497729,19.030742,270,2024-06,streetview
data/images/budapest/47.474014_19.021164_h0.jpg,budapest,47.474014,19.021164,0,2022-04,streetview
data/images/budapest/47.474014_19.021164_h90.jpg,budapest,47.474014,19.021164,90,2022-04,streetview
data/images/budapest/47.474014_19.021164_h180.jpg,budapest,47.474014,19.021164,180,2022-04,streetview
data/images/budapest/47.474014_19.021164_h270.jpg,budapest,47.474014,19.021164,270,2022-04,streetview
data/images/budapest/47.477248_19.043493_h0.jpg,budapest,47.477248,19.043493,0,2024-06,streetview
data/images/budapest/47.477248_19.043493_h90.jpg,budapest,47.477248,19.043493,90,2024-06,streetview
data/images/budapest/47.477248_19.043493_h180.jpg,budapest,47.477248,19.043493,180,2024-06,streetview
data/images/budapest/47.477248_19.043493_h270.jpg,budapest,47.477248,19.043493,270,2024-06,streetview
data/images/budapest/47.514977_19.053094_h0.jpg,budapest,47.514977,19.053094,0,2024-06,streetview
data/images/budapest/47.514977_19.053094_h90.jpg,budapest,47.514977,19.053094,90,2024-06,streetview
data/images/budapest/47.514977_19.053094_h180.jpg,budapest,47.514977,19.053094,180,2024-06,streetview
data/images/budapest/47.514977_19.053094_h270.jpg,budapest,47.514977,19.053094,270,2024-06,streetview
data/images/budapest/47.516055_19.054691_h0.jpg,budapest,47.516055,19.054691,0,2025-09,streetview
data/images/budapest/47.516055_19.054691_h90.jpg,budapest,47.516055,19.054691,90,2025-09,streetview
data/images/budapest/47.516055_19.054691_h180.jpg,budapest,47.516055,19.054691,180,2025-09,streetview
data/images/budapest/47.516055_19.054691_h270.jpg,budapest,47.516055,19.054691,270,2025-09,streetview
data/images/budapest/47.533302_19.083444_h0.jpg,budapest,47.533302,19.083444,0,2025-08,streetview
data/images/budapest/47.533302_19.083444_h90.jpg,budapest,47.533302,19.083444,90,2025-08,streetview
data/images/budapest/47.533302_19.083444_h180.jpg,budapest,47.533302,19.083444,180,2025-08,streetview
data/images/budapest/47.533302_19.083444_h270.jpg,budapest,47.533302,19.083444,270,2025-08,streetview
data/images/budapest/47.503119_19.017978_h0.jpg,budapest,47.503119,19.017978,0,2024-06,streetview
data/images/budapest/47.503119_19.017978_h90.jpg,budapest,47.503119,19.017978,90,2024-06,streetview
data/images/budapest/47.503119_19.017978_h180.jpg,budapest,47.503119,19.017978,180,2024-06,streetview
data/images/budapest/47.503119_19.017978_h270.jpg,budapest,47.503119,19.017978,270,2024-06,streetview
data/images/budapest/47.535458_19.06269_h0.jpg,budapest,47.535458,19.06269,0,2025-09,streetview
data/images/budapest/47.535458_19.06269_h90.jpg,budapest,47.535458,19.06269,90,2025-09,streetview
data/images/budapest/47.535458_19.06269_h180.jpg,budapest,47.535458,19.06269,180,2025-09,streetview
data/images/budapest/47.535458_19.06269_h270.jpg,budapest,47.535458,19.06269,270,2025-09,streetview
data/images/budapest/47.508509_19.07543_h0.jpg,budapest,47.508509,19.07543,0,2025-08,streetview
data/images/budapest/47.508509_19.07543_h90.jpg,budapest,47.508509,19.07543,90,2025-08,streetview
data/images/budapest/47.508509_19.07543_h180.jpg,budapest,47.508509,19.07543,180,2025-08,streetview
data/images/budapest/47.508509_19.07543_h270.jpg,budapest,47.508509,19.07543,270,2025-08,streetview
data/images/budapest/47.471858_19.064221_h0.jpg,budapest,47.471858,19.064221,0,2025-09,streetview
data/images/budapest/47.471858_19.064221_h90.jpg,budapest,47.471858,19.064221,90,2025-09,streetview
data/images/budapest/47.471858_19.064221_h180.jpg,budapest,47.471858,19.064221,180,2025-09,streetview
data/images/budapest/47.471858_19.064221_h270.jpg,budapest,47.471858,19.064221,270,2025-09,streetview
data/images/budapest/47.502041_19.067444_h0.jpg,budapest,47.502041,19.067444,0,2025-08,streetview
data/images/budapest/47.502041_19.067444_h90.jpg,budapest,47.502041,19.067444,90,2025-08,streetview
data/images/budapest/47.502041_19.067444_h180.jpg,budapest,47.502041,19.067444,180,2025-08,streetview
data/images/budapest/47.502041_19.067444_h270.jpg,budapest,47.502041,19.067444,270,2025-08,streetview
data/images/budapest/47.499885_19.040316_h0.jpg,budapest,47.499885,19.040316,0,2024-08,streetview
data/images/budapest/47.499885_19.040316_h90.jpg,budapest,47.499885,19.040316,90,2024-08,streetview
data/images/budapest/47.499885_19.040316_h180.jpg,budapest,47.499885,19.040316,180,2024-08,streetview
data/images/budapest/47.499885_19.040316_h270.jpg,budapest,47.499885,19.040316,270,2024-08,streetview
data/images/budapest/47.499885_19.084993_h0.jpg,budapest,47.499885,19.084993,0,2025-09,streetview
data/images/budapest/47.499885_19.084993_h90.jpg,budapest,47.499885,19.084993,90,2025-09,streetview
data/images/budapest/47.499885_19.084993_h180.jpg,budapest,47.499885,19.084993,180,2025-09,streetview
data/images/budapest/47.499885_19.084993_h270.jpg,budapest,47.499885,19.084993,270,2025-09,streetview
data/images/budapest/47.484793_19.037117_h0.jpg,budapest,47.484793,19.037117,0,2024-06,streetview
data/images/budapest/47.484793_19.037117_h90.jpg,budapest,47.484793,19.037117,90,2024-06,streetview
data/images/budapest/47.484793_19.037117_h180.jpg,budapest,47.484793,19.037117,180,2024-06,streetview
data/images/budapest/47.484793_19.037117_h270.jpg,budapest,47.484793,19.037117,270,2024-06,streetview
data/images/budapest/47.486949_19.067427_h0.jpg,budapest,47.486949,19.067427,0,2025-08,streetview
data/images/budapest/47.486949_19.067427_h90.jpg,budapest,47.486949,19.067427,90,2025-08,streetview
data/images/budapest/47.486949_19.067427_h180.jpg,budapest,47.486949,19.067427,180,2025-08,streetview
data/images/budapest/47.486949_19.067427_h270.jpg,budapest,47.486949,19.067427,270,2025-08,streetview
data/images/budapest/47.531146_19.099407_h0.jpg,budapest,47.531146,19.099407,0,2025-08,streetview
data/images/budapest/47.531146_19.099407_h90.jpg,budapest,47.531146,19.099407,90,2025-08,streetview
data/images/budapest/47.531146_19.099407_h180.jpg,budapest,47.531146,19.099407,180,2025-08,streetview
data/images/budapest/47.531146_19.099407_h270.jpg,budapest,47.531146,19.099407,270,2025-08,streetview
data/images/budapest/47.508509_19.081814_h0.jpg,budapest,47.508509,19.081814,0,2024-06,streetview
data/images/budapest/47.508509_19.081814_h90.jpg,budapest,47.508509,19.081814,90,2024-06,streetview
data/images/budapest/47.508509_19.081814_h180.jpg,budapest,47.508509,19.081814,180,2024-06,streetview
data/images/budapest/47.508509_19.081814_h270.jpg,budapest,47.508509,19.081814,270,2024-06,streetview
data/images/budapest/47.530068_19.037141_h0.jpg,budapest,47.530068,19.037141,0,2025-09,streetview
data/images/budapest/47.530068_19.037141_h90.jpg,budapest,47.530068,19.037141,90,2025-09,streetview
data/images/budapest/47.530068_19.037141_h180.jpg,budapest,47.530068,19.037141,180,2025-09,streetview
data/images/budapest/47.530068_19.037141_h270.jpg,budapest,47.530068,19.037141,270,2025-09,streetview
data/images/budapest/47.495573_19.030741_h0.jpg,budapest,47.495573,19.030741,0,2025-09,streetview
data/images/budapest/47.495573_19.030741_h90.jpg,budapest,47.495573,19.030741,90,2025-09,streetview
data/images/budapest/47.495573_19.030741_h180.jpg,budapest,47.495573,19.030741,180,2025-09,streetview
data/images/budapest/47.495573_19.030741_h270.jpg,budapest,47.495573,19.030741,270,2025-09,streetview
data/images/budapest/47.484793_19.033927_h0.jpg,budapest,47.484793,19.033927,0,2025-09,streetview
data/images/budapest/47.484793_19.033927_h90.jpg,budapest,47.484793,19.033927,90,2025-09,streetview
data/images/budapest/47.484793_19.033927_h180.jpg,budapest,47.484793,19.033927,180,2025-09,streetview
data/images/budapest/47.484793_19.033927_h270.jpg,budapest,47.484793,19.033927,270,2025-09,streetview
data/images/budapest/47.502041_19.084996_h0.jpg,budapest,47.502041,19.084996,0,2025-08,streetview
data/images/budapest/47.502041_19.084996_h90.jpg,budapest,47.502041,19.084996,90,2025-08,streetview
data/images/budapest/47.502041_19.084996_h180.jpg,budapest,47.502041,19.084996,180,2025-08,streetview
data/images/budapest/47.502041_19.084996_h270.jpg,budapest,47.502041,19.084996,270,2025-08,streetview
data/images/budapest/47.510665_19.065857_h0.jpg,budapest,47.510665,19.065857,0,2025-08,streetview
data/images/budapest/47.510665_19.065857_h90.jpg,budapest,47.510665,19.065857,90,2025-08,streetview
data/images/budapest/47.510665_19.065857_h180.jpg,budapest,47.510665,19.065857,180,2025-08,streetview
data/images/budapest/47.510665_19.065857_h270.jpg,budapest,47.510665,19.065857,270,2025-08,streetview
data/images/budapest/47.518211_19.033942_h0.jpg,budapest,47.518211,19.033942,0,2024-07,streetview
data/images/budapest/47.518211_19.033942_h90.jpg,budapest,47.518211,19.033942,90,2024-07,streetview
data/images/budapest/47.518211_19.033942_h180.jpg,budapest,47.518211,19.033942,180,2024-07,streetview
data/images/budapest/47.518211_19.033942_h270.jpg,budapest,47.518211,19.033942,270,2024-07,streetview
data/images/budapest/47.474014_19.094525_h0.jpg,budapest,47.474014,19.094525,0,2024-05,streetview
data/images/budapest/47.474014_19.094525_h90.jpg,budapest,47.474014,19.094525,90,2024-05,streetview
data/images/budapest/47.474014_19.094525_h180.jpg,budapest,47.474014,19.094525,180,2024-05,streetview
data/images/budapest/47.474014_19.094525_h270.jpg,budapest,47.474014,19.094525,270,2024-05,streetview
data/images/budapest/47.468624_19.03073_h0.jpg,budapest,47.468624,19.03073,0,2022-03,streetview
data/images/budapest/47.468624_19.03073_h90.jpg,budapest,47.468624,19.03073,90,2022-03,streetview
data/images/budapest/47.468624_19.03073_h180.jpg,budapest,47.468624,19.03073,180,2022-03,streetview
data/images/budapest/47.468624_19.03073_h270.jpg,budapest,47.468624,19.03073,270,2022-03,streetview
data/images/budapest/47.482637_19.080183_h0.jpg,budapest,47.482637,19.080183,0,2025-08,streetview
data/images/budapest/47.482637_19.080183_h90.jpg,budapest,47.482637,19.080183,90,2025-08,streetview
data/images/budapest/47.482637_19.080183_h180.jpg,budapest,47.482637,19.080183,180,2025-08,streetview
data/images/budapest/47.482637_19.080183_h270.jpg,budapest,47.482637,19.080183,270,2025-08,streetview
data/images/budapest/47.481559_19.067422_h0.jpg,budapest,47.481559,19.067422,0,2018-06,streetview
data/images/budapest/47.481559_19.067422_h90.jpg,budapest,47.481559,19.067422,90,2018-06,streetview
data/images/budapest/47.481559_19.067422_h180.jpg,budapest,47.481559,19.067422,180,2018-06,streetview
data/images/budapest/47.481559_19.067422_h270.jpg,budapest,47.481559,19.067422,270,2018-06,streetview
data/images/budapest/47.471858_19.051463_h0.jpg,budapest,47.471858,19.051463,0,2025-09,streetview
data/images/budapest/47.471858_19.051463_h90.jpg,budapest,47.471858,19.051463,90,2025-09,streetview
data/images/budapest/47.471858_19.051463_h180.jpg,budapest,47.471858,19.051463,180,2025-09,streetview
data/images/budapest/47.471858_19.051463_h270.jpg,budapest,47.471858,19.051463,270,2025-09,streetview
data/images/budapest/47.498807_19.075418_h0.jpg,budapest,47.498807,19.075418,0,2025-09,streetview
data/images/budapest/47.498807_19.075418_h90.jpg,budapest,47.498807,19.075418,90,2025-09,streetview
data/images/budapest/47.498807_19.075418_h180.jpg,budapest,47.498807,19.075418,180,2025-09,streetview
data/images/budapest/47.498807_19.075418_h270.jpg,budapest,47.498807,19.075418,270,2025-09,streetview
data/images/budapest/47.503119_19.030744_h0.jpg,budapest,47.503119,19.030744,0,2024-04,streetview
data/images/budapest/47.503119_19.030744_h90.jpg,budapest,47.503119,19.030744,90,2024-04,streetview
data/images/budapest/47.503119_19.030744_h180.jpg,budapest,47.503119,19.030744,180,2024-04,streetview
data/images/budapest/47.503119_19.030744_h270.jpg,budapest,47.503119,19.030744,270,2024-04,streetview
data/images/budapest/47.518211_19.056289_h0.jpg,budapest,47.518211,19.056289,0,2024-06,streetview
data/images/budapest/47.518211_19.056289_h90.jpg,budapest,47.518211,19.056289,90,2024-06,streetview
data/images/budapest/47.518211_19.056289_h180.jpg,budapest,47.518211,19.056289,180,2024-06,streetview
data/images/budapest/47.518211_19.056289_h270.jpg,budapest,47.518211,19.056289,270,2024-06,streetview
data/images/budapest/47.466468_19.022757_h0.jpg,budapest,47.466468,19.022757,0,2024-06,streetview
data/images/budapest/47.466468_19.022757_h90.jpg,budapest,47.466468,19.022757,90,2024-06,streetview
data/images/budapest/47.466468_19.022757_h180.jpg,budapest,47.466468,19.022757,180,2024-06,streetview
data/images/budapest/47.466468_19.022757_h270.jpg,budapest,47.466468,19.022757,270,2024-06,streetview
data/images/budapest/47.492339_19.070624_h0.jpg,budapest,47.492339,19.070624,0,2019-02,streetview
data/images/budapest/47.492339_19.070624_h90.jpg,budapest,47.492339,19.070624,90,2019-02,streetview
data/images/budapest/47.492339_19.070624_h180.jpg,budapest,47.492339,19.070624,180,2019-02,streetview
data/images/budapest/47.492339_19.070624_h270.jpg,budapest,47.492339,19.070624,270,2019-02,streetview
data/images/budapest/47.488027_19.017976_h0.jpg,budapest,47.488027,19.017976,0,2019-07,streetview
data/images/budapest/47.488027_19.017976_h90.jpg,budapest,47.488027,19.017976,90,2019-07,streetview
data/images/budapest/47.488027_19.017976_h180.jpg,budapest,47.488027,19.017976,180,2019-07,streetview
data/images/budapest/47.488027_19.017976_h270.jpg,budapest,47.488027,19.017976,270,2019-07,streetview
data/images/budapest/47.505275_19.011596_h0.jpg,budapest,47.505275,19.011596,0,2022-04,streetview
data/images/budapest/47.505275_19.011596_h90.jpg,budapest,47.505275,19.011596,90,2022-04,streetview
data/images/budapest/47.505275_19.011596_h180.jpg,budapest,47.505275,19.011596,180,2022-04,streetview
data/images/budapest/47.505275_19.011596_h270.jpg,budapest,47.505275,19.011596,270,2022-04,streetview
data/images/budapest/47.533302_19.065882_h0.jpg,budapest,47.533302,19.065882,0,2025-09,streetview
data/images/budapest/47.533302_19.065882_h90.jpg,budapest,47.533302,19.065882,90,2025-09,streetview
data/images/budapest/47.533302_19.065882_h180.jpg,budapest,47.533302,19.065882,180,2025-09,streetview
data/images/budapest/47.533302_19.065882_h270.jpg,budapest,47.533302,19.065882,270,2025-09,streetview
data/images/budapest/47.504197_19.086595_h0.jpg,budapest,47.504197,19.086595,0,2025-08,streetview
data/images/budapest/47.504197_19.086595_h90.jpg,budapest,47.504197,19.086595,90,2025-08,streetview
data/images/budapest/47.504197_19.086595_h180.jpg,budapest,47.504197,19.086595,180,2025-08,streetview
data/images/budapest/47.504197_19.086595_h270.jpg,budapest,47.504197,19.086595,270,2025-08,streetview
data/images/budapest/47.489105_19.013191_h0.jpg,budapest,47.489105,19.013191,0,2025-09,streetview
data/images/budapest/47.489105_19.013191_h90.jpg,budapest,47.489105,19.013191,90,2025-09,streetview
data/images/budapest/47.489105_19.013191_h180.jpg,budapest,47.489105,19.013191,180,2025-09,streetview
data/images/budapest/47.489105_19.013191_h270.jpg,budapest,47.489105,19.013191,270,2025-09,streetview
data/images/budapest/47.506353_19.083407_h0.jpg,budapest,47.506353,19.083407,0,2024-04,streetview
data/images/budapest/47.506353_19.083407_h90.jpg,budapest,47.506353,19.083407,90,2024-04,streetview
data/images/budapest/47.506353_19.083407_h180.jpg,budapest,47.506353,19.083407,180,2024-04,streetview
data/images/budapest/47.506353_19.083407_h270.jpg,budapest,47.506353,19.083407,270,2024-04,streetview
data/images/budapest/47.497729_19.019573_h0.jpg,budapest,47.497729,19.019573,0,2022-05,streetview
data/images/budapest/47.497729_19.019573_h90.jpg,budapest,47.497729,19.019573,90,2022-05,streetview
data/images/budapest/47.497729_19.019573_h180.jpg,budapest,47.497729,19.019573,180,2022-05,streetview
data/images/budapest/47.497729_19.019573_h270.jpg,budapest,47.497729,19.019573,270,2022-05,streetview
data/images/budapest/47.494495_19.077008_h0.jpg,budapest,47.494495,19.077008,0,2025-09,streetview
data/images/budapest/47.494495_19.077008_h90.jpg,budapest,47.494495,19.077008,90,2025-09,streetview
data/images/budapest/47.494495_19.077008_h180.jpg,budapest,47.494495,19.077008,180,2025-09,streetview
data/images/budapest/47.494495_19.077008_h270.jpg,budapest,47.494495,19.077008,270,2025-09,streetview
data/images/budapest/47.5236_19.072256_h0.jpg,budapest,47.5236,19.072256,0,2022-05,streetview
data/images/budapest/47.5236_19.072256_h90.jpg,budapest,47.5236,19.072256,90,2022-05,streetview
data/images/budapest/47.5236_19.072256_h180.jpg,budapest,47.5236,19.072256,180,2022-05,streetview
data/images/budapest/47.5236_19.072256_h270.jpg,budapest,47.5236,19.072256,270,2022-05,streetview
data/images/budapest/47.507431_19.099366_h0.jpg,budapest,47.507431,19.099366,0,2025-08,streetview
data/images/budapest/47.507431_19.099366_h90.jpg,budapest,47.507431,19.099366,90,2025-08,streetview
data/images/budapest/47.507431_19.099366_h180.jpg,budapest,47.507431,19.099366,180,2025-08,streetview
data/images/budapest/47.507431_19.099366_h270.jpg,budapest,47.507431,19.099366,270,2025-08,streetview
data/images/budapest/47.52899_19.057895_h0.jpg,budapest,47.52899,19.057895,0,2024-06,streetview
data/images/budapest/47.52899_19.057895_h90.jpg,budapest,47.52899,19.057895,90,2024-06,streetview
data/images/budapest/47.52899_19.057895_h180.jpg,budapest,47.52899,19.057895,180,2024-06,streetview
data/images/budapest/47.52899_19.057895_h270.jpg,budapest,47.52899,19.057895,270,2024-06,streetview
data/images/budapest/47.519289_19.096194_h0.jpg,budapest,47.519289,19.096194,0,2025-08,streetview
data/images/budapest/47.519289_19.096194_h90.jpg,budapest,47.519289,19.096194,90,2025-08,streetview
data/images/budapest/47.519289_19.096194_h180.jpg,budapest,47.519289,19.096194,180,2025-08,streetview
data/images/budapest/47.519289_19.096194_h270.jpg,budapest,47.519289,19.096194,270,2025-08,streetview
data/images/budapest/47.499885_19.083398_h0.jpg,budapest,47.499885,19.083398,0,2024-07,streetview
data/images/budapest/47.499885_19.083398_h90.jpg,budapest,47.499885,19.083398,90,2024-07,streetview
data/images/budapest/47.499885_19.083398_h180.jpg,budapest,47.499885,19.083398,180,2024-07,streetview
data/images/budapest/47.499885_19.083398_h270.jpg,budapest,47.499885,19.083398,270,2024-07,streetview
data/images/budapest/47.532224_19.073863_h0.jpg,budapest,47.532224,19.073863,0,2025-08,streetview
data/images/budapest/47.532224_19.073863_h90.jpg,budapest,47.532224,19.073863,90,2025-08,streetview
data/images/budapest/47.532224_19.073863_h180.jpg,budapest,47.532224,19.073863,180,2025-08,streetview
data/images/budapest/47.532224_19.073863_h270.jpg,budapest,47.532224,19.073863,270,2025-08,streetview
data/images/budapest/47.503119_19.070636_h0.jpg,budapest,47.503119,19.070636,0,2024-06,streetview
data/images/budapest/47.503119_19.070636_h90.jpg,budapest,47.503119,19.070636,90,2024-06,streetview
data/images/budapest/47.503119_19.070636_h180.jpg,budapest,47.503119,19.070636,180,2024-06,streetview
data/images/budapest/47.503119_19.070636_h270.jpg,budapest,47.503119,19.070636,270,2024-06,streetview
data/images/budapest/47.488027_19.089762_h0.jpg,budapest,47.488027,19.089762,0,2025-08,streetview
data/images/budapest/47.488027_19.089762_h90.jpg,budapest,47.488027,19.089762,90,2025-08,streetview
data/images/budapest/47.488027_19.089762_h180.jpg,budapest,47.488027,19.089762,180,2025-08,streetview
data/images/budapest/47.488027_19.089762_h270.jpg,budapest,47.488027,19.089762,270,2025-08,streetview
data/images/budapest/47.492339_19.069029_h0.jpg,budapest,47.492339,19.069029,0,2025-08,streetview
data/images/budapest/47.492339_19.069029_h90.jpg,budapest,47.492339,19.069029,90,2025-08,streetview
data/images/budapest/47.492339_19.069029_h180.jpg,budapest,47.492339,19.069029,180,2025-08,streetview
data/images/budapest/47.492339_19.069029_h270.jpg,budapest,47.492339,19.069029,270,2025-08,streetview
data/images/budapest/47.477248_19.075391_h0.jpg,budapest,47.477248,19.075391,0,2025-08,streetview
data/images/budapest/47.477248_19.075391_h90.jpg,budapest,47.477248,19.075391,90,2025-08,streetview
data/images/budapest/47.477248_19.075391_h180.jpg,budapest,47.477248,19.075391,180,2025-08,streetview
data/images/budapest/47.477248_19.075391_h270.jpg,budapest,47.477248,19.075391,270,2025-08,streetview
data/images/budapest/47.498807_19.083396_h0.jpg,budapest,47.498807,19.083396,0,2025-09,streetview
data/images/budapest/47.498807_19.083396_h90.jpg,budapest,47.498807,19.083396,90,2025-09,streetview
data/images/budapest/47.498807_19.083396_h180.jpg,budapest,47.498807,19.083396,180,2025-09,streetview
data/images/budapest/47.498807_19.083396_h270.jpg,budapest,47.498807,19.083396,270,2025-09,streetview
data/images/budapest/47.53977_19.021178_h0.jpg,budapest,47.53977,19.021178,0,2024-06,streetview
data/images/budapest/47.53977_19.021178_h90.jpg,budapest,47.53977,19.021178,90,2024-06,streetview
data/images/budapest/47.53977_19.021178_h180.jpg,budapest,47.53977,19.021178,180,2024-06,streetview
data/images/budapest/47.53977_19.021178_h270.jpg,budapest,47.53977,19.021178,270,2024-06,streetview
data/images/budapest/47.536536_19.077062_h0.jpg,budapest,47.536536,19.077062,0,2025-09,streetview
data/images/budapest/47.536536_19.077062_h90.jpg,budapest,47.536536,19.077062,90,2025-09,streetview
data/images/budapest/47.536536_19.077062_h180.jpg,budapest,47.536536,19.077062,180,2025-09,streetview
data/images/budapest/47.536536_19.077062_h270.jpg,budapest,47.536536,19.077062,270,2025-09,streetview
data/images/budapest/47.491261_19.091362_h0.jpg,budapest,47.491261,19.091362,0,2025-08,streetview
data/images/budapest/47.491261_19.091362_h90.jpg,budapest,47.491261,19.091362,90,2025-08,streetview
data/images/budapest/47.491261_19.091362_h180.jpg,budapest,47.491261,19.091362,180,2025-08,streetview
data/images/budapest/47.491261_19.091362_h270.jpg,budapest,47.491261,19.091362,270,2025-08,streetview
data/images/budapest/47.536536_19.02437_h0.jpg,budapest,47.536536,19.02437,0,2025-09,streetview
data/images/budapest/47.536536_19.02437_h90.jpg,budapest,47.536536,19.02437,90,2025-09,streetview
data/images/budapest/47.536536_19.02437_h180.jpg,budapest,47.536536,19.02437,180,2025-09,streetview
data/images/budapest/47.536536_19.02437_h270.jpg,budapest,47.536536,19.02437,270,2025-09,streetview
data/images/budapest/47.525756_19.02756_h0.jpg,budapest,47.525756,19.02756,0,2022-03,streetview
data/images/budapest/47.525756_19.02756_h90.jpg,budapest,47.525756,19.02756,90,2022-03,streetview
data/images/budapest/47.525756_19.02756_h180.jpg,budapest,47.525756,19.02756,180,2022-03,streetview
data/images/budapest/47.525756_19.02756_h270.jpg,budapest,47.525756,19.02756,270,2022-03,streetview
data/images/budapest/47.498807_19.070632_h0.jpg,budapest,47.498807,19.070632,0,2018-05,streetview
data/images/budapest/47.498807_19.070632_h90.jpg,budapest,47.498807,19.070632,90,2018-05,streetview
data/images/budapest/47.498807_19.070632_h180.jpg,budapest,47.498807,19.070632,180,2018-05,streetview
data/images/budapest/47.498807_19.070632_h270.jpg,budapest,47.498807,19.070632,270,2018-05,streetview
data/images/budapest/47.467546_19.084947_h0.jpg,budapest,47.467546,19.084947,0,2024-05,streetview
data/images/budapest/47.467546_19.084947_h90.jpg,budapest,47.467546,19.084947,90,2024-05,streetview
data/images/budapest/47.467546_19.084947_h180.jpg,budapest,47.467546,19.084947,180,2024-05,streetview
data/images/budapest/47.467546_19.084947_h270.jpg,budapest,47.467546,19.084947,270,2024-05,streetview
data/images/budapest/47.467546_19.013189_h0.jpg,budapest,47.467546,19.013189,0,2025-09,streetview
data/images/budapest/47.467546_19.013189_h90.jpg,budapest,47.467546,19.013189,90,2025-09,streetview
data/images/budapest/47.467546_19.013189_h180.jpg,budapest,47.467546,19.013189,180,2025-09,streetview
data/images/budapest/47.467546_19.013189_h270.jpg,budapest,47.467546,19.013189,270,2025-09,streetview
data/images/budapest/47.527912_19.056297_h0.jpg,budapest,47.527912,19.056297,0,2025-09,streetview
data/images/budapest/47.527912_19.056297_h90.jpg,budapest,47.527912,19.056297,90,2025-09,streetview
data/images/budapest/47.527912_19.056297_h180.jpg,budapest,47.527912,19.056297,180,2025-09,streetview
data/images/budapest/47.527912_19.056297_h270.jpg,budapest,47.527912,19.056297,270,2025-09,streetview
data/images/budapest/47.506353_19.048299_h0.jpg,budapest,47.506353,19.048299,0,2019-07,streetview
data/images/budapest/47.506353_19.048299_h90.jpg,budapest,47.506353,19.048299,90,2019-07,streetview
data/images/budapest/47.506353_19.048299_h180.jpg,budapest,47.506353,19.048299,180,2019-07,streetview
data/images/budapest/47.506353_19.048299_h270.jpg,budapest,47.506353,19.048299,270,2019-07,streetview
data/images/budapest/47.47078_19.081762_h0.jpg,budapest,47.47078,19.081762,0,2025-09,streetview
data/images/budapest/47.47078_19.081762_h90.jpg,budapest,47.47078,19.081762,90,2025-09,streetview
data/images/budapest/47.47078_19.081762_h180.jpg,budapest,47.47078,19.081762,180,2025-09,streetview
data/images/budapest/47.47078_19.081762_h270.jpg,budapest,47.47078,19.081762,270,2025-09,streetview
data/images/budapest/47.467546_19.059433_h0.jpg,budapest,47.467546,19.059433,0,2023-04,streetview
data/images/budapest/47.467546_19.059433_h90.jpg,budapest,47.467546,19.059433,90,2023-04,streetview
data/images/budapest/47.467546_19.059433_h180.jpg,budapest,47.467546,19.059433,180,2023-04,streetview
data/images/budapest/47.467546_19.059433_h270.jpg,budapest,47.467546,19.059433,270,2023-04,streetview
data/images/budapest/47.491261_19.011595_h0.jpg,budapest,47.491261,19.011595,0,2019-03,streetview
data/images/budapest/47.491261_19.011595_h90.jpg,budapest,47.491261,19.011595,90,2019-03,streetview
data/images/budapest/47.491261_19.011595_h180.jpg,budapest,47.491261,19.011595,180,2019-03,streetview
data/images/budapest/47.491261_19.011595_h270.jpg,budapest,47.491261,19.011595,270,2019-03,streetview
data/images/budapest/47.514977_19.091399_h0.jpg,budapest,47.514977,19.091399,0,2024-06,streetview
data/images/budapest/47.514977_19.091399_h90.jpg,budapest,47.514977,19.091399,90,2024-06,streetview
data/images/budapest/47.514977_19.091399_h180.jpg,budapest,47.514977,19.091399,180,2024-06,streetview
data/images/budapest/47.514977_19.091399_h270.jpg,budapest,47.514977,19.091399,270,2024-06,streetview
data/images/budapest/47.530068_19.065878_h0.jpg,budapest,47.530068,19.065878,0,2025-09,streetview
data/images/budapest/47.530068_19.065878_h90.jpg,budapest,47.530068,19.065878,90,2025-09,streetview
data/images/budapest/47.530068_19.065878_h180.jpg,budapest,47.530068,19.065878,180,2025-09,streetview
data/images/budapest/47.530068_19.065878_h270.jpg,budapest,47.530068,19.065878,270,2025-09,streetview
data/images/budapest/47.46_19.048265_h0.jpg,budapest,47.46,19.048265,0,2024-06,streetview
data/images/budapest/47.46_19.048265_h90.jpg,budapest,47.46,19.048265,90,2024-06,streetview
data/images/budapest/47.46_19.048265_h180.jpg,budapest,47.46,19.048265,180,2024-06,streetview
data/images/budapest/47.46_19.048265_h270.jpg,budapest,47.46,19.048265,270,2024-06,streetview
data/images/budapest/47.471858_19.0403_h0.jpg,budapest,47.471858,19.0403,0,2022-03,streetview
data/images/budapest/47.471858_19.0403_h90.jpg,budapest,47.471858,19.0403,90,2022-03,streetview
data/images/budapest/47.471858_19.0403_h180.jpg,budapest,47.471858,19.0403,180,2022-03,streetview
data/images/budapest/47.471858_19.0403_h270.jpg,budapest,47.471858,19.0403,270,2022-03,streetview
data/images/budapest/47.524678_19.022771_h0.jpg,budapest,47.524678,19.022771,0,2025-09,streetview
data/images/budapest/47.524678_19.022771_h90.jpg,budapest,47.524678,19.022771,90,2025-09,streetview
data/images/budapest/47.524678_19.022771_h180.jpg,budapest,47.524678,19.022771,180,2025-09,streetview
data/images/budapest/47.524678_19.022771_h270.jpg,budapest,47.524678,19.022771,270,2025-09,streetview
data/images/budapest/47.474014_19.032327_h0.jpg,budapest,47.474014,19.032327,0,2025-09,streetview
data/images/budapest/47.474014_19.032327_h90.jpg,budapest,47.474014,19.032327,90,2025-09,streetview
data/images/budapest/47.474014_19.032327_h180.jpg,budapest,47.474014,19.032327,180,2025-09,streetview
data/images/budapest/47.474014_19.032327_h270.jpg,budapest,47.474014,19.032327,270,2025-09,streetview
data/images/budapest/47.499885_19.08978_h0.jpg,budapest,47.499885,19.08978,0,2025-09,streetview
data/images/budapest/47.499885_19.08978_h90.jpg,budapest,47.499885,19.08978,90,2025-09,streetview
data/images/budapest/47.499885_19.08978_h180.jpg,budapest,47.499885,19.08978,180,2025-09,streetview
data/images/budapest/47.499885_19.08978_h270.jpg,budapest,47.499885,19.08978,270,2025-09,streetview
data/images/budapest/47.477248_19.038708_h0.jpg,budapest,47.477248,19.038708,0,2025-09,streetview
data/images/budapest/47.477248_19.038708_h90.jpg,budapest,47.477248,19.038708,90,2025-09,streetview
data/images/budapest/47.477248_19.038708_h180.jpg,budapest,47.477248,19.038708,180,2025-09,streetview
data/images/budapest/47.477248_19.038708_h270.jpg,budapest,47.477248,19.038708,270,2025-09,streetview
data/images/budapest/47.488027_19.07381_h0.jpg,budapest,47.488027,19.07381,0,2024-06,streetview
data/images/budapest/47.488027_19.07381_h90.jpg,budapest,47.488027,19.07381,90,2024-06,streetview
data/images/budapest/47.488027_19.07381_h180.jpg,budapest,47.488027,19.07381,180,2024-06,streetview
data/images/budapest/47.488027_19.07381_h270.jpg,budapest,47.488027,19.07381,270,2024-06,streetview
data/images/budapest/47.481559_19.091347_h0.jpg,budapest,47.481559,19.091347,0,2019-05,streetview
data/images/budapest/47.481559_19.091347_h90.jpg,budapest,47.481559,19.091347,90,2019-05,streetview
data/images/budapest/47.481559_19.091347_h180.jpg,budapest,47.481559,19.091347,180,2019-05,streetview
data/images/budapest/47.481559_19.091347_h270.jpg,budapest,47.481559,19.091347,270,2019-05,streetview
data/images/budapest/47.483715_19.030736_h0.jpg,budapest,47.483715,19.030736,0,2025-09,streetview
data/images/budapest/47.483715_19.030736_h90.jpg,budapest,47.483715,19.030736,90,2025-09,streetview
data/images/budapest/47.483715_19.030736_h180.jpg,budapest,47.483715,19.030736,180,2025-09,streetview
data/images/budapest/47.483715_19.030736_h270.jpg,budapest,47.483715,19.030736,270,2025-09,streetview
data/images/budapest/47.5236_19.032348_h0.jpg,budapest,47.5236,19.032348,0,2024-07,streetview
data/images/budapest/47.5236_19.032348_h90.jpg,budapest,47.5236,19.032348,90,2024-07,streetview
data/images/budapest/47.5236_19.032348_h180.jpg,budapest,47.5236,19.032348,180,2024-07,streetview
data/images/budapest/47.5236_19.032348_h270.jpg,budapest,47.5236,19.032348,270,2024-07,streetview
data/images/budapest/47.481559_19.045091_h0.jpg,budapest,47.481559,19.045091,0,2025-09,streetview
data/images/budapest/47.481559_19.045091_h90.jpg,budapest,47.481559,19.045091,90,2025-09,streetview
data/images/budapest/47.481559_19.045091_h180.jpg,budapest,47.481559,19.045091,180,2025-09,streetview
data/images/budapest/47.481559_19.045091_h270.jpg,budapest,47.481559,19.045091,270,2025-09,streetview
data/images/budapest/47.497729_19.081799_h0.jpg,budapest,47.497729,19.081799,0,2024-04,streetview
data/images/budapest/47.497729_19.081799_h90.jpg,budapest,47.497729,19.081799,90,2024-04,streetview
data/images/budapest/47.497729_19.081799_h180.jpg,budapest,47.497729,19.081799,180,2024-04,streetview
data/images/budapest/47.497729_19.081799_h270.jpg,budapest,47.497729,19.081799,270,2024-04,streetview
data/images/budapest/47.516055_19.048306_h0.jpg,budapest,47.516055,19.048306,0,2022-05,streetview
data/images/budapest/47.516055_19.048306_h90.jpg,budapest,47.516055,19.048306,90,2022-05,streetview
data/images/budapest/47.516055_19.048306_h180.jpg,budapest,47.516055,19.048306,180,2022-05,streetview
data/images/budapest/47.516055_19.048306_h270.jpg,budapest,47.516055,19.048306,270,2022-05,streetview
data/images/budapest/47.502041_19.024361_h0.jpg,budapest,47.502041,19.024361,0,2024-06,streetview
data/images/budapest/47.502041_19.024361_h90.jpg,budapest,47.502041,19.024361,90,2024-06,streetview
data/images/budapest/47.502041_19.024361_h180.jpg,budapest,47.502041,19.024361,180,2024-06,streetview
data/images/budapest/47.502041_19.024361_h270.jpg,budapest,47.502041,19.024361,270,2024-06,streetview
data/images/budapest/47.511743_19.09299_h0.jpg,budapest,47.511743,19.09299,0,2025-08,streetview
data/images/budapest/47.511743_19.09299_h90.jpg,budapest,47.511743,19.09299,90,2025-08,streetview
data/images/budapest/47.511743_19.09299_h180.jpg,budapest,47.511743,19.09299,180,2025-08,streetview
data/images/budapest/47.511743_19.09299_h270.jpg,budapest,47.511743,19.09299,270,2025-08,streetview
data/images/budapest/47.490183_19.081789_h0.jpg,budapest,47.490183,19.081789,0,2025-08,streetview
data/images/budapest/47.490183_19.081789_h90.jpg,budapest,47.490183,19.081789,90,2025-08,streetview
data/images/budapest/47.490183_19.081789_h180.jpg,budapest,47.490183,19.081789,180,2025-08,streetview
data/images/budapest/47.490183_19.081789_h270.jpg,budapest,47.490183,19.081789,270,2025-08,streetview
data/images/budapest/47.499885_19.053081_h0.jpg,budapest,47.499885,19.053081,0,2019-05,streetview
data/images/budapest/47.499885_19.053081_h90.jpg,budapest,47.499885,19.053081,90,2019-05,streetview
data/images/budapest/47.499885_19.053081_h180.jpg,budapest,47.499885,19.053081,180,2019-05,streetview
data/images/budapest/47.499885_19.053081_h270.jpg,budapest,47.499885,19.053081,270,2019-05,streetview
data/images/budapest/47.491261_19.056265_h0.jpg,budapest,47.491261,19.056265,0,2025-09,streetview
data/images/budapest/47.491261_19.056265_h90.jpg,budapest,47.491261,19.056265,90,2025-09,streetview
data/images/budapest/47.491261_19.056265_h180.jpg,budapest,47.491261,19.056265,180,2025-09,streetview
data/images/budapest/47.491261_19.056265_h270.jpg,budapest,47.491261,19.056265,270,2025-09,streetview
data/images/budapest/47.536536_19.041934_h0.jpg,budapest,47.536536,19.041934,0,2025-09,streetview
data/images/budapest/47.536536_19.041934_h90.jpg,budapest,47.536536,19.041934,90,2025-09,streetview
data/images/budapest/47.536536_19.041934_h180.jpg,budapest,47.536536,19.041934,180,2025-09,streetview
data/images/budapest/47.536536_19.041934_h270.jpg,budapest,47.536536,19.041934,270,2025-09,streetview
data/images/budapest/47.479404_19.024355_h0.jpg,budapest,47.479404,19.024355,0,2024-06,streetview
data/images/budapest/47.479404_19.024355_h90.jpg,budapest,47.479404,19.024355,90,2024-06,streetview
data/images/budapest/47.479404_19.024355_h180.jpg,budapest,47.479404,19.024355,180,2024-06,streetview
data/images/budapest/47.479404_19.024355_h270.jpg,budapest,47.479404,19.024355,270,2024-06,streetview
data/images/budapest/47.46539_19.014784_h0.jpg,budapest,47.46539,19.014784,0,2025-09,streetview
data/images/budapest/47.46539_19.014784_h90.jpg,budapest,47.46539,19.014784,90,2025-09,streetview
data/images/budapest/47.46539_19.014784_h180.jpg,budapest,47.46539,19.014784,180,2025-09,streetview
data/images/budapest/47.46539_19.014784_h270.jpg,budapest,47.46539,19.014784,270,2025-09,streetview
data/images/budapest/47.531146_19.024369_h0.jpg,budapest,47.531146,19.024369,0,2025-09,streetview
data/images/budapest/47.531146_19.024369_h90.jpg,budapest,47.531146,19.024369,90,2025-09,streetview
data/images/budapest/47.531146_19.024369_h180.jpg,budapest,47.531146,19.024369,180,2025-09,streetview
data/images/budapest/47.531146_19.024369_h270.jpg,budapest,47.531146,19.024369,270,2025-09,streetview
data/images/budapest/47.481559_19.029141_h0.jpg,budapest,47.481559,19.029141,0,2024-06,streetview
data/images/budapest/47.481559_19.029141_h90.jpg,budapest,47.481559,19.029141,90,2024-06,streetview
data/images/budapest/47.481559_19.029141_h180.jpg,budapest,47.481559,19.029141,180,2024-06,streetview
data/images/budapest/47.481559_19.029141_h270.jpg,budapest,47.481559,19.029141,270,2024-06,streetview
data/images/budapest/47.491261_19.094553_h0.jpg,budapest,47.491261,19.094553,0,2025-08,streetview
data/images/budapest/47.491261_19.094553_h90.jpg,budapest,47.491261,19.094553,90,2025-08,streetview
data/images/budapest/47.491261_19.094553_h180.jpg,budapest,47.491261,19.094553,180,2025-08,streetview
data/images/budapest/47.491261_19.094553_h270.jpg,budapest,47.491261,19.094553,270,2025-08,streetview
data/images/budapest/47.493417_19.03074_h0.jpg,budapest,47.493417,19.03074,0,2024-06,streetview
data/images/budapest/47.493417_19.03074_h90.jpg,budapest,47.493417,19.03074,90,2024-06,streetview
data/images/budapest/47.493417_19.03074_h180.jpg,budapest,47.493417,19.03074,180,2024-06,streetview
data/images/budapest/47.493417_19.03074_h270.jpg,budapest,47.493417,19.03074,270,2024-06,streetview
data/images/budapest/47.521444_19.078639_h0.jpg,budapest,47.521444,19.078639,0,2024-06,streetview
data/images/budapest/47.521444_19.078639_h90.jpg,budapest,47.521444,19.078639,90,2024-06,streetview
data/images/budapest/47.521444_19.078639_h180.jpg,budapest,47.521444,19.078639,180,2024-06,streetview
data/images/budapest/47.521444_19.078639_h270.jpg,budapest,47.521444,19.078639,270,2024-06,streetview
data/images/budapest/47.517133_19.061076_h0.jpg,budapest,47.517133,19.061076,0,2024-06,streetview
data/images/budapest/47.517133_19.061076_h90.jpg,budapest,47.517133,19.061076,90,2024-06,streetview
data/images/budapest/47.517133_19.061076_h180.jpg,budapest,47.517133,19.061076,180,2024-06,streetview
data/images/budapest/47.517133_19.061076_h270.jpg,budapest,47.517133,19.061076,270,2024-06,streetview
data/images/budapest/47.497729_19.054675_h0.jpg,budapest,47.497729,19.054675,0,2020-02,streetview
data/images/budapest/47.497729_19.054675_h90.jpg,budapest,47.497729,19.054675,90,2020-02,streetview
data/images/budapest/47.497729_19.054675_h180.jpg,budapest,47.497729,19.054675,180,2020-02,streetview
data/images/budapest/47.497729_19.054675_h270.jpg,budapest,47.497729,19.054675,270,2020-02,streetview
data/images/budapest/47.46539_19.043486_h0.jpg,budapest,47.46539,19.043486,0,2025-09,streetview
data/images/budapest/47.46539_19.043486_h90.jpg,budapest,47.46539,19.043486,90,2025-09,streetview
data/images/budapest/47.46539_19.043486_h180.jpg,budapest,47.46539,19.043486,180,2025-09,streetview
data/images/budapest/47.46539_19.043486_h270.jpg,budapest,47.46539,19.043486,270,2025-09,streetview
data/images/budapest/47.505275_19.09298_h0.jpg,budapest,47.505275,19.09298,0,2024-05,streetview
data/images/budapest/47.505275_19.09298_h90.jpg,budapest,47.505275,19.09298,90,2024-05,streetview
data/images/budapest/47.505275_19.09298_h180.jpg,budapest,47.505275,19.09298,180,2024-05,streetview
data/images/budapest/47.505275_19.09298_h270.jpg,budapest,47.505275,19.09298,270,2024-05,streetview
data/images/budapest/47.511743_19.054687_h0.jpg,budapest,47.511743,19.054687,0,2025-09,streetview
data/images/budapest/47.511743_19.054687_h90.jpg,budapest,47.511743,19.054687,90,2025-09,streetview
data/images/budapest/47.511743_19.054687_h180.jpg,budapest,47.511743,19.054687,180,2025-09,streetview
data/images/budapest/47.511743_19.054687_h270.jpg,budapest,47.511743,19.054687,270,2025-09,streetview
data/images/budapest/47.519289_19.069059_h0.jpg,budapest,47.519289,19.069059,0,2024-06,streetview
data/images/budapest/47.519289_19.069059_h90.jpg,budapest,47.519289,19.069059,90,2024-06,streetview
data/images/budapest/47.519289_19.069059_h180.jpg,budapest,47.519289,19.069059,180,2024-06,streetview
data/images/budapest/47.519289_19.069059_h270.jpg,budapest,47.519289,19.069059,270,2024-06,streetview
data/images/budapest/47.47078_19.049868_h0.jpg,budapest,47.47078,19.049868,0,2025-09,streetview
data/images/budapest/47.47078_19.049868_h90.jpg,budapest,47.47078,19.049868,90,2025-09,streetview
data/images/budapest/47.47078_19.049868_h180.jpg,budapest,47.47078,19.049868,180,2025-09,streetview
data/images/budapest/47.47078_19.049868_h270.jpg,budapest,47.47078,19.049868,270,2025-09,streetview
data/images/budapest/47.508509_19.080218_h0.jpg,budapest,47.508509,19.080218,0,2022-09,streetview
data/images/budapest/47.508509_19.080218_h90.jpg,budapest,47.508509,19.080218,90,2022-09,streetview
data/images/budapest/47.508509_19.080218_h180.jpg,budapest,47.508509,19.080218,180,2022-09,streetview
data/images/budapest/47.508509_19.080218_h270.jpg,budapest,47.508509,19.080218,270,2022-09,streetview
data/images/budapest/47.536536_19.056305_h0.jpg,budapest,47.536536,19.056305,0,2025-09,streetview
data/images/budapest/47.536536_19.056305_h90.jpg,budapest,47.536536,19.056305,90,2025-09,streetview
data/images/budapest/47.536536_19.056305_h180.jpg,budapest,47.536536,19.056305,180,2025-09,streetview
data/images/budapest/47.536536_19.056305_h270.jpg,budapest,47.536536,19.056305,270,2025-09,streetview
data/images/budapest/47.493417_19.049885_h0.jpg,budapest,47.493417,19.049885,0,2024-08,streetview
data/images/budapest/47.493417_19.049885_h90.jpg,budapest,47.493417,19.049885,90,2024-08,streetview
data/images/budapest/47.493417_19.049885_h180.jpg,budapest,47.493417,19.049885,180,2024-08,streetview
data/images/budapest/47.493417_19.049885_h270.jpg,budapest,47.493417,19.049885,270,2024-08,streetview
data/images/budapest/47.52899_19.022772_h0.jpg,budapest,47.52899,19.022772,0,2024-10,streetview
data/images/budapest/47.52899_19.022772_h90.jpg,budapest,47.52899,19.022772,90,2024-10,streetview
data/images/budapest/47.52899_19.022772_h180.jpg,budapest,47.52899,19.022772,180,2024-10,streetview
data/images/budapest/47.52899_19.022772_h270.jpg,budapest,47.52899,19.022772,270,2024-10,streetview
data/images/budapest/47.486949_19.024357_h0.jpg,budapest,47.486949,19.024357,0,2024-06,streetview
data/images/budapest/47.486949_19.024357_h90.jpg,budapest,47.486949,19.024357,90,2024-06,streetview
data/images/budapest/47.486949_19.024357_h180.jpg,budapest,47.486949,19.024357,180,2024-06,streetview
data/images/budapest/47.486949_19.024357_h270.jpg,budapest,47.486949,19.024357,270,2024-06,streetview
data/images/budapest/47.532224_19.089829_h0.jpg,budapest,47.532224,19.089829,0,2024-06,streetview
data/images/budapest/47.532224_19.089829_h90.jpg,budapest,47.532224,19.089829,90,2024-06,streetview
data/images/budapest/47.532224_19.089829_h180.jpg,budapest,47.532224,19.089829,180,2024-06,streetview
data/images/budapest/47.532224_19.089829_h270.jpg,budapest,47.532224,19.089829,270,2024-06,streetview
data/images/budapest/47.494495_19.059458_h0.jpg,budapest,47.494495,19.059458,0,2019-10,streetview
data/images/budapest/47.494495_19.059458_h90.jpg,budapest,47.494495,19.059458,90,2019-10,streetview
data/images/budapest/47.494495_19.059458_h180.jpg,budapest,47.494495,19.059458,180,2019-10,streetview
data/images/budapest/47.494495_19.059458_h270.jpg,budapest,47.494495,19.059458,270,2019-10,streetview
data/images/budapest/47.472936_19.024353_h0.jpg,budapest,47.472936,19.024353,0,2022-03,streetview
data/images/budapest/47.472936_19.024353_h90.jpg,budapest,47.472936,19.024353,90,2022-03,streetview
data/images/budapest/47.472936_19.024353_h180.jpg,budapest,47.472936,19.024353,180,2022-03,streetview
data/images/budapest/47.472936_19.024353_h270.jpg,budapest,47.472936,19.024353,270,2022-03,streetview
data/images/budapest/47.517133_19.051499_h0.jpg,budapest,47.517133,19.051499,0,2025-09,streetview
data/images/budapest/47.517133_19.051499_h90.jpg,budapest,47.517133,19.051499,90,2025-09,streetview
data/images/budapest/47.517133_19.051499_h180.jpg,budapest,47.517133,19.051499,180,2025-09,streetview
data/images/budapest/47.517133_19.051499_h270.jpg,budapest,47.517133,19.051499,270,2025-09,streetview
data/images/budapest/47.47078_19.043489_h0.jpg,budapest,47.47078,19.043489,0,2024-06,streetview
data/images/budapest/47.47078_19.043489_h90.jpg,budapest,47.47078,19.043489,90,2024-06,streetview
data/images/budapest/47.47078_19.043489_h180.jpg,budapest,47.47078,19.043489,180,2024-06,streetview
data/images/budapest/47.47078_19.043489_h270.jpg,budapest,47.47078,19.043489,270,2024-06,streetview
data/images/budapest/47.499885_19.062655_h0.jpg,budapest,47.499885,19.062655,0,2024-06,streetview
data/images/budapest/47.499885_19.062655_h90.jpg,budapest,47.499885,19.062655,90,2024-06,streetview
data/images/budapest/47.499885_19.062655_h180.jpg,budapest,47.499885,19.062655,180,2024-06,streetview
data/images/budapest/47.499885_19.062655_h270.jpg,budapest,47.499885,19.062655,270,2024-06,streetview
data/images/budapest/47.47078_19.053057_h0.jpg,budapest,47.47078,19.053057,0,2025-09,streetview
data/images/budapest/47.47078_19.053057_h90.jpg,budapest,47.47078,19.053057,90,2025-09,streetview
data/images/budapest/47.47078_19.053057_h180.jpg,budapest,47.47078,19.053057,180,2025-09,streetview
data/images/budapest/47.47078_19.053057_h270.jpg,budapest,47.47078,19.053057,270,2025-09,streetview
data/images/budapest/47.510665_19.05309_h0.jpg,budapest,47.510665,19.05309,0,2025-09,streetview
data/images/budapest/47.510665_19.05309_h90.jpg,budapest,47.510665,19.05309,90,2025-09,streetview
data/images/budapest/47.510665_19.05309_h180.jpg,budapest,47.510665,19.05309,180,2025-09,streetview
data/images/budapest/47.510665_19.05309_h270.jpg,budapest,47.510665,19.05309,270,2025-09,streetview
data/images/budapest/47.504197_19.048298_h0.jpg,budapest,47.504197,19.048298,0,2025-09,streetview
data/images/budapest/47.504197_19.048298_h90.jpg,budapest,47.504197,19.048298,90,2025-09,streetview
data/images/budapest/47.504197_19.048298_h180.jpg,budapest,47.504197,19.048298,180,2025-09,streetview
data/images/budapest/47.504197_19.048298_h270.jpg,budapest,47.504197,19.048298,270,2025-09,streetview
data/images/budapest/47.503119_19.037127_h0.jpg,budapest,47.503119,19.037127,0,2025-09,streetview
data/images/budapest/47.503119_19.037127_h90.jpg,budapest,47.503119,19.037127,90,2025-09,streetview
data/images/budapest/47.503119_19.037127_h180.jpg,budapest,47.503119,19.037127,180,2025-09,streetview
data/images/budapest/47.503119_19.037127_h270.jpg,budapest,47.503119,19.037127,270,2025-09,streetview
data/images/budapest/47.535458_19.065884_h0.jpg,budapest,47.535458,19.065884,0,2025-09,streetview
data/images/budapest/47.535458_19.065884_h90.jpg,budapest,47.535458,19.065884,90,2025-09,streetview
data/images/budapest/47.535458_19.065884_h180.jpg,budapest,47.535458,19.065884,180,2025-09,streetview
data/images/budapest/47.535458_19.065884_h270.jpg,budapest,47.535458,19.065884,270,2025-09,streetview
data/images/budapest/47.492339_19.021168_h0.jpg,budapest,47.492339,19.021168,0,2025-09,streetview
data/images/budapest/47.492339_19.021168_h90.jpg,budapest,47.492339,19.021168,90,2025-09,streetview
data/images/budapest/47.492339_19.021168_h180.jpg,budapest,47.492339,19.021168,180,2025-09,streetview
data/images/budapest/47.492339_19.021168_h270.jpg,budapest,47.492339,19.021168,270,2025-09,streetview
data/images/budapest/47.47078_19.06422_h0.jpg,budapest,47.47078,19.06422,0,2025-09,streetview
data/images/budapest/47.47078_19.06422_h90.jpg,budapest,47.47078,19.06422,90,2025-09,streetview
data/images/budapest/47.47078_19.06422_h180.jpg,budapest,47.47078,19.06422,180,2025-09,streetview
data/images/budapest/47.47078_19.06422_h270.jpg,budapest,47.47078,19.06422,270,2025-09,streetview
data/images/budapest/47.484793_19.016381_h0.jpg,budapest,47.484793,19.016381,0,2022-04,streetview
data/images/budapest/47.484793_19.016381_h90.jpg,budapest,47.484793,19.016381,90,2022-04,streetview
data/images/budapest/47.484793_19.016381_h180.jpg,budapest,47.484793,19.016381,180,2022-04,streetview
data/images/budapest/47.484793_19.016381_h270.jpg,budapest,47.484793,19.016381,270,2022-04,streetview
data/images/budapest/47.538692_19.049919_h0.jpg,budapest,47.538692,19.049919,0,2025-09,streetview
data/images/budapest/47.538692_19.049919_h90.jpg,budapest,47.538692,19.049919,90,2025-09,streetview
data/images/budapest/47.538692_19.049919_h180.jpg,budapest,47.538692,19.049919,180,2025-09,streetview
data/images/budapest/47.538692_19.049919_h270.jpg,budapest,47.538692,19.049919,270,2025-09,streetview
data/images/budapest/47.469702_19.030731_h0.jpg,budapest,47.469702,19.030731,0,2025-09,streetview
data/images/budapest/47.469702_19.030731_h90.jpg,budapest,47.469702,19.030731,90,2025-09,streetview
data/images/budapest/47.469702_19.030731_h180.jpg,budapest,47.469702,19.030731,180,2025-09,streetview
data/images/budapest/47.469702_19.030731_h270.jpg,budapest,47.469702,19.030731,270,2025-09,streetview
data/images/budapest/47.488027_19.088167_h0.jpg,budapest,47.488027,19.088167,0,2025-08,streetview
data/images/budapest/47.488027_19.088167_h90.jpg,budapest,47.488027,19.088167,90,2025-08,streetview
data/images/budapest/47.488027_19.088167_h180.jpg,budapest,47.488027,19.088167,180,2025-08,streetview
data/images/budapest/47.488027_19.088167_h270.jpg,budapest,47.488027,19.088167,270,2025-08,streetview
data/images/budapest/47.471858_19.081764_h0.jpg,budapest,47.471858,19.081764,0,2025-08,streetview
data/images/budapest/47.471858_19.081764_h90.jpg,budapest,47.471858,19.081764,90,2025-08,streetview
data/images/budapest/47.471858_19.081764_h180.jpg,budapest,47.471858,19.081764,180,2025-08,streetview
data/images/budapest/47.471858_19.081764_h270.jpg,budapest,47.471858,19.081764,270,2025-08,streetview
data/images/budapest/47.518211_19.017981_h0.jpg,budapest,47.518211,19.017981,0,2025-09,streetview
data/images/budapest/47.518211_19.017981_h90.jpg,budapest,47.518211,19.017981,90,2025-09,streetview
data/images/budapest/47.518211_19.017981_h180.jpg,budapest,47.518211,19.017981,180,2025-09,streetview
data/images/budapest/47.518211_19.017981_h270.jpg,budapest,47.518211,19.017981,270,2025-09,streetview
data/images/budapest/47.52899_19.067473_h0.jpg,budapest,47.52899,19.067473,0,2025-09,streetview
data/images/budapest/47.52899_19.067473_h90.jpg,budapest,47.52899,19.067473,90,2025-09,streetview
data/images/budapest/47.52899_19.067473_h180.jpg,budapest,47.52899,19.067473,180,2025-09,streetview
data/images/budapest/47.52899_19.067473_h270.jpg,budapest,47.52899,19.067473,270,2025-09,streetview
data/images/budapest/47.526834_19.086628_h0.jpg,budapest,47.526834,19.086628,0,2025-08,streetview
data/images/budapest/47.526834_19.086628_h90.jpg,budapest,47.526834,19.086628,90,2025-08,streetview
data/images/budapest/47.526834_19.086628_h180.jpg,budapest,47.526834,19.086628,180,2025-08,streetview
data/images/budapest/47.526834_19.086628_h270.jpg,budapest,47.526834,19.086628,270,2025-08,streetview
data/images/budapest/47.526834_19.064278_h0.jpg,budapest,47.526834,19.064278,0,2025-09,streetview
data/images/budapest/47.526834_19.064278_h90.jpg,budapest,47.526834,19.064278,90,2025-09,streetview
data/images/budapest/47.526834_19.064278_h180.jpg,budapest,47.526834,19.064278,180,2025-09,streetview
data/images/budapest/47.526834_19.064278_h270.jpg,budapest,47.526834,19.064278,270,2025-09,streetview
data/images/budapest/47.535458_19.083447_h0.jpg,budapest,47.535458,19.083447,0,2024-06,streetview
data/images/budapest/47.535458_19.083447_h90.jpg,budapest,47.535458,19.083447,90,2024-06,streetview
data/images/budapest/47.535458_19.083447_h180.jpg,budapest,47.535458,19.083447,180,2024-06,streetview
data/images/budapest/47.535458_19.083447_h270.jpg,budapest,47.535458,19.083447,270,2024-06,streetview
data/images/budapest/47.506353_19.027554_h0.jpg,budapest,47.506353,19.027554,0,2024-06,streetview
data/images/budapest/47.506353_19.027554_h90.jpg,budapest,47.506353,19.027554,90,2024-06,streetview
data/images/budapest/47.506353_19.027554_h180.jpg,budapest,47.506353,19.027554,180,2024-06,streetview
data/images/budapest/47.506353_19.027554_h270.jpg,budapest,47.506353,19.027554,270,2024-06,streetview
data/images/budapest/47.511743_19.011596_h0.jpg,budapest,47.511743,19.011596,0,2022-03,streetview
data/images/budapest/47.511743_19.011596_h90.jpg,budapest,47.511743,19.011596,90,2022-03,streetview
data/images/budapest/47.511743_19.011596_h180.jpg,budapest,47.511743,19.011596,180,2022-03,streetview
data/images/budapest/47.511743_19.011596_h270.jpg,budapest,47.511743,19.011596,270,2022-03,streetview
data/images/budapest/47.466468_19.043486_h0.jpg,budapest,47.466468,19.043486,0,2024-06,streetview
data/images/budapest/47.466468_19.043486_h90.jpg,budapest,47.466468,19.043486,90,2024-06,streetview
data/images/budapest/47.466468_19.043486_h180.jpg,budapest,47.466468,19.043486,180,2024-06,streetview
data/images/budapest/47.466468_19.043486_h270.jpg,budapest,47.466468,19.043486,270,2024-06,streetview
data/images/budapest/47.508509_19.032342_h0.jpg,budapest,47.508509,19.032342,0,2022-05,streetview
data/images/budapest/47.508509_19.032342_h90.jpg,budapest,47.508509,19.032342,90,2022-05,streetview
data/images/budapest/47.508509_19.032342_h180.jpg,budapest,47.508509,19.032342,180,2022-05,streetview
data/images/budapest/47.508509_19.032342_h270.jpg,budapest,47.508509,19.032342,270,2022-05,streetview
data/images/budapest/47.508509_19.064259_h0.jpg,budapest,47.508509,19.064259,0,2025-08,streetview
data/images/budapest/47.508509_19.064259_h90.jpg,budapest,47.508509,19.064259,90,2025-08,streetview
data/images/budapest/47.508509_19.064259_h180.jpg,budapest,47.508509,19.064259,180,2025-08,streetview
data/images/budapest/47.508509_19.064259_h270.jpg,budapest,47.508509,19.064259,270,2025-08,streetview
data/images/budapest/47.517133_19.091402_h0.jpg,budapest,47.517133,19.091402,0,2022-05,streetview
data/images/budapest/47.517133_19.091402_h90.jpg,budapest,47.517133,19.091402,90,2022-05,streetview
data/images/budapest/47.517133_19.091402_h180.jpg,budapest,47.517133,19.091402,180,2022-05,streetview
data/images/budapest/47.517133_19.091402_h270.jpg,budapest,47.517133,19.091402,270,2022-05,streetview
data/images/budapest/47.524678_19.078643_h0.jpg,budapest,47.524678,19.078643,0,2019-10,streetview
data/images/budapest/47.524678_19.078643_h90.jpg,budapest,47.524678,19.078643,90,2019-10,streetview
data/images/budapest/47.524678_19.078643_h180.jpg,budapest,47.524678,19.078643,180,2019-10,streetview
data/images/budapest/47.524678_19.078643_h270.jpg,budapest,47.524678,19.078643,270,2019-10,streetview
data/images/budapest/47.513899_19.038728_h0.jpg,budapest,47.513899,19.038728,0,2025-09,streetview
data/images/budapest/47.513899_19.038728_h90.jpg,budapest,47.513899,19.038728,90,2025-09,streetview
data/images/budapest/47.513899_19.038728_h180.jpg,budapest,47.513899,19.038728,180,2025-09,streetview
data/images/budapest/47.513899_19.038728_h270.jpg,budapest,47.513899,19.038728,270,2025-09,streetview
data/images/budapest/47.492339_19.057861_h0.jpg,budapest,47.492339,19.057861,0,2023-11,streetview
data/images/budapest/47.492339_19.057861_h90.jpg,budapest,47.492339,19.057861,90,2023-11,streetview
data/images/budapest/47.492339_19.057861_h180.jpg,budapest,47.492339,19.057861,180,2023-11,streetview
data/images/budapest/47.492339_19.057861_h270.jpg,budapest,47.492339,19.057861,270,2023-11,streetview
data/images/budapest/47.485871_19.088163_h0.jpg,budapest,47.485871,19.088163,0,2025-08,streetview
data/images/budapest/47.485871_19.088163_h90.jpg,budapest,47.485871,19.088163,90,2025-08,streetview
data/images/budapest/47.485871_19.088163_h180.jpg,budapest,47.485871,19.088163,180,2025-08,streetview
data/images/budapest/47.485871_19.088163_h270.jpg,budapest,47.485871,19.088163,270,2025-08,streetview
data/images/budapest/47.522522_19.097796_h0.jpg,budapest,47.522522,19.097796,0,2025-08,streetview
data/images/budapest/47.522522_19.097796_h90.jpg,budapest,47.522522,19.097796,90,2025-08,streetview
data/images/budapest/47.522522_19.097796_h180.jpg,budapest,47.522522,19.097796,180,2025-08,streetview
data/images/budapest/47.522522_19.097796_h270.jpg,budapest,47.522522,19.097796,270,2025-08,streetview
data/images/budapest/47.485871_19.032332_h0.jpg,budapest,47.485871,19.032332,0,2025-09,streetview
data/images/budapest/47.485871_19.032332_h90.jpg,budapest,47.485871,19.032332,90,2025-09,streetview
data/images/budapest/47.485871_19.032332_h180.jpg,budapest,47.485871,19.032332,180,2025-09,streetview
data/images/budapest/47.485871_19.032332_h270.jpg,budapest,47.485871,19.032332,270,2025-09,streetview
data/images/budapest/47.475092_19.017974_h0.jpg,budapest,47.475092,19.017974,0,2022-04,streetview
data/images/budapest/47.475092_19.017974_h90.jpg,budapest,47.475092,19.017974,90,2022-04,streetview
data/images/budapest/47.475092_19.017974_h180.jpg,budapest,47.475092,19.017974,180,2022-04,streetview
data/images/budapest/47.475092_19.017974_h270.jpg,budapest,47.475092,19.017974,270,2022-04,streetview
data/images/budapest/47.505275_19.030745_h0.jpg,budapest,47.505275,19.030745,0,2024-07,streetview
data/images/budapest/47.505275_19.030745_h90.jpg,budapest,47.505275,19.030745,90,2024-07,streetview
data/images/budapest/47.505275_19.030745_h180.jpg,budapest,47.505275,19.030745,180,2024-07,streetview
data/images/budapest/47.505275_19.030745_h270.jpg,budapest,47.505275,19.030745,270,2024-07,streetview
data/images/budapest/47.526834_19.033946_h0.jpg,budapest,47.526834,19.033946,0,2022-03,streetview
data/images/budapest/47.526834_19.033946_h90.jpg,budapest,47.526834,19.033946,90,2022-03,streetview
data/images/budapest/47.526834_19.033946_h180.jpg,budapest,47.526834,19.033946,180,2022-03,streetview
data/images/budapest/47.526834_19.033946_h270.jpg,budapest,47.526834,19.033946,270,2022-03,streetview
data/images/budapest/47.491261_19.073813_h0.jpg,budapest,47.491261,19.073813,0,2022-04,streetview
data/images/budapest/47.491261_19.073813_h90.jpg,budapest,47.491261,19.073813,90,2022-04,streetview
data/images/budapest/47.491261_19.073813_h180.jpg,budapest,47.491261,19.073813,180,2022-04,streetview
data/images/budapest/47.491261_19.073813_h270.jpg,budapest,47.491261,19.073813,270,2022-04,streetview
data/images/budapest/47.514977_19.07065_h0.jpg,budapest,47.514977,19.07065,0,2024-06,streetview
data/images/budapest/47.514977_19.07065_h90.jpg,budapest,47.514977,19.07065,90,2024-06,streetview
data/images/budapest/47.514977_19.07065_h180.jpg,budapest,47.514977,19.07065,180,2024-06,streetview
data/images/budapest/47.514977_19.07065_h270.jpg,budapest,47.514977,19.07065,270,2024-06,streetview
data/images/budapest/47.532224_19.062687_h0.jpg,budapest,47.532224,19.062687,0,2024-06,streetview
data/images/budapest/47.532224_19.062687_h90.jpg,budapest,47.532224,19.062687,90,2024-06,streetview
data/images/budapest/47.532224_19.062687_h180.jpg,budapest,47.532224,19.062687,180,2024-06,streetview
data/images/budapest/47.532224_19.062687_h270.jpg,budapest,47.532224,19.062687,270,2024-06,streetview
data/images/budapest/47.480481_19.06742_h0.jpg,budapest,47.480481,19.06742,0,2024-06,streetview
data/images/budapest/47.480481_19.06742_h90.jpg,budapest,47.480481,19.06742,90,2024-06,streetview
data/images/budapest/47.480481_19.06742_h180.jpg,budapest,47.480481,19.06742,180,2024-06,streetview
data/images/budapest/47.480481_19.06742_h270.jpg,budapest,47.480481,19.06742,270,2024-06,streetview
data/images/budapest/47.471858_19.096116_h0.jpg,budapest,47.471858,19.096116,0,2025-08,streetview
data/images/budapest/47.471858_19.096116_h90.jpg,budapest,47.471858,19.096116,90,2025-08,streetview
data/images/budapest/47.471858_19.096116_h180.jpg,budapest,47.471858,19.096116,180,2025-08,streetview
data/images/budapest/47.471858_19.096116_h270.jpg,budapest,47.471858,19.096116,270,2025-08,streetview
data/images/budapest/47.488027_19.041905_h0.jpg,budapest,47.488027,19.041905,0,2025-09,streetview
data/images/budapest/47.488027_19.041905_h90.jpg,budapest,47.488027,19.041905,90,2025-09,streetview
data/images/budapest/47.488027_19.041905_h180.jpg,budapest,47.488027,19.041905,180,2025-09,streetview
data/images/budapest/47.488027_19.041905_h270.jpg,budapest,47.488027,19.041905,270,2025-09,streetview
data/images/budapest/47.518211_19.094596_h0.jpg,budapest,47.518211,19.094596,0,2022-09,streetview
data/images/budapest/47.518211_19.094596_h90.jpg,budapest,47.518211,19.094596,90,2022-09,streetview
data/images/budapest/47.518211_19.094596_h180.jpg,budapest,47.518211,19.094596,180,2022-09,streetview
data/images/budapest/47.518211_19.094596_h270.jpg,budapest,47.518211,19.094596,270,2022-09,streetview
data/images/budapest/47.521444_19.057888_h0.jpg,budapest,47.521444,19.057888,0,2025-09,streetview
data/images/budapest/47.521444_19.057888_h90.jpg,budapest,47.521444,19.057888,90,2025-09,streetview
data/images/budapest/47.521444_19.057888_h180.jpg,budapest,47.521444,19.057888,180,2025-09,streetview
data/images/budapest/47.521444_19.057888_h270.jpg,budapest,47.521444,19.057888,270,2025-09,streetview
data/images/budapest/47.503119_19.051488_h0.jpg,budapest,47.503119,19.051488,0,2025-09,streetview
data/images/budapest/47.503119_19.051488_h90.jpg,budapest,47.503119,19.051488,90,2025-09,streetview
data/images/budapest/47.503119_19.051488_h180.jpg,budapest,47.503119,19.051488,180,2025-09,streetview
data/images/budapest/47.503119_19.051488_h270.jpg,budapest,47.503119,19.051488,270,2025-09,streetview
data/images/budapest/47.500963_19.075421_h0.jpg,budapest,47.500963,19.075421,0,2022-09,streetview
data/images/budapest/47.500963_19.075421_h90.jpg,budapest,47.500963,19.075421,90,2022-09,streetview
data/images/budapest/47.500963_19.075421_h180.jpg,budapest,47.500963,19.075421,180,2022-09,streetview
data/images/budapest/47.500963_19.075421_h270.jpg,budapest,47.500963,19.075421,270,2022-09,streetview
data/images/budapest/47.478326_19.061038_h0.jpg,budapest,47.478326,19.061038,0,2025-09,streetview
data/images/budapest/47.478326_19.061038_h90.jpg,budapest,47.478326,19.061038,90,2025-09,streetview
data/images/budapest/47.478326_19.061038_h180.jpg,budapest,47.478326,19.061038,180,2025-09,streetview
data/images/budapest/47.478326_19.061038_h270.jpg,budapest,47.478326,19.061038,270,2025-09,streetview
data/images/budapest/47.464312_19.048268_h0.jpg,budapest,47.464312,19.048268,0,2024-06,streetview
data/images/budapest/47.464312_19.048268_h90.jpg,budapest,47.464312,19.048268,90,2024-06,streetview
data/images/budapest/47.464312_19.048268_h180.jpg,budapest,47.464312,19.048268,180,2024-06,streetview
data/images/budapest/47.464312_19.048268_h270.jpg,budapest,47.464312,19.048268,270,2024-06,streetview
data/images/budapest/47.463234_19.013189_h0.jpg,budapest,47.463234,19.013189,0,2025-09,streetview
data/images/budapest/47.463234_19.013189_h90.jpg,budapest,47.463234,19.013189,90,2025-09,streetview
data/images/budapest/47.463234_19.013189_h180.jpg,budapest,47.463234,19.013189,180,2025-09,streetview
data/images/budapest/47.463234_19.013189_h270.jpg,budapest,47.463234,19.013189,270,2025-09,streetview
data/images/budapest/47.536536_19.083449_h0.jpg,budapest,47.536536,19.083449,0,2025-08,streetview
data/images/budapest/47.536536_19.083449_h90.jpg,budapest,47.536536,19.083449,90,2025-08,streetview
data/images/budapest/47.536536_19.083449_h180.jpg,budapest,47.536536,19.083449,180,2025-08,streetview
data/images/budapest/47.536536_19.083449_h270.jpg,budapest,47.536536,19.083449,270,2025-08,streetview
data/images/budapest/47.536536_19.037144_h0.jpg,budapest,47.536536,19.037144,0,2025-09,streetview
data/images/budapest/47.536536_19.037144_h90.jpg,budapest,47.536536,19.037144,90,2025-09,streetview
data/images/budapest/47.536536_19.037144_h180.jpg,budapest,47.536536,19.037144,180,2025-09,streetview
data/images/budapest/47.536536_19.037144_h270.jpg,budapest,47.536536,19.037144,270,2025-09,streetview
data/images/budapest/47.537614_19.093031_h0.jpg,budapest,47.537614,19.093031,0,2025-08,streetview
data/images/budapest/47.537614_19.093031_h90.jpg,budapest,47.537614,19.093031,90,2025-08,streetview
data/images/budapest/47.537614_19.093031_h180.jpg,budapest,47.537614,19.093031,180,2025-08,streetview
data/images/budapest/47.537614_19.093031_h270.jpg,budapest,47.537614,19.093031,270,2025-08,streetview
data/images/budapest/47.495573_19.038718_h0.jpg,budapest,47.495573,19.038718,0,2021-01,streetview
data/images/budapest/47.495573_19.038718_h90.jpg,budapest,47.495573,19.038718,90,2021-01,streetview
data/images/budapest/47.495573_19.038718_h180.jpg,budapest,47.495573,19.038718,180,2021-01,streetview
data/images/budapest/47.495573_19.038718_h270.jpg,budapest,47.495573,19.038718,270,2021-01,streetview
data/images/budapest/47.495573_19.049887_h0.jpg,budapest,47.495573,19.049887,0,2024-06,streetview
data/images/budapest/47.495573_19.049887_h90.jpg,budapest,47.495573,19.049887,90,2024-06,streetview
data/images/budapest/47.495573_19.049887_h180.jpg,budapest,47.495573,19.049887,180,2024-06,streetview
data/images/budapest/47.495573_19.049887_h270.jpg,budapest,47.495573,19.049887,270,2024-06,streetview
data/images/budapest/47.464312_19.046674_h0.jpg,budapest,47.464312,19.046674,0,2025-09,streetview
data/images/budapest/47.464312_19.046674_h90.jpg,budapest,47.464312,19.046674,90,2025-09,streetview
data/images/budapest/47.464312_19.046674_h180.jpg,budapest,47.464312,19.046674,180,2025-09,streetview
data/images/budapest/47.464312_19.046674_h270.jpg,budapest,47.464312,19.046674,270,2025-09,streetview
data/images/budapest/47.537614_19.046725_h0.jpg,budapest,47.537614,19.046725,0,2022-11,streetview
data/images/budapest/47.537614_19.046725_h90.jpg,budapest,47.537614,19.046725,90,2022-11,streetview
data/images/budapest/47.537614_19.046725_h180.jpg,budapest,47.537614,19.046725,180,2022-11,streetview
data/images/budapest/47.537614_19.046725_h270.jpg,budapest,47.537614,19.046725,270,2022-11,streetview
data/images/budapest/47.479404_19.045089_h0.jpg,budapest,47.479404,19.045089,0,2025-09,streetview
data/images/budapest/47.479404_19.045089_h90.jpg,budapest,47.479404,19.045089,90,2025-09,streetview
data/images/budapest/47.479404_19.045089_h180.jpg,budapest,47.479404,19.045089,180,2025-09,streetview
data/images/budapest/47.479404_19.045089_h270.jpg,budapest,47.479404,19.045089,270,2025-09,streetview
data/images/budapest/47.509587_19.067452_h0.jpg,budapest,47.509587,19.067452,0,2025-08,streetview
data/images/budapest/47.509587_19.067452_h90.jpg,budapest,47.509587,19.067452,90,2025-08,streetview
data/images/budapest/47.509587_19.067452_h180.jpg,budapest,47.509587,19.067452,180,2025-08,streetview
data/images/budapest/47.509587_19.067452_h270.jpg,budapest,47.509587,19.067452,270,2025-08,streetview
data/images/budapest/47.521444_19.072254_h0.jpg,budapest,47.521444,19.072254,0,2024-06,streetview
data/images/budapest/47.521444_19.072254_h90.jpg,budapest,47.521444,19.072254,90,2024-06,streetview
data/images/budapest/47.521444_19.072254_h180.jpg,budapest,47.521444,19.072254,180,2024-06,streetview
data/images/budapest/47.521444_19.072254_h270.jpg,budapest,47.521444,19.072254,270,2024-06,streetview
data/images/budapest/47.46539_19.029135_h0.jpg,budapest,47.46539,19.029135,0,2024-06,streetview
data/images/budapest/47.46539_19.029135_h90.jpg,budapest,47.46539,19.029135,90,2024-06,streetview
data/images/budapest/47.46539_19.029135_h180.jpg,budapest,47.46539,19.029135,180,2024-06,streetview
data/images/budapest/47.46539_19.029135_h270.jpg,budapest,47.46539,19.029135,270,2024-06,streetview
data/images/budapest/47.486949_19.08657_h0.jpg,budapest,47.486949,19.08657,0,2025-08,streetview
data/images/budapest/47.486949_19.08657_h90.jpg,budapest,47.486949,19.08657,90,2025-08,streetview
data/images/budapest/47.486949_19.08657_h180.jpg,budapest,47.486949,19.08657,180,2025-08,streetview
data/images/budapest/47.486949_19.08657_h270.jpg,budapest,47.486949,19.08657,270,2025-08,streetview
data/images/budapest/47.469702_19.078571_h0.jpg,budapest,47.469702,19.078571,0,2020-03,streetview
data/images/budapest/47.469702_19.078571_h90.jpg,budapest,47.469702,19.078571,90,2020-03,streetview
data/images/budapest/47.469702_19.078571_h180.jpg,budapest,47.469702,19.078571,180,2020-03,streetview
data/images/budapest/47.469702_19.078571_h270.jpg,budapest,47.469702,19.078571,270,2020-03,streetview
data/images/budapest/47.535458_19.01479_h0.jpg,budapest,47.535458,19.01479,0,2024-06,streetview
data/images/budapest/47.535458_19.01479_h90.jpg,budapest,47.535458,19.01479,90,2024-06,streetview
data/images/budapest/47.535458_19.01479_h180.jpg,budapest,47.535458,19.01479,180,2024-06,streetview
data/images/budapest/47.535458_19.01479_h270.jpg,budapest,47.535458,19.01479,270,2024-06,streetview
data/images/budapest/47.526834_19.061085_h0.jpg,budapest,47.526834,19.061085,0,2025-09,streetview
data/images/budapest/47.526834_19.061085_h90.jpg,budapest,47.526834,19.061085,90,2025-09,streetview
data/images/budapest/47.526834_19.061085_h180.jpg,budapest,47.526834,19.061085,180,2025-09,streetview
data/images/budapest/47.526834_19.061085_h270.jpg,budapest,47.526834,19.061085,270,2025-09,streetview
data/images/budapest/47.488027_19.032333_h0.jpg,budapest,47.488027,19.032333,0,2018-04,streetview
data/images/budapest/47.488027_19.032333_h90.jpg,budapest,47.488027,19.032333,90,2018-04,streetview
data/images/budapest/47.488027_19.032333_h180.jpg,budapest,47.488027,19.032333,180,2018-04,streetview
data/images/budapest/47.488027_19.032333_h270.jpg,budapest,47.488027,19.032333,270,2018-04,streetview
data/images/budapest/47.500963_19.013191_h0.jpg,budapest,47.500963,19.013191,0,2022-04,streetview
data/images/budapest/47.500963_19.013191_h90.jpg,budapest,47.500963,19.013191,90,2022-04,streetview
data/images/budapest/47.500963_19.013191_h180.jpg,budapest,47.500963,19.013191,180,2022-04,streetview
data/images/budapest/47.500963_19.013191_h270.jpg,budapest,47.500963,19.013191,270,2022-04,streetview
data/images/budapest/47.509587_19.09937_h0.jpg,budapest,47.509587,19.09937,0,2025-08,streetview
data/images/budapest/47.509587_19.09937_h90.jpg,budapest,47.509587,19.09937,90,2025-08,streetview
data/images/budapest/47.509587_19.09937_h180.jpg,budapest,47.509587,19.09937,180,2025-08,streetview
data/images/budapest/47.509587_19.09937_h270.jpg,budapest,47.509587,19.09937,270,2025-08,streetview
data/images/budapest/47.471858_19.024353_h0.jpg,budapest,47.471858,19.024353,0,2024-06,streetview
data/images/budapest/47.471858_19.024353_h90.jpg,budapest,47.471858,19.024353,90,2024-06,streetview
data/images/budapest/47.471858_19.024353_h180.jpg,budapest,47.471858,19.024353,180,2024-06,streetview
data/images/budapest/47.471858_19.024353_h270.jpg,budapest,47.471858,19.024353,270,2024-06,streetview
data/images/budapest/47.512821_19.088204_h0.jpg,budapest,47.512821,19.088204,0,2019-11,streetview
data/images/budapest/47.512821_19.088204_h90.jpg,budapest,47.512821,19.088204,90,2019-11,streetview
data/images/budapest/47.512821_19.088204_h180.jpg,budapest,47.512821,19.088204,180,2019-11,streetview
data/images/budapest/47.512821_19.088204_h270.jpg,budapest,47.512821,19.088204,270,2019-11,streetview
data/images/budapest/47.518211_19.025962_h0.jpg,budapest,47.518211,19.025962,0,2025-09,streetview
data/images/budapest/47.518211_19.025962_h90.jpg,budapest,47.518211,19.025962,90,2025-09,streetview
data/images/budapest/47.518211_19.025962_h180.jpg,budapest,47.518211,19.025962,180,2025-09,streetview
data/images/budapest/47.518211_19.025962_h270.jpg,budapest,47.518211,19.025962,270,2025-09,streetview
data/images/budapest/47.5236_19.053101_h0.jpg,budapest,47.5236,19.053101,0,2024-07,streetview
data/images/budapest/47.5236_19.053101_h90.jpg,budapest,47.5236,19.053101,90,2024-07,streetview
data/images/budapest/47.5236_19.053101_h180.jpg,budapest,47.5236,19.053101,180,2024-07,streetview
data/images/budapest/47.5236_19.053101_h270.jpg,budapest,47.5236,19.053101,270,2024-07,streetview
data/images/budapest/47.472936_19.041896_h0.jpg,budapest,47.472936,19.041896,0,2021-12,streetview
data/images/budapest/47.472936_19.041896_h90.jpg,budapest,47.472936,19.041896,90,2021-12,streetview
data/images/budapest/47.472936_19.041896_h180.jpg,budapest,47.472936,19.041896,180,2021-12,streetview
data/images/budapest/47.472936_19.041896_h270.jpg,budapest,47.472936,19.041896,270,2021-12,streetview
data/images/budapest/47.47617_19.084959_h0.jpg,budapest,47.47617,19.084959,0,2025-08,streetview
data/images/budapest/47.47617_19.084959_h90.jpg,budapest,47.47617,19.084959,90,2025-08,streetview
data/images/budapest/47.47617_19.084959_h180.jpg,budapest,47.47617,19.084959,180,2025-08,streetview
data/images/budapest/47.47617_19.084959_h270.jpg,budapest,47.47617,19.084959,270,2025-08,streetview
data/images/budapest/47.469702_19.051462_h0.jpg,budapest,47.469702,19.051462,0,2025-09,streetview
data/images/budapest/47.469702_19.051462_h90.jpg,budapest,47.469702,19.051462,90,2025-09,streetview
data/images/budapest/47.469702_19.051462_h180.jpg,budapest,47.469702,19.051462,180,2025-09,streetview
data/images/budapest/47.469702_19.051462_h270.jpg,budapest,47.469702,19.051462,270,2025-09,streetview
data/images/budapest/47.513899_19.037132_h0.jpg,budapest,47.513899,19.037132,0,2025-09,streetview
data/images/budapest/47.513899_19.037132_h90.jpg,budapest,47.513899,19.037132,90,2025-09,streetview
data/images/budapest/47.513899_19.037132_h180.jpg,budapest,47.513899,19.037132,180,2025-09,streetview
data/images/budapest/47.513899_19.037132_h270.jpg,budapest,47.513899,19.037132,270,2025-09,streetview
data/images/budapest/47.5236_19.094605_h0.jpg,budapest,47.5236,19.094605,0,2023-08,streetview
data/images/budapest/47.5236_19.094605_h90.jpg,budapest,47.5236,19.094605,90,2023-08,streetview
data/images/budapest/47.5236_19.094605_h180.jpg,budapest,47.5236,19.094605,180,2023-08,streetview
data/images/budapest/47.5236_19.094605_h270.jpg,budapest,47.5236,19.094605,270,2023-08,streetview
data/images/budapest/47.482637_19.038711_h0.jpg,budapest,47.482637,19.038711,0,2025-09,streetview
data/images/budapest/47.482637_19.038711_h90.jpg,budapest,47.482637,19.038711,90,2025-09,streetview
data/images/budapest/47.482637_19.038711_h180.jpg,budapest,47.482637,19.038711,180,2025-09,streetview
data/images/budapest/47.482637_19.038711_h270.jpg,budapest,47.482637,19.038711,270,2025-09,streetview
data/images/budapest/47.482637_19.030736_h0.jpg,budapest,47.482637,19.030736,0,2024-07,streetview
data/images/budapest/47.482637_19.030736_h90.jpg,budapest,47.482637,19.030736,90,2024-07,streetview
data/images/budapest/47.482637_19.030736_h180.jpg,budapest,47.482637,19.030736,180,2024-07,streetview
data/images/budapest/47.482637_19.030736_h270.jpg,budapest,47.482637,19.030736,270,2024-07,streetview
data/images/budapest/47.513899_19.094589_h0.jpg,budapest,47.513899,19.094589,0,2018-03,streetview
data/images/budapest/47.513899_19.094589_h90.jpg,budapest,47.513899,19.094589,90,2018-03,streetview
data/images/budapest/47.513899_19.094589_h180.jpg,budapest,47.513899,19.094589,180,2018-03,streetview
data/images/budapest/47.513899_19.094589_h270.jpg,budapest,47.513899,19.094589,270,2018-03,streetview
data/images/budapest/47.491261_19.053074_h0.jpg,budapest,47.491261,19.053074,0,2025-09,streetview
data/images/budapest/47.491261_19.053074_h90.jpg,budapest,47.491261,19.053074,90,2025-09,streetview
data/images/budapest/47.491261_19.053074_h180.jpg,budapest,47.491261,19.053074,180,2025-09,streetview
data/images/budapest/47.491261_19.053074_h270.jpg,budapest,47.491261,19.053074,270,2025-09,streetview
data/images/budapest/47.498807_19.069036_h0.jpg,budapest,47.498807,19.069036,0,2024-06,streetview
data/images/budapest/47.498807_19.069036_h90.jpg,budapest,47.498807,19.069036,90,2024-06,streetview
data/images/budapest/47.498807_19.069036_h180.jpg,budapest,47.498807,19.069036,180,2024-06,streetview
data/images/budapest/47.498807_19.069036_h270.jpg,budapest,47.498807,19.069036,270,2024-06,streetview
data/images/budapest/47.491261_19.054669_h0.jpg,budapest,47.491261,19.054669,0,2023-03,streetview
data/images/budapest/47.491261_19.054669_h90.jpg,budapest,47.491261,19.054669,90,2023-03,streetview
data/images/budapest/47.491261_19.054669_h180.jpg,budapest,47.491261,19.054669,180,2023-03,streetview
data/images/budapest/47.491261_19.054669_h270.jpg,budapest,47.491261,19.054669,270,2023-03,streetview
data/images/budapest/47.524678_19.07545_h0.jpg,budapest,47.524678,19.07545,0,2025-09,streetview
data/images/budapest/47.524678_19.07545_h90.jpg,budapest,47.524678,19.07545,90,2025-09,streetview
data/images/budapest/47.524678_19.07545_h180.jpg,budapest,47.524678,19.07545,180,2025-09,streetview
data/images/budapest/47.524678_19.07545_h270.jpg,budapest,47.524678,19.07545,270,2025-09,streetview
data/images/budapest/47.509587_19.014788_h0.jpg,budapest,47.509587,19.014788,0,2025-09,streetview
data/images/budapest/47.509587_19.014788_h90.jpg,budapest,47.509587,19.014788,90,2025-09,streetview
data/images/budapest/47.509587_19.014788_h180.jpg,budapest,47.509587,19.014788,180,2025-09,streetview
data/images/budapest/47.509587_19.014788_h270.jpg,budapest,47.509587,19.014788,270,2025-09,streetview
data/images/budapest/47.497729_19.064248_h0.jpg,budapest,47.497729,19.064248,0,2019-04,streetview
data/images/budapest/47.497729_19.064248_h90.jpg,budapest,47.497729,19.064248,90,2019-04,streetview
data/images/budapest/47.497729_19.064248_h180.jpg,budapest,47.497729,19.064248,180,2019-04,streetview
data/images/budapest/47.497729_19.064248_h270.jpg,budapest,47.497729,19.064248,270,2019-04,streetview
data/images/budapest/47.503119_19.040318_h0.jpg,budapest,47.503119,19.040318,0,2025-09,streetview
data/images/budapest/47.503119_19.040318_h90.jpg,budapest,47.503119,19.040318,90,2025-09,streetview
data/images/budapest/47.503119_19.040318_h180.jpg,budapest,47.503119,19.040318,180,2025-09,streetview
data/images/budapest/47.503119_19.040318_h270.jpg,budapest,47.503119,19.040318,270,2025-09,streetview
data/images/budapest/47.479404_19.081774_h0.jpg,budapest,47.479404,19.081774,0,2025-08,streetview
data/images/budapest/47.479404_19.081774_h90.jpg,budapest,47.479404,19.081774,90,2025-08,streetview
data/images/budapest/47.479404_19.081774_h180.jpg,budapest,47.479404,19.081774,180,2025-08,streetview
data/images/budapest/47.479404_19.081774_h270.jpg,budapest,47.479404,19.081774,270,2025-08,streetview
data/images/budapest/47.503119_19.027553_h0.jpg,budapest,47.503119,19.027553,0,2024-04,streetview
data/images/budapest/47.503119_19.027553_h90.jpg,budapest,47.503119,19.027553,90,2024-04,streetview
data/images/budapest/47.503119_19.027553_h180.jpg,budapest,47.503119,19.027553,180,2024-04,streetview
data/images/budapest/47.503119_19.027553_h270.jpg,budapest,47.503119,19.027553,270,2024-04,streetview
data/images/budapest/47.504197_19.038723_h0.jpg,budapest,47.504197,19.038723,0,2024-07,streetview
data/images/budapest/47.504197_19.038723_h90.jpg,budapest,47.504197,19.038723,90,2024-07,streetview
data/images/budapest/47.504197_19.038723_h180.jpg,budapest,47.504197,19.038723,180,2024-07,streetview
data/images/budapest/47.504197_19.038723_h270.jpg,budapest,47.504197,19.038723,270,2024-07,streetview
data/images/budapest/47.492339_19.017977_h0.jpg,budapest,47.492339,19.017977,0,2025-09,streetview
data/images/budapest/47.492339_19.017977_h90.jpg,budapest,47.492339,19.017977,90,2025-09,streetview
data/images/budapest/47.492339_19.017977_h180.jpg,budapest,47.492339,19.017977,180,2025-09,streetview
data/images/budapest/47.492339_19.017977_h270.jpg,budapest,47.492339,19.017977,270,2025-09,streetview
data/images/budapest/47.510665_19.051494_h0.jpg,budapest,47.510665,19.051494,0,2024-06,streetview
data/images/budapest/47.510665_19.051494_h90.jpg,budapest,47.510665,19.051494,90,2024-06,streetview
data/images/budapest/47.510665_19.051494_h180.jpg,budapest,47.510665,19.051494,180,2024-06,streetview
data/images/budapest/47.510665_19.051494_h270.jpg,budapest,47.510665,19.051494,270,2024-06,streetview
data/images/budapest/47.520367_19.0946_h0.jpg,budapest,47.520367,19.0946,0,2025-08,streetview
data/images/budapest/47.520367_19.0946_h90.jpg,budapest,47.520367,19.0946,90,2025-08,streetview
data/images/budapest/47.520367_19.0946_h180.jpg,budapest,47.520367,19.0946,180,2025-08,streetview
data/images/budapest/47.520367_19.0946_h270.jpg,budapest,47.520367,19.0946,270,2025-08,streetview
data/images/budapest/47.498807_19.080205_h0.jpg,budapest,47.498807,19.080205,0,2024-06,streetview
data/images/budapest/47.498807_19.080205_h90.jpg,budapest,47.498807,19.080205,90,2024-06,streetview
data/images/budapest/47.498807_19.080205_h180.jpg,budapest,47.498807,19.080205,180,2024-06,streetview
data/images/budapest/47.498807_19.080205_h270.jpg,budapest,47.498807,19.080205,270,2024-06,streetview
data/images/budapest/47.518211_19.054692_h0.jpg,budapest,47.518211,19.054692,0,2025-09,streetview
data/images/budapest/47.518211_19.054692_h90.jpg,budapest,47.518211,19.054692,90,2025-09,streetview
data/images/budapest/47.518211_19.054692_h180.jpg,budapest,47.518211,19.054692,180,2025-09,streetview
data/images/budapest/47.518211_19.054692_h270.jpg,budapest,47.518211,19.054692,270,2025-09,streetview
data/images/budapest/47.486949_19.075403_h0.jpg,budapest,47.486949,19.075403,0,2024-06,streetview
data/images/budapest/47.486949_19.075403_h90.jpg,budapest,47.486949,19.075403,90,2024-06,streetview
data/images/budapest/47.486949_19.075403_h180.jpg,budapest,47.486949,19.075403,180,2024-06,streetview
data/images/budapest/47.486949_19.075403_h270.jpg,budapest,47.486949,19.075403,270,2024-06,streetview
data/images/budapest/47.517133_19.072249_h0.jpg,budapest,47.517133,19.072249,0,2021-03,streetview
data/images/budapest/47.517133_19.072249_h90.jpg,budapest,47.517133,19.072249,90,2021-03,streetview
data/images/budapest/47.517133_19.072249_h180.jpg,budapest,47.517133,19.072249,180,2021-03,streetview
data/images/budapest/47.517133_19.072249_h270.jpg,budapest,47.517133,19.072249,270,2021-03,streetview
data/images/budapest/47.505275_19.061064_h0.jpg,budapest,47.505275,19.061064,0,2024-06,streetview
data/images/budapest/47.505275_19.061064_h90.jpg,budapest,47.505275,19.061064,90,2024-06,streetview
data/images/budapest/47.505275_19.061064_h180.jpg,budapest,47.505275,19.061064,180,2024-06,streetview
data/images/budapest/47.505275_19.061064_h270.jpg,budapest,47.505275,19.061064,270,2024-06,streetview
data/images/budapest/47.532224_19.088233_h0.jpg,budapest,47.532224,19.088233,0,2025-08,streetview
data/images/budapest/47.532224_19.088233_h90.jpg,budapest,47.532224,19.088233,90,2025-08,streetview
data/images/budapest/47.532224_19.088233_h180.jpg,budapest,47.532224,19.088233,180,2025-08,streetview
data/images/budapest/47.532224_19.088233_h270.jpg,budapest,47.532224,19.088233,270,2025-08,streetview
data/images/budapest/47.47078_19.089736_h0.jpg,budapest,47.47078,19.089736,0,2021-09,streetview
data/images/budapest/47.47078_19.089736_h90.jpg,budapest,47.47078,19.089736,90,2021-09,streetview
data/images/budapest/47.47078_19.089736_h180.jpg,budapest,47.47078,19.089736,180,2021-09,streetview
data/images/budapest/47.47078_19.089736_h270.jpg,budapest,47.47078,19.089736,270,2021-09,streetview
data/images/budapest/47.520367_19.067464_h0.jpg,budapest,47.520367,19.067464,0,2024-06,streetview
data/images/budapest/47.520367_19.067464_h90.jpg,budapest,47.520367,19.067464,90,2024-06,streetview
data/images/budapest/47.520367_19.067464_h180.jpg,budapest,47.520367,19.067464,180,2024-06,streetview
data/images/budapest/47.520367_19.067464_h270.jpg,budapest,47.520367,19.067464,270,2024-06,streetview
data/images/budapest/47.533302_19.062688_h0.jpg,budapest,47.533302,19.062688,0,2022-05,streetview
data/images/budapest/47.533302_19.062688_h90.jpg,budapest,47.533302,19.062688,90,2022-05,streetview
data/images/budapest/47.533302_19.062688_h180.jpg,budapest,47.533302,19.062688,180,2022-05,streetview
data/images/budapest/47.533302_19.062688_h270.jpg,budapest,47.533302,19.062688,270,2022-05,streetview
data/images/budapest/47.495573_19.022764_h0.jpg,budapest,47.495573,19.022764,0,2025-09,streetview
data/images/budapest/47.495573_19.022764_h90.jpg,budapest,47.495573,19.022764,90,2025-09,streetview
data/images/budapest/47.495573_19.022764_h180.jpg,budapest,47.495573,19.022764,180,2025-09,streetview
data/images/budapest/47.495573_19.022764_h270.jpg,budapest,47.495573,19.022764,270,2025-09,streetview
data/images/budapest/47.520367_19.086619_h0.jpg,budapest,47.520367,19.086619,0,2025-08,streetview
data/images/budapest/47.520367_19.086619_h90.jpg,budapest,47.520367,19.086619,90,2025-08,streetview
data/images/budapest/47.520367_19.086619_h180.jpg,budapest,47.520367,19.086619,180,2025-08,streetview
data/images/budapest/47.520367_19.086619_h270.jpg,budapest,47.520367,19.086619,270,2025-08,streetview
data/images/budapest/47.485871_19.084973_h0.jpg,budapest,47.485871,19.084973,0,2025-08,streetview
data/images/budapest/47.485871_19.084973_h90.jpg,budapest,47.485871,19.084973,90,2025-08,streetview
data/images/budapest/47.485871_19.084973_h180.jpg,budapest,47.485871,19.084973,180,2025-08,streetview
data/images/budapest/47.485871_19.084973_h270.jpg,budapest,47.485871,19.084973,270,2025-08,streetview
data/images/budapest/47.516055_19.01_h0.jpg,budapest,47.516055,19.01,0,2025-09,streetview
data/images/budapest/47.516055_19.01_h90.jpg,budapest,47.516055,19.01,90,2025-09,streetview
data/images/budapest/47.516055_19.01_h180.jpg,budapest,47.516055,19.01,180,2025-09,streetview
data/images/budapest/47.516055_19.01_h270.jpg,budapest,47.516055,19.01,270,2025-09,streetview
data/images/budapest/47.486949_19.037119_h0.jpg,budapest,47.486949,19.037119,0,2025-09,streetview
data/images/budapest/47.486949_19.037119_h90.jpg,budapest,47.486949,19.037119,90,2025-09,streetview
data/images/budapest/47.486949_19.037119_h180.jpg,budapest,47.486949,19.037119,180,2025-09,streetview
data/images/budapest/47.486949_19.037119_h270.jpg,budapest,47.486949,19.037119,270,2025-09,streetview
data/images/budapest/47.479404_19.099319_h0.jpg,budapest,47.479404,19.099319,0,2022-08,streetview
data/images/budapest/47.479404_19.099319_h90.jpg,budapest,47.479404,19.099319,90,2022-08,streetview
data/images/budapest/47.479404_19.099319_h180.jpg,budapest,47.479404,19.099319,180,2022-08,streetview
data/images/budapest/47.479404_19.099319_h270.jpg,budapest,47.479404,19.099319,270,2022-08,streetview
data/images/budapest/47.503119_19.089785_h0.jpg,budapest,47.503119,19.089785,0,2025-09,streetview
data/images/budapest/47.503119_19.089785_h90.jpg,budapest,47.503119,19.089785,90,2025-09,streetview
data/images/budapest/47.503119_19.089785_h180.jpg,budapest,47.503119,19.089785,180,2025-09,streetview
data/images/budapest/47.503119_19.089785_h270.jpg,budapest,47.503119,19.089785,270,2025-09,streetview
data/images/budapest/47.527912_19.099401_h0.jpg,budapest,47.527912,19.099401,0,2025-08,streetview
data/images/budapest/47.527912_19.099401_h90.jpg,budapest,47.527912,19.099401,90,2025-08,streetview
data/images/budapest/47.527912_19.099401_h180.jpg,budapest,47.527912,19.099401,180,2025-08,streetview
data/images/budapest/47.527912_19.099401_h270.jpg,budapest,47.527912,19.099401,270,2025-08,streetview
data/images/budapest/47.486949_19.073808_h0.jpg,budapest,47.486949,19.073808,0,2024-06,streetview
data/images/budapest/47.486949_19.073808_h90.jpg,budapest,47.486949,19.073808,90,2024-06,streetview
data/images/budapest/47.486949_19.073808_h180.jpg,budapest,47.486949,19.073808,180,2024-06,streetview
data/images/budapest/47.486949_19.073808_h270.jpg,budapest,47.486949,19.073808,270,2024-06,streetview
data/images/budapest/47.532224_19.099409_h0.jpg,budapest,47.532224,19.099409,0,2025-08,streetview
data/images/budapest/47.532224_19.099409_h90.jpg,budapest,47.532224,19.099409,90,2025-08,streetview
data/images/budapest/47.532224_19.099409_h180.jpg,budapest,47.532224,19.099409,180,2025-08,streetview
data/images/budapest/47.532224_19.099409_h270.jpg,budapest,47.532224,19.099409,270,2025-08,streetview
data/images/budapest/47.500963_19.080208_h0.jpg,budapest,47.500963,19.080208,0,2025-08,streetview
data/images/budapest/47.500963_19.080208_h90.jpg,budapest,47.500963,19.080208,90,2025-08,streetview
data/images/budapest/47.500963_19.080208_h180.jpg,budapest,47.500963,19.080208,180,2025-08,streetview
data/images/budapest/47.500963_19.080208_h270.jpg,budapest,47.500963,19.080208,270,2025-08,streetview
data/images/budapest/47.526834_19.022771_h0.jpg,budapest,47.526834,19.022771,0,2019-07,streetview
data/images/budapest/47.526834_19.022771_h90.jpg,budapest,47.526834,19.022771,90,2019-07,streetview
data/images/budapest/47.526834_19.022771_h180.jpg,budapest,47.526834,19.022771,180,2019-07,streetview
data/images/budapest/47.526834_19.022771_h270.jpg,budapest,47.526834,19.022771,270,2019-07,streetview
data/images/budapest/47.525756_19.069066_h0.jpg,budapest,47.525756,19.069066,0,2025-08,streetview
data/images/budapest/47.525756_19.069066_h90.jpg,budapest,47.525756,19.069066,90,2025-08,streetview
data/images/budapest/47.525756_19.069066_h180.jpg,budapest,47.525756,19.069066,180,2025-08,streetview
data/images/budapest/47.525756_19.069066_h270.jpg,budapest,47.525756,19.069066,270,2025-08,streetview
data/images/budapest/47.510665_19.013192_h0.jpg,budapest,47.510665,19.013192,0,2025-09,streetview
data/images/budapest/47.510665_19.013192_h90.jpg,budapest,47.510665,19.013192,90,2025-09,streetview
data/images/budapest/47.510665_19.013192_h180.jpg,budapest,47.510665,19.013192,180,2025-09,streetview
data/images/budapest/47.510665_19.013192_h270.jpg,budapest,47.510665,19.013192,270,2025-09,streetview
data/images/budapest/47.511743_19.046707_h0.jpg,budapest,47.511743,19.046707,0,2024-06,streetview
data/images/budapest/47.511743_19.046707_h90.jpg,budapest,47.511743,19.046707,90,2024-06,streetview
data/images/budapest/47.511743_19.046707_h180.jpg,budapest,47.511743,19.046707,180,2024-06,streetview
data/images/budapest/47.511743_19.046707_h270.jpg,budapest,47.511743,19.046707,270,2024-06,streetview
data/images/budapest/47.468624_19.069002_h0.jpg,budapest,47.468624,19.069002,0,2025-09,streetview
data/images/budapest/47.468624_19.069002_h90.jpg,budapest,47.468624,19.069002,90,2025-09,streetview
data/images/budapest/47.468624_19.069002_h180.jpg,budapest,47.468624,19.069002,180,2025-09,streetview
data/images/budapest/47.468624_19.069002_h270.jpg,budapest,47.468624,19.069002,270,2025-09,streetview
data/images/budapest/47.517133_19.056288_h0.jpg,budapest,47.517133,19.056288,0,2025-09,streetview
data/images/budapest/47.517133_19.056288_h90.jpg,budapest,47.517133,19.056288,90,2025-09,streetview
data/images/budapest/47.517133_19.056288_h180.jpg,budapest,47.517133,19.056288,180,2025-09,streetview
data/images/budapest/47.517133_19.056288_h270.jpg,budapest,47.517133,19.056288,270,2025-09,streetview
data/images/budapest/47.496651_19.067438_h0.jpg,budapest,47.496651,19.067438,0,2019-06,streetview
data/images/budapest/47.496651_19.067438_h90.jpg,budapest,47.496651,19.067438,90,2019-06,streetview
data/images/budapest/47.496651_19.067438_h180.jpg,budapest,47.496651,19.067438,180,2019-06,streetview
data/images/budapest/47.496651_19.067438_h270.jpg,budapest,47.496651,19.067438,270,2019-06,streetview
data/images/budapest/47.531146_19.064283_h0.jpg,budapest,47.531146,19.064283,0,2024-06,streetview
data/images/budapest/47.531146_19.064283_h90.jpg,budapest,47.531146,19.064283,90,2024-06,streetview
data/images/budapest/47.531146_19.064283_h180.jpg,budapest,47.531146,19.064283,180,2024-06,streetview
data/images/budapest/47.531146_19.064283_h270.jpg,budapest,47.531146,19.064283,270,2024-06,streetview
data/images/budapest/47.497729_19.011596_h0.jpg,budapest,47.497729,19.011596,0,2024-06,streetview
data/images/budapest/47.497729_19.011596_h90.jpg,budapest,47.497729,19.011596,90,2024-06,streetview
data/images/budapest/47.497729_19.011596_h180.jpg,budapest,47.497729,19.011596,180,2024-06,streetview
data/images/budapest/47.497729_19.011596_h270.jpg,budapest,47.497729,19.011596,270,2024-06,streetview
data/images/budapest/47.468624_19.037109_h0.jpg,budapest,47.468624,19.037109,0,2024-06,streetview
data/images/budapest/47.468624_19.037109_h90.jpg,budapest,47.468624,19.037109,90,2024-06,streetview
data/images/budapest/47.468624_19.037109_h180.jpg,budapest,47.468624,19.037109,180,2024-06,streetview
data/images/budapest/47.468624_19.037109_h270.jpg,budapest,47.468624,19.037109,270,2024-06,streetview
data/images/budapest/47.511743_19.037131_h0.jpg,budapest,47.511743,19.037131,0,2025-09,streetview
data/images/budapest/47.511743_19.037131_h90.jpg,budapest,47.511743,19.037131,90,2025-09,streetview
data/images/budapest/47.511743_19.037131_h180.jpg,budapest,47.511743,19.037131,180,2025-09,streetview
data/images/budapest/47.511743_19.037131_h270.jpg,budapest,47.511743,19.037131,270,2025-09,streetview
data/images/budapest/47.478326_19.076988_h0.jpg,budapest,47.478326,19.076988,0,2024-06,streetview
data/images/budapest/47.478326_19.076988_h90.jpg,budapest,47.478326,19.076988,90,2024-06,streetview
data/images/budapest/47.478326_19.076988_h180.jpg,budapest,47.478326,19.076988,180,2024-06,streetview
data/images/budapest/47.478326_19.076988_h270.jpg,budapest,47.478326,19.076988,270,2024-06,streetview
data/images/budapest/47.47617_19.080175_h0.jpg,budapest,47.47617,19.080175,0,2022-04,streetview
data/images/budapest/47.47617_19.080175_h90.jpg,budapest,47.47617,19.080175,90,2022-04,streetview
data/images/budapest/47.47617_19.080175_h180.jpg,budapest,47.47617,19.080175,180,2022-04,streetview
data/images/budapest/47.47617_19.080175_h270.jpg,budapest,47.47617,19.080175,270,2022-04,streetview
data/images/budapest/47.519289_19.083425_h0.jpg,budapest,47.519289,19.083425,0,2022-05,streetview
data/images/budapest/47.519289_19.083425_h90.jpg,budapest,47.519289,19.083425,90,2022-05,streetview
data/images/budapest/47.519289_19.083425_h180.jpg,budapest,47.519289,19.083425,180,2022-05,streetview
data/images/budapest/47.519289_19.083425_h270.jpg,budapest,47.519289,19.083425,270,2022-05,streetview
data/images/budapest/47.531146_19.027562_h0.jpg,budapest,47.531146,19.027562,0,2022-03,streetview
data/images/budapest/47.531146_19.027562_h90.jpg,budapest,47.531146,19.027562,90,2022-03,streetview
data/images/budapest/47.531146_19.027562_h180.jpg,budapest,47.531146,19.027562,180,2022-03,streetview
data/images/budapest/47.531146_19.027562_h270.jpg,budapest,47.531146,19.027562,270,2022-03,streetview
data/images/budapest/47.512821_19.053092_h0.jpg,budapest,47.512821,19.053092,0,2025-09,streetview
data/images/budapest/47.512821_19.053092_h90.jpg,budapest,47.512821,19.053092,90,2025-09,streetview
data/images/budapest/47.512821_19.053092_h180.jpg,budapest,47.512821,19.053092,180,2025-09,streetview
data/images/budapest/47.512821_19.053092_h270.jpg,budapest,47.512821,19.053092,270,2025-09,streetview
data/images/budapest/47.538692_19.065887_h0.jpg,budapest,47.538692,19.065887,0,2020-11,streetview
data/images/budapest/47.538692_19.065887_h90.jpg,budapest,47.538692,19.065887,90,2020-11,streetview
data/images/budapest/47.538692_19.065887_h180.jpg,budapest,47.538692,19.065887,180,2020-11,streetview
data/images/budapest/47.538692_19.065887_h270.jpg,budapest,47.538692,19.065887,270,2020-11,streetview
data/images/budapest/47.46_19.041888_h0.jpg,budapest,47.46,19.041888,0,2025-09,streetview
data/images/budapest/47.46_19.041888_h90.jpg,budapest,47.46,19.041888,90,2025-09,streetview
data/images/budapest/47.46_19.041888_h180.jpg,budapest,47.46,19.041888,180,2025-09,streetview
data/images/budapest/47.46_19.041888_h270.jpg,budapest,47.46,19.041888,270,2025-09,streetview
data/images/budapest/47.464312_19.040296_h0.jpg,budapest,47.464312,19.040296,0,2018-06,streetview
data/images/budapest/47.464312_19.040296_h90.jpg,budapest,47.464312,19.040296,90,2018-06,streetview
data/images/budapest/47.464312_19.040296_h180.jpg,budapest,47.464312,19.040296,180,2018-06,streetview
data/images/budapest/47.464312_19.040296_h270.jpg,budapest,47.464312,19.040296,270,2018-06,streetview
data/images/budapest/47.484793_19.061044_h0.jpg,budapest,47.484793,19.061044,0,2024-06,streetview
data/images/budapest/47.484793_19.061044_h180.jpg,budapest,47.484793,19.061044,180,2024-06,streetview
data/images/budapest/47.484793_19.061044_h270.jpg,budapest,47.484793,19.061044,270,2024-06,streetview
data/images/budapest/47.474014_19.076982_h0.jpg,budapest,47.474014,19.076982,0,2024-05,streetview
data/images/budapest/47.474014_19.076982_h90.jpg,budapest,47.474014,19.076982,90,2024-05,streetview
data/images/budapest/47.474014_19.076982_h180.jpg,budapest,47.474014,19.076982,180,2024-05,streetview
data/images/budapest/47.474014_19.076982_h270.jpg,budapest,47.474014,19.076982,270,2024-05,streetview
data/images/budapest/47.513899_19.056285_h0.jpg,budapest,47.513899,19.056285,0,2025-09,streetview
data/images/budapest/47.513899_19.056285_h90.jpg,budapest,47.513899,19.056285,90,2025-09,streetview
data/images/budapest/47.513899_19.056285_h180.jpg,budapest,47.513899,19.056285,180,2025-09,streetview
data/images/budapest/47.513899_19.056285_h270.jpg,budapest,47.513899,19.056285,270,2025-09,streetview
data/images/budapest/47.479404_19.072204_h0.jpg,budapest,47.479404,19.072204,0,2025-08,streetview
data/images/budapest/47.479404_19.072204_h90.jpg,budapest,47.479404,19.072204,90,2025-08,streetview
data/images/budapest/47.479404_19.072204_h180.jpg,budapest,47.479404,19.072204,180,2025-08,streetview
data/images/budapest/47.479404_19.072204_h270.jpg,budapest,47.479404,19.072204,270,2025-08,streetview
data/images/budapest/47.492339_19.03074_h0.jpg,budapest,47.492339,19.03074,0,2025-09,streetview
data/images/budapest/47.492339_19.03074_h90.jpg,budapest,47.492339,19.03074,90,2025-09,streetview
data/images/budapest/47.492339_19.03074_h180.jpg,budapest,47.492339,19.03074,180,2025-09,streetview
data/images/budapest/47.492339_19.03074_h270.jpg,budapest,47.492339,19.03074,270,2025-09,streetview
data/images/budapest/47.490183_19.025953_h0.jpg,budapest,47.490183,19.025953,0,2025-09,streetview
data/images/budapest/47.490183_19.025953_h90.jpg,budapest,47.490183,19.025953,90,2025-09,streetview
data/images/budapest/47.490183_19.025953_h270.jpg,budapest,47.490183,19.025953,270,2025-09,streetview
data/images/budapest/47.467546_19.075379_h0.jpg,budapest,47.467546,19.075379,0,2025-08,streetview
data/images/budapest/47.467546_19.075379_h90.jpg,budapest,47.467546,19.075379,90,2025-08,streetview
data/images/budapest/47.467546_19.075379_h180.jpg,budapest,47.467546,19.075379,180,2025-08,streetview
data/images/budapest/47.467546_19.075379_h270.jpg,budapest,47.467546,19.075379,270,2025-08,streetview
data/images/budapest/47.496651_19.05627_h0.jpg,budapest,47.496651,19.05627,0,2025-08,streetview
data/images/budapest/47.496651_19.05627_h90.jpg,budapest,47.496651,19.05627,90,2025-08,streetview
data/images/budapest/47.496651_19.05627_h180.jpg,budapest,47.496651,19.05627,180,2025-08,streetview
data/images/budapest/47.496651_19.05627_h270.jpg,budapest,47.496651,19.05627,270,2025-08,streetview
data/images/budapest/47.530068_19.075457_h0.jpg,budapest,47.530068,19.075457,0,2025-08,streetview
data/images/budapest/47.530068_19.075457_h90.jpg,budapest,47.530068,19.075457,90,2025-08,streetview
data/images/budapest/47.530068_19.075457_h180.jpg,budapest,47.530068,19.075457,180,2025-08,streetview
data/images/budapest/47.530068_19.075457_h270.jpg,budapest,47.530068,19.075457,270,2025-08,streetview
data/images/budapest/47.513899_19.013192_h0.jpg,budapest,47.513899,19.013192,0,2025-09,streetview
data/images/budapest/47.513899_19.013192_h90.jpg,budapest,47.513899,19.013192,90,2025-09,streetview
data/images/budapest/47.513899_19.013192_h180.jpg,budapest,47.513899,19.013192,180,2025-09,streetview
data/images/budapest/47.513899_19.013192_h270.jpg,budapest,47.513899,19.013192,270,2025-09,streetview
data/images/budapest/47.519289_19.056289_h0.jpg,budapest,47.519289,19.056289,0,2025-09,streetview
data/images/budapest/47.519289_19.056289_h90.jpg,budapest,47.519289,19.056289,90,2025-09,streetview
data/images/budapest/47.519289_19.056289_h180.jpg,budapest,47.519289,19.056289,180,2025-09,streetview
data/images/budapest/47.519289_19.056289_h270.jpg,budapest,47.519289,19.056289,270,2025-09,streetview
data/images/budapest/47.494495_19.078604_h0.jpg,budapest,47.494495,19.078604,0,2021-06,streetview
data/images/budapest/47.494495_19.078604_h90.jpg,budapest,47.494495,19.078604,90,2021-06,streetview
data/images/budapest/47.494495_19.078604_h180.jpg,budapest,47.494495,19.078604,180,2021-06,streetview
data/images/budapest/47.494495_19.078604_h270.jpg,budapest,47.494495,19.078604,270,2021-06,streetview
data/images/budapest/47.485871_19.073807_h0.jpg,budapest,47.485871,19.073807,0,2019-03,streetview
data/images/budapest/47.485871_19.073807_h90.jpg,budapest,47.485871,19.073807,90,2019-03,streetview
data/images/budapest/47.485871_19.073807_h180.jpg,budapest,47.485871,19.073807,180,2019-03,streetview
data/images/budapest/47.485871_19.073807_h270.jpg,budapest,47.485871,19.073807,270,2019-03,streetview
data/images/budapest/47.53438_19.091429_h0.jpg,budapest,47.53438,19.091429,0,2025-08,streetview
data/images/budapest/47.53438_19.091429_h90.jpg,budapest,47.53438,19.091429,90,2025-08,streetview
data/images/budapest/47.53438_19.091429_h180.jpg,budapest,47.53438,19.091429,180,2025-08,streetview
data/images/budapest/47.53438_19.091429_h270.jpg,budapest,47.53438,19.091429,270,2025-08,streetview
data/images/budapest/47.503119_19.062658_h0.jpg,budapest,47.503119,19.062658,0,2025-08,streetview
data/images/budapest/47.503119_19.062658_h90.jpg,budapest,47.503119,19.062658,90,2025-08,streetview
data/images/budapest/47.503119_19.062658_h180.jpg,budapest,47.503119,19.062658,180,2025-08,streetview
data/images/budapest/47.503119_19.062658_h270.jpg,budapest,47.503119,19.062658,270,2025-08,streetview
data/images/budapest/47.510665_19.019576_h0.jpg,budapest,47.510665,19.019576,0,2025-09,streetview
data/images/budapest/47.510665_19.019576_h90.jpg,budapest,47.510665,19.019576,90,2025-09,streetview
data/images/budapest/47.510665_19.019576_h180.jpg,budapest,47.510665,19.019576,180,2025-09,streetview
data/images/budapest/47.510665_19.019576_h270.jpg,budapest,47.510665,19.019576,270,2025-09,streetview
data/images/budapest/47.466468_19.016378_h0.jpg,budapest,47.466468,19.016378,0,2025-09,streetview
data/images/budapest/47.466468_19.016378_h90.jpg,budapest,47.466468,19.016378,90,2025-09,streetview
data/images/budapest/47.466468_19.016378_h180.jpg,budapest,47.466468,19.016378,180,2025-09,streetview
data/images/budapest/47.466468_19.016378_h270.jpg,budapest,47.466468,19.016378,270,2025-09,streetview
data/images/budapest/47.525756_19.065874_h0.jpg,budapest,47.525756,19.065874,0,2024-06,streetview
data/images/budapest/47.525756_19.065874_h90.jpg,budapest,47.525756,19.065874,90,2024-06,streetview
data/images/budapest/47.525756_19.065874_h180.jpg,budapest,47.525756,19.065874,180,2024-06,streetview
data/images/budapest/47.525756_19.065874_h270.jpg,budapest,47.525756,19.065874,270,2024-06,streetview
data/images/budapest/47.526834_19.099399_h0.jpg,budapest,47.526834,19.099399,0,2025-08,streetview
data/images/budapest/47.526834_19.099399_h90.jpg,budapest,47.526834,19.099399,90,2025-08,streetview
data/images/budapest/47.526834_19.099399_h180.jpg,budapest,47.526834,19.099399,180,2025-08,streetview
data/images/budapest/47.526834_19.099399_h270.jpg,budapest,47.526834,19.099399,270,2025-08,streetview
data/images/budapest/47.469702_19.094518_h0.jpg,budapest,47.469702,19.094518,0,2024-05,streetview
data/images/budapest/47.469702_19.094518_h90.jpg,budapest,47.469702,19.094518,90,2024-05,streetview
data/images/budapest/47.469702_19.094518_h180.jpg,budapest,47.469702,19.094518,180,2024-05,streetview
data/images/budapest/47.469702_19.094518_h270.jpg,budapest,47.469702,19.094518,270,2024-05,streetview
data/images/budapest/47.524678_19.069065_h0.jpg,budapest,47.524678,19.069065,0,2025-08,streetview
data/images/budapest/47.524678_19.069065_h90.jpg,budapest,47.524678,19.069065,90,2025-08,streetview
data/images/budapest/47.524678_19.069065_h180.jpg,budapest,47.524678,19.069065,180,2025-08,streetview
data/images/budapest/47.524678_19.069065_h270.jpg,budapest,47.524678,19.069065,270,2025-08,streetview
data/images/budapest/47.466468_19.033919_h0.jpg,budapest,47.466468,19.033919,0,2025-09,streetview
data/images/budapest/47.466468_19.033919_h90.jpg,budapest,47.466468,19.033919,90,2025-09,streetview
data/images/budapest/47.466468_19.033919_h180.jpg,budapest,47.466468,19.033919,180,2025-09,streetview
data/images/budapest/47.466468_19.033919_h270.jpg,budapest,47.466468,19.033919,270,2025-09,streetview
data/images/budapest/47.504197_19.069042_h0.jpg,budapest,47.504197,19.069042,0,2024-06,streetview
data/images/budapest/47.504197_19.069042_h90.jpg,budapest,47.504197,19.069042,90,2024-06,streetview
data/images/budapest/47.504197_19.069042_h180.jpg,budapest,47.504197,19.069042,180,2024-06,streetview
data/images/budapest/47.504197_19.069042_h270.jpg,budapest,47.504197,19.069042,270,2024-06,streetview
data/images/budapest/47.479404_19.088154_h0.jpg,budapest,47.479404,19.088154,0,2025-08,streetview
data/images/budapest/47.479404_19.088154_h90.jpg,budapest,47.479404,19.088154,90,2025-08,streetview
data/images/budapest/47.479404_19.088154_h180.jpg,budapest,47.479404,19.088154,180,2025-08,streetview
data/images/budapest/47.479404_19.088154_h270.jpg,budapest,47.479404,19.088154,270,2025-08,streetview
data/images/budapest/47.483715_19.033927_h0.jpg,budapest,47.483715,19.033927,0,2025-09,streetview
data/images/budapest/47.483715_19.033927_h90.jpg,budapest,47.483715,19.033927,90,2025-09,streetview
data/images/budapest/47.483715_19.033927_h180.jpg,budapest,47.483715,19.033927,180,2025-09,streetview
data/images/budapest/47.483715_19.033927_h270.jpg,budapest,47.483715,19.033927,270,2025-09,streetview
data/images/budapest/47.533302_19.089831_h0.jpg,budapest,47.533302,19.089831,0,2025-08,streetview
data/images/budapest/47.533302_19.089831_h90.jpg,budapest,47.533302,19.089831,90,2025-08,streetview
data/images/budapest/47.533302_19.089831_h180.jpg,budapest,47.533302,19.089831,180,2025-08,streetview
data/images/budapest/47.533302_19.089831_h270.jpg,budapest,47.533302,19.089831,270,2025-08,streetview
data/images/budapest/47.518211_19.069058_h0.jpg,budapest,47.518211,19.069058,0,2025-09,streetview
data/images/budapest/47.518211_19.069058_h90.jpg,budapest,47.518211,19.069058,90,2025-09,streetview
data/images/budapest/47.518211_19.069058_h180.jpg,budapest,47.518211,19.069058,180,2025-09,streetview
data/images/budapest/47.518211_19.069058_h270.jpg,budapest,47.518211,19.069058,270,2025-09,streetview
data/images/budapest/47.485871_19.092949_h0.jpg,budapest,47.485871,19.092949,0,2025-08,streetview
data/images/budapest/47.485871_19.092949_h90.jpg,budapest,47.485871,19.092949,90,2025-08,streetview
data/images/budapest/47.485871_19.092949_h180.jpg,budapest,47.485871,19.092949,180,2025-08,streetview
data/images/budapest/47.485871_19.092949_h270.jpg,budapest,47.485871,19.092949,270,2025-08,streetview
data/images/budapest/47.483715_19.064234_h0.jpg,budapest,47.483715,19.064234,0,2026-04,streetview
data/images/budapest/47.483715_19.064234_h90.jpg,budapest,47.483715,19.064234,90,2026-04,streetview
data/images/budapest/47.483715_19.064234_h180.jpg,budapest,47.483715,19.064234,180,2026-04,streetview
data/images/budapest/47.483715_19.064234_h270.jpg,budapest,47.483715,19.064234,270,2026-04,streetview
data/images/budapest/47.496651_19.057865_h0.jpg,budapest,47.496651,19.057865,0,2019-07,streetview
data/images/budapest/47.496651_19.057865_h90.jpg,budapest,47.496651,19.057865,90,2019-07,streetview
data/images/budapest/47.496651_19.057865_h180.jpg,budapest,47.496651,19.057865,180,2019-07,streetview
data/images/budapest/47.496651_19.057865_h270.jpg,budapest,47.496651,19.057865,270,2019-07,streetview
data/images/budapest/47.502041_19.089783_h0.jpg,budapest,47.502041,19.089783,0,2024-05,streetview
data/images/budapest/47.502041_19.089783_h90.jpg,budapest,47.502041,19.089783,90,2024-05,streetview
data/images/budapest/47.502041_19.089783_h180.jpg,budapest,47.502041,19.089783,180,2024-05,streetview
data/images/budapest/47.502041_19.089783_h270.jpg,budapest,47.502041,19.089783,270,2024-05,streetview
data/images/budapest/47.503119_19.033935_h0.jpg,budapest,47.503119,19.033935,0,2023-05,streetview
data/images/budapest/47.503119_19.033935_h90.jpg,budapest,47.503119,19.033935,90,2023-05,streetview
data/images/budapest/47.503119_19.033935_h180.jpg,budapest,47.503119,19.033935,180,2023-05,streetview
data/images/budapest/47.503119_19.033935_h270.jpg,budapest,47.503119,19.033935,270,2023-05,streetview
data/images/budapest/47.462156_19.0387_h0.jpg,budapest,47.462156,19.0387,0,2024-06,streetview
data/images/budapest/47.462156_19.0387_h90.jpg,budapest,47.462156,19.0387,90,2024-06,streetview
data/images/budapest/47.462156_19.0387_h180.jpg,budapest,47.462156,19.0387,180,2024-06,streetview
data/images/budapest/47.462156_19.0387_h270.jpg,budapest,47.462156,19.0387,270,2024-06,streetview
data/images/budapest/47.538692_19.041936_h0.jpg,budapest,47.538692,19.041936,0,2024-07,streetview
data/images/budapest/47.538692_19.041936_h90.jpg,budapest,47.538692,19.041936,90,2024-07,streetview
data/images/budapest/47.538692_19.041936_h180.jpg,budapest,47.538692,19.041936,180,2024-07,streetview
data/images/budapest/47.538692_19.041936_h270.jpg,budapest,47.538692,19.041936,270,2024-07,streetview
data/images/budapest/47.524678_19.088221_h0.jpg,budapest,47.524678,19.088221,0,2024-06,streetview
data/images/budapest/47.524678_19.088221_h90.jpg,budapest,47.524678,19.088221,90,2024-06,streetview
data/images/budapest/47.524678_19.088221_h180.jpg,budapest,47.524678,19.088221,180,2024-06,streetview
data/images/budapest/47.524678_19.088221_h270.jpg,budapest,47.524678,19.088221,270,2024-06,streetview
data/images/budapest/47.535458_19.091431_h0.jpg,budapest,47.535458,19.091431,0,2024-06,streetview
data/images/budapest/47.535458_19.091431_h90.jpg,budapest,47.535458,19.091431,90,2024-06,streetview
data/images/budapest/47.535458_19.091431_h180.jpg,budapest,47.535458,19.091431,180,2024-06,streetview
data/images/budapest/47.535458_19.091431_h270.jpg,budapest,47.535458,19.091431,270,2024-06,streetview
data/images/budapest/47.52899_19.080245_h0.jpg,budapest,47.52899,19.080245,0,2025-08,streetview
data/images/budapest/47.52899_19.080245_h90.jpg,budapest,47.52899,19.080245,90,2025-08,streetview
data/images/budapest/47.52899_19.080245_h180.jpg,budapest,47.52899,19.080245,180,2025-08,streetview
data/images/budapest/47.52899_19.080245_h270.jpg,budapest,47.52899,19.080245,270,2025-08,streetview
data/images/budapest/47.504197_19.024362_h0.jpg,budapest,47.504197,19.024362,0,2025-09,streetview
data/images/budapest/47.504197_19.024362_h90.jpg,budapest,47.504197,19.024362,90,2025-09,streetview
data/images/budapest/47.504197_19.024362_h180.jpg,budapest,47.504197,19.024362,180,2025-09,streetview
data/images/budapest/47.504197_19.024362_h270.jpg,budapest,47.504197,19.024362,270,2025-09,streetview
data/images/budapest/47.53977_19.017984_h0.jpg,budapest,47.53977,19.017984,0,2019-06,streetview
data/images/budapest/47.53977_19.017984_h90.jpg,budapest,47.53977,19.017984,90,2019-06,streetview
data/images/budapest/47.53977_19.017984_h180.jpg,budapest,47.53977,19.017984,180,2019-06,streetview
data/images/budapest/47.53977_19.017984_h270.jpg,budapest,47.53977,19.017984,270,2019-06,streetview
data/images/budapest/47.46_19.033916_h0.jpg,budapest,47.46,19.033916,0,2025-09,streetview
data/images/budapest/47.46_19.033916_h90.jpg,budapest,47.46,19.033916,90,2025-09,streetview
data/images/budapest/47.46_19.033916_h180.jpg,budapest,47.46,19.033916,180,2025-09,streetview
data/images/budapest/47.46_19.033916_h270.jpg,budapest,47.46,19.033916,270,2025-09,streetview
data/images/budapest/47.482637_19.037116_h0.jpg,budapest,47.482637,19.037116,0,2025-09,streetview
data/images/budapest/47.482637_19.037116_h90.jpg,budapest,47.482637,19.037116,90,2025-09,streetview
data/images/budapest/47.482637_19.037116_h180.jpg,budapest,47.482637,19.037116,180,2025-09,streetview
data/images/budapest/47.482637_19.037116_h270.jpg,budapest,47.482637,19.037116,270,2025-09,streetview
data/images/budapest/47.535458_19.035547_h0.jpg,budapest,47.535458,19.035547,0,2025-09,streetview
data/images/budapest/47.535458_19.035547_h90.jpg,budapest,47.535458,19.035547,90,2025-09,streetview
data/images/budapest/47.535458_19.035547_h180.jpg,budapest,47.535458,19.035547,180,2025-09,streetview
data/images/budapest/47.535458_19.035547_h270.jpg,budapest,47.535458,19.035547,270,2025-09,streetview
data/images/budapest/47.512821_19.078628_h0.jpg,budapest,47.512821,19.078628,0,2025-08,streetview
data/images/budapest/47.512821_19.078628_h90.jpg,budapest,47.512821,19.078628,90,2025-08,streetview
data/images/budapest/47.512821_19.078628_h180.jpg,budapest,47.512821,19.078628,180,2025-08,streetview
data/images/budapest/47.512821_19.078628_h270.jpg,budapest,47.512821,19.078628,270,2025-08,streetview
data/images/budapest/47.537614_19.040338_h0.jpg,budapest,47.537614,19.040338,0,2025-09,streetview
data/images/budapest/47.537614_19.040338_h90.jpg,budapest,47.537614,19.040338,90,2025-09,streetview
data/images/budapest/47.537614_19.040338_h180.jpg,budapest,47.537614,19.040338,180,2025-09,streetview
data/images/budapest/47.537614_19.040338_h270.jpg,budapest,47.537614,19.040338,270,2025-09,streetview
data/images/budapest/47.471858_19.038705_h0.jpg,budapest,47.471858,19.038705,0,2022-03,streetview
data/images/budapest/47.471858_19.038705_h90.jpg,budapest,47.471858,19.038705,90,2022-03,streetview
data/images/budapest/47.471858_19.038705_h180.jpg,budapest,47.471858,19.038705,180,2022-03,streetview
data/images/budapest/47.471858_19.038705_h270.jpg,budapest,47.471858,19.038705,270,2022-03,streetview
data/images/budapest/47.506353_19.08979_h0.jpg,budapest,47.506353,19.08979,0,2025-08,streetview
data/images/budapest/47.506353_19.08979_h90.jpg,budapest,47.506353,19.08979,90,2025-08,streetview
data/images/budapest/47.506353_19.08979_h180.jpg,budapest,47.506353,19.08979,180,2025-08,streetview
data/images/budapest/47.506353_19.08979_h270.jpg,budapest,47.506353,19.08979,270,2025-08,streetview
data/images/budapest/47.461078_19.091315_h0.jpg,budapest,47.461078,19.091315,0,2024-05,streetview
data/images/budapest/47.461078_19.091315_h90.jpg,budapest,47.461078,19.091315,90,2024-05,streetview
data/images/budapest/47.461078_19.091315_h180.jpg,budapest,47.461078,19.091315,180,2024-05,streetview
data/images/budapest/47.461078_19.091315_h270.jpg,budapest,47.461078,19.091315,270,2024-05,streetview
data/images/budapest/47.531146_19.038738_h0.jpg,budapest,47.531146,19.038738,0,2024-07,streetview
data/images/budapest/47.531146_19.038738_h90.jpg,budapest,47.531146,19.038738,90,2024-07,streetview
data/images/budapest/47.531146_19.038738_h180.jpg,budapest,47.531146,19.038738,180,2024-07,streetview
data/images/budapest/47.531146_19.038738_h270.jpg,budapest,47.531146,19.038738,270,2024-07,streetview
data/images/budapest/47.494495_19.021168_h0.jpg,budapest,47.494495,19.021168,0,2025-09,streetview
data/images/budapest/47.494495_19.021168_h90.jpg,budapest,47.494495,19.021168,90,2025-09,streetview
data/images/budapest/47.494495_19.021168_h180.jpg,budapest,47.494495,19.021168,180,2025-09,streetview
data/images/budapest/47.494495_19.021168_h270.jpg,budapest,47.494495,19.021168,270,2025-09,streetview
data/images/budapest/47.522522_19.013193_h0.jpg,budapest,47.522522,19.013193,0,2025-09,streetview
data/images/budapest/47.522522_19.013193_h90.jpg,budapest,47.522522,19.013193,90,2025-09,streetview
data/images/budapest/47.522522_19.013193_h180.jpg,budapest,47.522522,19.013193,180,2025-09,streetview
data/images/budapest/47.522522_19.013193_h270.jpg,budapest,47.522522,19.013193,270,2025-09,streetview
data/images/budapest/47.475092_19.022759_h0.jpg,budapest,47.475092,19.022759,0,2025-09,streetview
data/images/budapest/47.475092_19.022759_h90.jpg,budapest,47.475092,19.022759,90,2025-09,streetview
data/images/budapest/47.475092_19.022759_h180.jpg,budapest,47.475092,19.022759,180,2025-09,streetview
data/images/budapest/47.475092_19.022759_h270.jpg,budapest,47.475092,19.022759,270,2025-09,streetview
data/images/budapest/47.513899_19.032344_h0.jpg,budapest,47.513899,19.032344,0,2025-09,streetview
data/images/budapest/47.513899_19.032344_h90.jpg,budapest,47.513899,19.032344,90,2025-09,streetview
data/images/budapest/47.513899_19.032344_h180.jpg,budapest,47.513899,19.032344,180,2025-09,streetview
data/images/budapest/47.513899_19.032344_h270.jpg,budapest,47.513899,19.032344,270,2025-09,streetview
data/images/budapest/47.478326_19.027544_h0.jpg,budapest,47.478326,19.027544,0,2025-09,streetview
data/images/budapest/47.478326_19.027544_h90.jpg,budapest,47.478326,19.027544,90,2025-09,streetview
data/images/budapest/47.478326_19.027544_h180.jpg,budapest,47.478326,19.027544,180,2025-09,streetview
data/images/budapest/47.478326_19.027544_h270.jpg,budapest,47.478326,19.027544,270,2025-09,streetview
data/images/budapest/47.511743_19.029152_h0.jpg,budapest,47.511743,19.029152,0,2024-07,streetview
data/images/budapest/47.511743_19.029152_h90.jpg,budapest,47.511743,19.029152,90,2024-07,streetview
data/images/budapest/47.511743_19.029152_h180.jpg,budapest,47.511743,19.029152,180,2024-07,streetview
data/images/budapest/47.511743_19.029152_h270.jpg,budapest,47.511743,19.029152,270,2024-07,streetview
data/images/budapest/47.499885_19.032338_h0.jpg,budapest,47.499885,19.032338,0,2024-08,streetview
data/images/budapest/47.499885_19.032338_h90.jpg,budapest,47.499885,19.032338,90,2024-08,streetview
data/images/budapest/47.499885_19.032338_h180.jpg,budapest,47.499885,19.032338,180,2024-08,streetview
data/images/budapest/47.499885_19.032338_h270.jpg,budapest,47.499885,19.032338,270,2024-08,streetview
data/images/budapest/47.495573_19.075414_h0.jpg,budapest,47.495573,19.075414,0,2024-06,streetview
data/images/budapest/47.495573_19.075414_h90.jpg,budapest,47.495573,19.075414,90,2024-06,streetview
data/images/budapest/47.495573_19.075414_h180.jpg,budapest,47.495573,19.075414,180,2024-06,streetview
data/images/budapest/47.495573_19.075414_h270.jpg,budapest,47.495573,19.075414,270,2024-06,streetview
data/images/budapest/47.482637_19.035521_h0.jpg,budapest,47.482637,19.035521,0,2025-09,streetview
data/images/budapest/47.482637_19.035521_h90.jpg,budapest,47.482637,19.035521,90,2025-09,streetview
data/images/budapest/47.482637_19.035521_h180.jpg,budapest,47.482637,19.035521,180,2025-09,streetview
data/images/budapest/47.482637_19.035521_h270.jpg,budapest,47.482637,19.035521,270,2025-09,streetview
data/images/budapest/47.504197_19.03234_h0.jpg,budapest,47.504197,19.03234,0,2019-04,streetview
data/images/budapest/47.504197_19.03234_h90.jpg,budapest,47.504197,19.03234,90,2019-04,streetview
data/images/budapest/47.504197_19.03234_h180.jpg,budapest,47.504197,19.03234,180,2019-04,streetview
data/images/budapest/47.504197_19.03234_h270.jpg,budapest,47.504197,19.03234,270,2019-04,streetview
data/images/budapest/47.475092_19.014785_h0.jpg,budapest,47.475092,19.014785,0,2024-06,streetview
data/images/budapest/47.475092_19.014785_h90.jpg,budapest,47.475092,19.014785,90,2024-06,streetview
data/images/budapest/47.475092_19.014785_h180.jpg,budapest,47.475092,19.014785,180,2024-06,streetview
data/images/budapest/47.475092_19.014785_h270.jpg,budapest,47.475092,19.014785,270,2024-06,streetview
data/images/budapest/47.489105_19.092954_h0.jpg,budapest,47.489105,19.092954,0,2025-08,streetview
data/images/budapest/47.489105_19.092954_h90.jpg,budapest,47.489105,19.092954,90,2025-08,streetview
data/images/budapest/47.489105_19.092954_h180.jpg,budapest,47.489105,19.092954,180,2025-08,streetview
data/images/budapest/47.489105_19.092954_h270.jpg,budapest,47.489105,19.092954,270,2025-08,streetview
data/images/budapest/47.499885_19.065846_h0.jpg,budapest,47.499885,19.065846,0,2020-05,streetview
data/images/budapest/47.499885_19.065846_h90.jpg,budapest,47.499885,19.065846,90,2020-05,streetview
data/images/budapest/47.499885_19.065846_h180.jpg,budapest,47.499885,19.065846,180,2020-05,streetview
data/images/budapest/47.499885_19.065846_h270.jpg,budapest,47.499885,19.065846,270,2020-05,streetview
data/images/budapest/47.53438_19.086639_h0.jpg,budapest,47.53438,19.086639,0,2023-10,streetview
data/images/budapest/47.53438_19.086639_h90.jpg,budapest,47.53438,19.086639,90,2023-10,streetview
data/images/budapest/47.53438_19.086639_h180.jpg,budapest,47.53438,19.086639,180,2023-10,streetview
data/images/budapest/47.53438_19.086639_h270.jpg,budapest,47.53438,19.086639,270,2023-10,streetview
data/images/budapest/47.506353_19.097769_h0.jpg,budapest,47.506353,19.097769,0,2025-08,streetview
data/images/budapest/47.506353_19.097769_h90.jpg,budapest,47.506353,19.097769,90,2025-08,streetview
data/images/budapest/47.506353_19.097769_h180.jpg,budapest,47.506353,19.097769,180,2025-08,streetview
data/images/budapest/47.506353_19.097769_h270.jpg,budapest,47.506353,19.097769,270,2025-08,streetview
data/images/budapest/47.495573_19.021168_h0.jpg,budapest,47.495573,19.021168,0,2025-09,streetview
data/images/budapest/47.495573_19.021168_h90.jpg,budapest,47.495573,19.021168,90,2025-09,streetview
data/images/budapest/47.495573_19.021168_h180.jpg,budapest,47.495573,19.021168,180,2025-09,streetview
data/images/budapest/47.495573_19.021168_h270.jpg,budapest,47.495573,19.021168,270,2025-09,streetview
data/images/budapest/47.467546_19.043487_h0.jpg,budapest,47.467546,19.043487,0,2024-06,streetview
data/images/budapest/47.467546_19.043487_h90.jpg,budapest,47.467546,19.043487,90,2024-06,streetview
data/images/budapest/47.467546_19.043487_h180.jpg,budapest,47.467546,19.043487,180,2024-06,streetview
data/images/budapest/47.467546_19.043487_h270.jpg,budapest,47.467546,19.043487,270,2024-06,streetview
data/images/budapest/47.514977_19.061074_h0.jpg,budapest,47.514977,19.061074,0,2024-06,streetview
data/images/budapest/47.514977_19.061074_h90.jpg,budapest,47.514977,19.061074,90,2024-06,streetview
data/images/budapest/47.514977_19.061074_h180.jpg,budapest,47.514977,19.061074,180,2024-06,streetview
data/images/budapest/47.514977_19.061074_h270.jpg,budapest,47.514977,19.061074,270,2024-06,streetview
data/images/budapest/47.479404_19.089749_h0.jpg,budapest,47.479404,19.089749,0,2025-08,streetview
data/images/budapest/47.479404_19.089749_h90.jpg,budapest,47.479404,19.089749,90,2025-08,streetview
data/images/budapest/47.479404_19.089749_h180.jpg,budapest,47.479404,19.089749,180,2025-08,streetview
data/images/budapest/47.479404_19.089749_h270.jpg,budapest,47.479404,19.089749,270,2025-08,streetview
data/images/budapest/47.503119_19.078615_h0.jpg,budapest,47.503119,19.078615,0,2024-06,streetview
data/images/budapest/47.503119_19.078615_h90.jpg,budapest,47.503119,19.078615,90,2024-06,streetview
data/images/budapest/47.503119_19.078615_h180.jpg,budapest,47.503119,19.078615,180,2024-06,streetview
data/images/budapest/47.503119_19.078615_h270.jpg,budapest,47.503119,19.078615,270,2024-06,streetview
data/images/budapest/47.508509_19.021171_h0.jpg,budapest,47.508509,19.021171,0,2024-04,streetview
data/images/budapest/47.508509_19.021171_h90.jpg,budapest,47.508509,19.021171,90,2024-04,streetview
data/images/budapest/47.508509_19.021171_h180.jpg,budapest,47.508509,19.021171,180,2024-04,streetview
data/images/budapest/47.508509_19.021171_h270.jpg,budapest,47.508509,19.021171,270,2024-04,streetview
data/images/budapest/47.520367_19.025962_h0.jpg,budapest,47.520367,19.025962,0,2025-09,streetview
data/images/budapest/47.520367_19.025962_h90.jpg,budapest,47.520367,19.025962,90,2025-09,streetview
data/images/budapest/47.520367_19.025962_h180.jpg,budapest,47.520367,19.025962,180,2025-09,streetview
data/images/budapest/47.520367_19.025962_h270.jpg,budapest,47.520367,19.025962,270,2025-09,streetview
data/images/budapest/47.482637_19.049877_h0.jpg,budapest,47.482637,19.049877,0,2025-09,streetview
data/images/budapest/47.482637_19.049877_h90.jpg,budapest,47.482637,19.049877,90,2025-09,streetview
data/images/budapest/47.482637_19.049877_h180.jpg,budapest,47.482637,19.049877,180,2025-09,streetview
data/images/budapest/47.482637_19.049877_h270.jpg,budapest,47.482637,19.049877,270,2025-09,streetview
data/images/budapest/47.506353_19.037129_h0.jpg,budapest,47.506353,19.037129,0,2025-09,streetview
data/images/budapest/47.506353_19.037129_h90.jpg,budapest,47.506353,19.037129,90,2025-09,streetview
data/images/budapest/47.506353_19.037129_h180.jpg,budapest,47.506353,19.037129,180,2025-09,streetview
data/images/budapest/47.506353_19.037129_h270.jpg,budapest,47.506353,19.037129,270,2025-09,streetview
data/images/budapest/47.499885_19.016382_h0.jpg,budapest,47.499885,19.016382,0,2022-04,streetview
data/images/budapest/47.499885_19.016382_h90.jpg,budapest,47.499885,19.016382,90,2022-04,streetview
data/images/budapest/47.499885_19.016382_h180.jpg,budapest,47.499885,19.016382,180,2022-04,streetview
data/images/budapest/47.499885_19.016382_h270.jpg,budapest,47.499885,19.016382,270,2022-04,streetview
data/images/budapest/47.521444_19.029155_h0.jpg,budapest,47.521444,19.029155,0,2020-04,streetview
data/images/budapest/47.521444_19.029155_h90.jpg,budapest,47.521444,19.029155,90,2020-04,streetview
data/images/budapest/47.521444_19.029155_h180.jpg,budapest,47.521444,19.029155,180,2020-04,streetview
data/images/budapest/47.521444_19.029155_h270.jpg,budapest,47.521444,19.029155,270,2020-04,streetview
data/images/budapest/47.494495_19.025954_h0.jpg,budapest,47.494495,19.025954,0,2024-06,streetview
data/images/budapest/47.494495_19.025954_h90.jpg,budapest,47.494495,19.025954,90,2024-06,streetview
data/images/budapest/47.494495_19.025954_h180.jpg,budapest,47.494495,19.025954,180,2024-06,streetview
data/images/budapest/47.494495_19.025954_h270.jpg,budapest,47.494495,19.025954,270,2024-06,streetview
data/images/budapest/47.495573_19.061055_h0.jpg,budapest,47.495573,19.061055,0,2024-06,streetview
data/images/budapest/47.495573_19.061055_h90.jpg,budapest,47.495573,19.061055,90,2024-06,streetview
data/images/budapest/47.495573_19.061055_h180.jpg,budapest,47.495573,19.061055,180,2024-06,streetview
data/images/budapest/47.495573_19.061055_h270.jpg,budapest,47.495573,19.061055,270,2024-06,streetview
data/images/budapest/47.510665_19.062666_h0.jpg,budapest,47.510665,19.062666,0,2024-06,streetview
data/images/budapest/47.510665_19.062666_h90.jpg,budapest,47.510665,19.062666,90,2024-06,streetview
data/images/budapest/47.510665_19.062666_h180.jpg,budapest,47.510665,19.062666,180,2024-06,streetview
data/images/budapest/47.510665_19.062666_h270.jpg,budapest,47.510665,19.062666,270,2024-06,streetview
data/images/budapest/47.520367_19.017981_h0.jpg,budapest,47.520367,19.017981,0,2025-09,streetview
data/images/budapest/47.520367_19.017981_h90.jpg,budapest,47.520367,19.017981,90,2025-09,streetview
data/images/budapest/47.520367_19.017981_h180.jpg,budapest,47.520367,19.017981,180,2025-09,streetview
data/images/budapest/47.520367_19.017981_h270.jpg,budapest,47.520367,19.017981,270,2025-09,streetview
data/images/budapest/47.522522_19.021174_h0.jpg,budapest,47.522522,19.021174,0,2025-09,streetview
data/images/budapest/47.522522_19.021174_h90.jpg,budapest,47.522522,19.021174,90,2025-09,streetview
data/images/budapest/47.522522_19.021174_h180.jpg,budapest,47.522522,19.021174,180,2025-09,streetview
data/images/budapest/47.522522_19.021174_h270.jpg,budapest,47.522522,19.021174,270,2025-09,streetview
data/images/budapest/47.483715_19.043497_h0.jpg,budapest,47.483715,19.043497,0,2025-09,streetview
data/images/budapest/47.483715_19.043497_h90.jpg,budapest,47.483715,19.043497,90,2025-09,streetview
data/images/budapest/47.483715_19.043497_h180.jpg,budapest,47.483715,19.043497,180,2025-09,streetview
data/images/budapest/47.483715_19.043497_h270.jpg,budapest,47.483715,19.043497,270,2025-09,streetview
data/images/budapest/47.467546_19.014784_h0.jpg,budapest,47.467546,19.014784,0,2024-06,streetview
data/images/budapest/47.467546_19.014784_h90.jpg,budapest,47.467546,19.014784,90,2024-06,streetview
data/images/budapest/47.467546_19.014784_h180.jpg,budapest,47.467546,19.014784,180,2024-06,streetview
data/images/budapest/47.467546_19.014784_h270.jpg,budapest,47.467546,19.014784,270,2024-06,streetview
data/images/budapest/47.509587_19.089795_h0.jpg,budapest,47.509587,19.089795,0,2018-07,streetview
data/images/budapest/47.509587_19.089795_h90.jpg,budapest,47.509587,19.089795,90,2018-07,streetview
data/images/budapest/47.509587_19.089795_h180.jpg,budapest,47.509587,19.089795,180,2018-07,streetview
data/images/budapest/47.509587_19.089795_h270.jpg,budapest,47.509587,19.089795,270,2018-07,streetview
data/images/budapest/47.510665_19.097776_h0.jpg,budapest,47.510665,19.097776,0,2025-08,streetview
data/images/budapest/47.510665_19.097776_h90.jpg,budapest,47.510665,19.097776,90,2025-08,streetview
data/images/budapest/47.510665_19.097776_h180.jpg,budapest,47.510665,19.097776,180,2025-08,streetview
data/images/budapest/47.510665_19.097776_h270.jpg,budapest,47.510665,19.097776,270,2025-08,streetview
data/images/budapest/47.512821_19.072244_h0.jpg,budapest,47.512821,19.072244,0,2025-08,streetview
data/images/budapest/47.512821_19.072244_h90.jpg,budapest,47.512821,19.072244,90,2025-08,streetview
data/images/budapest/47.512821_19.072244_h180.jpg,budapest,47.512821,19.072244,180,2025-08,streetview
data/images/budapest/47.512821_19.072244_h270.jpg,budapest,47.512821,19.072244,270,2025-08,streetview
data/images/budapest/47.509587_19.070644_h0.jpg,budapest,47.509587,19.070644,0,2025-08,streetview
data/images/budapest/47.509587_19.070644_h90.jpg,budapest,47.509587,19.070644,90,2025-08,streetview
data/images/budapest/47.509587_19.070644_h180.jpg,budapest,47.509587,19.070644,180,2025-08,streetview
data/images/budapest/47.509587_19.070644_h270.jpg,budapest,47.509587,19.070644,270,2025-08,streetview
data/images/budapest/47.46539_19.025946_h0.jpg,budapest,47.46539,19.025946,0,2025-09,streetview
data/images/budapest/47.46539_19.025946_h90.jpg,budapest,47.46539,19.025946,90,2025-09,streetview
data/images/budapest/47.46539_19.025946_h180.jpg,budapest,47.46539,19.025946,180,2025-09,streetview
data/images/budapest/47.46539_19.025946_h270.jpg,budapest,47.46539,19.025946,270,2025-09,streetview
data/images/budapest/47.489105_19.065835_h0.jpg,budapest,47.489105,19.065835,0,2025-09,streetview
data/images/budapest/47.489105_19.065835_h90.jpg,budapest,47.489105,19.065835,90,2025-09,streetview
data/images/budapest/47.489105_19.065835_h180.jpg,budapest,47.489105,19.065835,180,2025-09,streetview
data/images/budapest/47.489105_19.065835_h270.jpg,budapest,47.489105,19.065835,270,2025-09,streetview
data/images/budapest/47.469702_19.083355_h0.jpg,budapest,47.469702,19.083355,0,2025-09,streetview
data/images/budapest/47.469702_19.083355_h90.jpg,budapest,47.469702,19.083355,90,2025-09,streetview
data/images/budapest/47.469702_19.083355_h180.jpg,budapest,47.469702,19.083355,180,2025-09,streetview
data/images/budapest/47.469702_19.083355_h270.jpg,budapest,47.469702,19.083355,270,2025-09,streetview
data/images/budapest/47.483715_19.051473_h0.jpg,budapest,47.483715,19.051473,0,2018-04,streetview
data/images/budapest/47.483715_19.051473_h90.jpg,budapest,47.483715,19.051473,90,2018-04,streetview
data/images/budapest/47.483715_19.051473_h180.jpg,budapest,47.483715,19.051473,180,2018-04,streetview
data/images/budapest/47.483715_19.051473_h270.jpg,budapest,47.483715,19.051473,270,2018-04,streetview
data/images/budapest/47.503119_19.086593_h0.jpg,budapest,47.503119,19.086593,0,2025-08,streetview
data/images/budapest/47.503119_19.086593_h90.jpg,budapest,47.503119,19.086593,90,2025-08,streetview
data/images/budapest/47.503119_19.086593_h180.jpg,budapest,47.503119,19.086593,180,2025-08,streetview
data/images/budapest/47.503119_19.086593_h270.jpg,budapest,47.503119,19.086593,270,2025-08,streetview
data/images/budapest/47.522522_19.014789_h0.jpg,budapest,47.522522,19.014789,0,2023-09,streetview
data/images/budapest/47.522522_19.014789_h90.jpg,budapest,47.522522,19.014789,90,2023-09,streetview
data/images/budapest/47.522522_19.014789_h180.jpg,budapest,47.522522,19.014789,180,2023-09,streetview
data/images/budapest/47.522522_19.014789_h270.jpg,budapest,47.522522,19.014789,270,2023-09,streetview
data/images/budapest/47.486949_19.027547_h0.jpg,budapest,47.486949,19.027547,0,2025-09,streetview
data/images/budapest/47.486949_19.027547_h90.jpg,budapest,47.486949,19.027547,90,2025-09,streetview
data/images/budapest/47.486949_19.027547_h180.jpg,budapest,47.486949,19.027547,180,2025-09,streetview
data/images/budapest/47.486949_19.027547_h270.jpg,budapest,47.486949,19.027547,270,2025-09,streetview
data/images/budapest/47.479404_19.097724_h0.jpg,budapest,47.479404,19.097724,0,2025-08,streetview
data/images/budapest/47.479404_19.097724_h90.jpg,budapest,47.479404,19.097724,90,2025-08,streetview
data/images/budapest/47.479404_19.097724_h180.jpg,budapest,47.479404,19.097724,180,2025-08,streetview
data/images/budapest/47.479404_19.097724_h270.jpg,budapest,47.479404,19.097724,270,2025-08,streetview
data/images/budapest/47.467546_19.01_h0.jpg,budapest,47.467546,19.01,0,2025-09,streetview
data/images/budapest/47.467546_19.01_h90.jpg,budapest,47.467546,19.01,90,2025-09,streetview
data/images/budapest/47.467546_19.01_h180.jpg,budapest,47.467546,19.01,180,2025-09,streetview
data/images/budapest/47.467546_19.01_h270.jpg,budapest,47.467546,19.01,270,2025-09,streetview
data/images/budapest/47.485871_19.078592_h0.jpg,budapest,47.485871,19.078592,0,2024-08,streetview
data/images/budapest/47.485871_19.078592_h90.jpg,budapest,47.485871,19.078592,90,2024-08,streetview
data/images/budapest/47.485871_19.078592_h180.jpg,budapest,47.485871,19.078592,180,2024-08,streetview
data/images/budapest/47.485871_19.078592_h270.jpg,budapest,47.485871,19.078592,270,2024-08,streetview
data/images/budapest/47.527912_19.078647_h0.jpg,budapest,47.527912,19.078647,0,2025-08,streetview
data/images/budapest/47.527912_19.078647_h90.jpg,budapest,47.527912,19.078647,90,2025-08,streetview
data/images/budapest/47.527912_19.078647_h180.jpg,budapest,47.527912,19.078647,180,2025-08,streetview
data/images/budapest/47.527912_19.078647_h270.jpg,budapest,47.527912,19.078647,270,2025-08,streetview
data/images/budapest/47.488027_19.062643_h0.jpg,budapest,47.488027,19.062643,0,2024-06,streetview
data/images/budapest/47.488027_19.062643_h90.jpg,budapest,47.488027,19.062643,90,2024-06,streetview
data/images/budapest/47.488027_19.062643_h180.jpg,budapest,47.488027,19.062643,180,2024-06,streetview
data/images/budapest/47.488027_19.062643_h270.jpg,budapest,47.488027,19.062643,270,2024-06,streetview
data/images/budapest/47.481559_19.070612_h0.jpg,budapest,47.481559,19.070612,0,2025-08,streetview
data/images/budapest/47.481559_19.070612_h90.jpg,budapest,47.481559,19.070612,90,2025-08,streetview
data/images/budapest/47.481559_19.070612_h180.jpg,budapest,47.481559,19.070612,180,2025-08,streetview
data/images/budapest/47.481559_19.070612_h270.jpg,budapest,47.481559,19.070612,270,2025-08,streetview
data/images/budapest/47.521444_19.025963_h0.jpg,budapest,47.521444,19.025963,0,2025-09,streetview
data/images/budapest/47.521444_19.025963_h90.jpg,budapest,47.521444,19.025963,90,2025-09,streetview
data/images/budapest/47.521444_19.025963_h180.jpg,budapest,47.521444,19.025963,180,2025-09,streetview
data/images/budapest/47.521444_19.025963_h270.jpg,budapest,47.521444,19.025963,270,2025-09,streetview
data/images/budapest/47.475092_19.029138_h0.jpg,budapest,47.475092,19.029138,0,2025-09,streetview
data/images/budapest/47.475092_19.029138_h90.jpg,budapest,47.475092,19.029138,90,2025-09,streetview
data/images/budapest/47.475092_19.029138_h180.jpg,budapest,47.475092,19.029138,180,2025-09,streetview
data/images/budapest/47.475092_19.029138_h270.jpg,budapest,47.475092,19.029138,270,2025-09,streetview
data/images/budapest/47.488027_19.056262_h0.jpg,budapest,47.488027,19.056262,0,2024-06,streetview
data/images/budapest/47.488027_19.056262_h90.jpg,budapest,47.488027,19.056262,90,2024-06,streetview
data/images/budapest/47.488027_19.056262_h180.jpg,budapest,47.488027,19.056262,180,2024-06,streetview
data/images/budapest/47.488027_19.056262_h270.jpg,budapest,47.488027,19.056262,270,2024-06,streetview
data/images/budapest/47.486949_19.038714_h0.jpg,budapest,47.486949,19.038714,0,2025-09,streetview
data/images/budapest/47.486949_19.038714_h90.jpg,budapest,47.486949,19.038714,90,2025-09,streetview
data/images/budapest/47.486949_19.038714_h180.jpg,budapest,47.486949,19.038714,180,2025-09,streetview
data/images/budapest/47.486949_19.038714_h270.jpg,budapest,47.486949,19.038714,270,2025-09,streetview
data/images/budapest/47.474014_19.045086_h0.jpg,budapest,47.474014,19.045086,0,2025-09,streetview
data/images/budapest/47.474014_19.045086_h90.jpg,budapest,47.474014,19.045086,90,2025-09,streetview
data/images/budapest/47.474014_19.045086_h180.jpg,budapest,47.474014,19.045086,180,2025-09,streetview
data/images/budapest/47.474014_19.045086_h270.jpg,budapest,47.474014,19.045086,270,2025-09,streetview
data/images/budapest/47.493417_19.067434_h0.jpg,budapest,47.493417,19.067434,0,2025-08,streetview
data/images/budapest/47.493417_19.067434_h90.jpg,budapest,47.493417,19.067434,90,2025-08,streetview
data/images/budapest/47.493417_19.067434_h180.jpg,budapest,47.493417,19.067434,180,2025-08,streetview
data/images/budapest/47.493417_19.067434_h270.jpg,budapest,47.493417,19.067434,270,2025-08,streetview
data/images/budapest/47.530068_19.027562_h0.jpg,budapest,47.530068,19.027562,0,2025-09,streetview
data/images/budapest/47.530068_19.027562_h90.jpg,budapest,47.530068,19.027562,90,2025-09,streetview
data/images/budapest/47.530068_19.027562_h180.jpg,budapest,47.530068,19.027562,180,2025-09,streetview
data/images/budapest/47.530068_19.027562_h270.jpg,budapest,47.530068,19.027562,270,2025-09,streetview
data/images/budapest/47.509587_19.04511_h0.jpg,budapest,47.509587,19.04511,0,2024-06,streetview
data/images/budapest/47.509587_19.04511_h90.jpg,budapest,47.509587,19.04511,90,2024-06,streetview
data/images/budapest/47.509587_19.04511_h180.jpg,budapest,47.509587,19.04511,180,2024-06,streetview
data/images/budapest/47.509587_19.04511_h270.jpg,budapest,47.509587,19.04511,270,2024-06,streetview
data/images/budapest/47.538692_19.069081_h0.jpg,budapest,47.538692,19.069081,0,2024-06,streetview
data/images/budapest/47.538692_19.069081_h90.jpg,budapest,47.538692,19.069081,90,2024-06,streetview
data/images/budapest/47.538692_19.069081_h180.jpg,budapest,47.538692,19.069081,180,2024-06,streetview
data/images/budapest/47.538692_19.069081_h270.jpg,budapest,47.538692,19.069081,270,2024-06,streetview
data/images/budapest/47.527912_19.057894_h0.jpg,budapest,47.527912,19.057894,0,2025-09,streetview
data/images/budapest/47.527912_19.057894_h90.jpg,budapest,47.527912,19.057894,90,2025-09,streetview
data/images/budapest/47.527912_19.057894_h180.jpg,budapest,47.527912,19.057894,180,2025-09,streetview
data/images/budapest/47.527912_19.057894_h270.jpg,budapest,47.527912,19.057894,270,2025-09,streetview
data/images/budapest/47.491261_19.021167_h0.jpg,budapest,47.491261,19.021167,0,2024-06,streetview
data/images/budapest/47.491261_19.021167_h90.jpg,budapest,47.491261,19.021167,90,2024-06,streetview
data/images/budapest/47.491261_19.021167_h180.jpg,budapest,47.491261,19.021167,180,2024-06,streetview
data/images/budapest/47.491261_19.021167_h270.jpg,budapest,47.491261,19.021167,270,2024-06,streetview
data/images/budapest/47.510665_19.099372_h0.jpg,budapest,47.510665,19.099372,0,2025-09,streetview
data/images/budapest/47.510665_19.099372_h90.jpg,budapest,47.510665,19.099372,90,2025-09,streetview
data/images/budapest/47.510665_19.099372_h180.jpg,budapest,47.510665,19.099372,180,2025-09,streetview
data/images/budapest/47.510665_19.099372_h270.jpg,budapest,47.510665,19.099372,270,2025-09,streetview
data/images/budapest/47.522522_19.093007_h0.jpg,budapest,47.522522,19.093007,0,2025-08,streetview
data/images/budapest/47.522522_19.093007_h90.jpg,budapest,47.522522,19.093007,90,2025-08,streetview
data/images/budapest/47.522522_19.093007_h180.jpg,budapest,47.522522,19.093007,180,2025-08,streetview
data/images/budapest/47.522522_19.093007_h270.jpg,budapest,47.522522,19.093007,270,2025-08,streetview
data/images/budapest/47.527912_19.077051_h0.jpg,budapest,47.527912,19.077051,0,2024-06,streetview
data/images/budapest/47.527912_19.077051_h90.jpg,budapest,47.527912,19.077051,90,2024-06,streetview
data/images/budapest/47.527912_19.077051_h180.jpg,budapest,47.527912,19.077051,180,2024-06,streetview
data/images/budapest/47.527912_19.077051_h270.jpg,budapest,47.527912,19.077051,270,2024-06,streetview
data/images/budapest/47.520367_19.097792_h0.jpg,budapest,47.520367,19.097792,0,2025-08,streetview
data/images/budapest/47.520367_19.097792_h90.jpg,budapest,47.520367,19.097792,90,2025-08,streetview
data/images/budapest/47.520367_19.097792_h180.jpg,budapest,47.520367,19.097792,180,2025-08,streetview
data/images/budapest/47.520367_19.097792_h270.jpg,budapest,47.520367,19.097792,270,2025-08,streetview
data/images/budapest/47.500963_19.083399_h0.jpg,budapest,47.500963,19.083399,0,2024-07,streetview
data/images/budapest/47.500963_19.083399_h90.jpg,budapest,47.500963,19.083399,90,2024-07,streetview
data/images/budapest/47.500963_19.083399_h180.jpg,budapest,47.500963,19.083399,180,2024-07,streetview
data/images/budapest/47.500963_19.083399_h270.jpg,budapest,47.500963,19.083399,270,2024-07,streetview
data/images/budapest/47.517133_19.013192_h0.jpg,budapest,47.517133,19.013192,0,2025-09,streetview
data/images/budapest/47.517133_19.013192_h90.jpg,budapest,47.517133,19.013192,90,2025-09,streetview
data/images/budapest/47.517133_19.013192_h180.jpg,budapest,47.517133,19.013192,180,2025-09,streetview
data/images/budapest/47.517133_19.013192_h270.jpg,budapest,47.517133,19.013192,270,2025-09,streetview
data/images/budapest/47.493417_19.053076_h0.jpg,budapest,47.493417,19.053076,0,2024-08,streetview
data/images/budapest/47.493417_19.053076_h90.jpg,budapest,47.493417,19.053076,90,2024-08,streetview
data/images/budapest/47.493417_19.053076_h180.jpg,budapest,47.493417,19.053076,180,2024-08,streetview
data/images/budapest/47.493417_19.053076_h270.jpg,budapest,47.493417,19.053076,270,2024-08,streetview
data/images/budapest/47.52899_19.061087_h0.jpg,budapest,47.52899,19.061087,0,2022-02,streetview
data/images/budapest/47.52899_19.061087_h90.jpg,budapest,47.52899,19.061087,90,2022-02,streetview
data/images/budapest/47.52899_19.061087_h180.jpg,budapest,47.52899,19.061087,180,2022-02,streetview
data/images/budapest/47.52899_19.061087_h270.jpg,budapest,47.52899,19.061087,270,2022-02,streetview
data/images/budapest/47.478326_19.011595_h0.jpg,budapest,47.478326,19.011595,0,2024-06,streetview
data/images/budapest/47.478326_19.011595_h90.jpg,budapest,47.478326,19.011595,90,2024-06,streetview
data/images/budapest/47.478326_19.011595_h180.jpg,budapest,47.478326,19.011595,180,2024-06,streetview
data/images/budapest/47.478326_19.011595_h270.jpg,budapest,47.478326,19.011595,270,2024-06,streetview
data/images/budapest/47.522522_19.06587_h0.jpg,budapest,47.522522,19.06587,0,2025-08,streetview
data/images/budapest/47.522522_19.06587_h90.jpg,budapest,47.522522,19.06587,90,2025-08,streetview
data/images/budapest/47.522522_19.06587_h180.jpg,budapest,47.522522,19.06587,180,2025-08,streetview
data/images/budapest/47.522522_19.06587_h270.jpg,budapest,47.522522,19.06587,270,2025-08,streetview
data/images/budapest/47.469702_19.06103_h0.jpg,budapest,47.469702,19.06103,0,2025-09,streetview
data/images/budapest/47.469702_19.06103_h90.jpg,budapest,47.469702,19.06103,90,2025-09,streetview
data/images/budapest/47.469702_19.06103_h180.jpg,budapest,47.469702,19.06103,180,2025-09,streetview
data/images/budapest/47.469702_19.06103_h270.jpg,budapest,47.469702,19.06103,270,2025-09,streetview
data/images/budapest/47.496651_19.083393_h0.jpg,budapest,47.496651,19.083393,0,2024-06,streetview
data/images/budapest/47.496651_19.083393_h90.jpg,budapest,47.496651,19.083393,90,2024-06,streetview
data/images/budapest/47.496651_19.083393_h180.jpg,budapest,47.496651,19.083393,180,2024-06,streetview
data/images/budapest/47.496651_19.083393_h270.jpg,budapest,47.496651,19.083393,270,2024-06,streetview
data/images/budapest/47.520367_19.072253_h0.jpg,budapest,47.520367,19.072253,0,2024-06,streetview
data/images/budapest/47.520367_19.072253_h90.jpg,budapest,47.520367,19.072253,90,2024-06,streetview
data/images/budapest/47.520367_19.072253_h180.jpg,budapest,47.520367,19.072253,180,2024-06,streetview
data/images/budapest/47.520367_19.072253_h270.jpg,budapest,47.520367,19.072253,270,2024-06,streetview
data/images/budapest/47.466468_19.013189_h0.jpg,budapest,47.466468,19.013189,0,2025-09,streetview
data/images/budapest/47.466468_19.013189_h90.jpg,budapest,47.466468,19.013189,90,2025-09,streetview
data/images/budapest/47.466468_19.013189_h180.jpg,budapest,47.466468,19.013189,180,2025-09,streetview
data/images/budapest/47.466468_19.013189_h270.jpg,budapest,47.466468,19.013189,270,2025-09,streetview
data/images/budapest/47.46539_19.053053_h0.jpg,budapest,47.46539,19.053053,0,2025-09,streetview
data/images/budapest/47.46539_19.053053_h90.jpg,budapest,47.46539,19.053053,90,2025-09,streetview
data/images/budapest/47.46539_19.053053_h180.jpg,budapest,47.46539,19.053053,180,2025-09,streetview
data/images/budapest/47.46539_19.053053_h270.jpg,budapest,47.46539,19.053053,270,2025-09,streetview
data/images/budapest/47.520367_19.02277_h0.jpg,budapest,47.520367,19.02277,0,2025-09,streetview
data/images/budapest/47.520367_19.02277_h90.jpg,budapest,47.520367,19.02277,90,2025-09,streetview
data/images/budapest/47.520367_19.02277_h180.jpg,budapest,47.520367,19.02277,180,2025-09,streetview
data/images/budapest/47.520367_19.02277_h270.jpg,budapest,47.520367,19.02277,270,2025-09,streetview
data/images/budapest/47.535458_19.093027_h0.jpg,budapest,47.535458,19.093027,0,2022-05,streetview
data/images/budapest/47.535458_19.093027_h90.jpg,budapest,47.535458,19.093027,90,2022-05,streetview
data/images/budapest/47.535458_19.093027_h180.jpg,budapest,47.535458,19.093027,180,2022-05,streetview
data/images/budapest/47.535458_19.093027_h270.jpg,budapest,47.535458,19.093027,270,2022-05,streetview
data/images/budapest/47.527912_19.08184_h0.jpg,budapest,47.527912,19.08184,0,2025-08,streetview
data/images/budapest/47.527912_19.08184_h90.jpg,budapest,47.527912,19.08184,90,2025-08,streetview
data/images/budapest/47.527912_19.08184_h180.jpg,budapest,47.527912,19.08184,180,2025-08,streetview
data/images/budapest/47.527912_19.08184_h270.jpg,budapest,47.527912,19.08184,270,2025-08,streetview
data/images/budapest/47.484793_19.092947_h0.jpg,budapest,47.484793,19.092947,0,2024-06,streetview
data/images/budapest/47.484793_19.092947_h90.jpg,budapest,47.484793,19.092947,90,2024-06,streetview
data/images/budapest/47.484793_19.092947_h180.jpg,budapest,47.484793,19.092947,180,2024-06,streetview
data/images/budapest/47.484793_19.092947_h270.jpg,budapest,47.484793,19.092947,270,2024-06,streetview
data/images/budapest/47.513899_19.027556_h0.jpg,budapest,47.513899,19.027556,0,2025-09,streetview
data/images/budapest/47.513899_19.027556_h90.jpg,budapest,47.513899,19.027556,90,2025-09,streetview
data/images/budapest/47.513899_19.027556_h180.jpg,budapest,47.513899,19.027556,180,2025-09,streetview
data/images/budapest/47.513899_19.027556_h270.jpg,budapest,47.513899,19.027556,270,2025-09,streetview
data/images/budapest/47.462156_19.041889_h0.jpg,budapest,47.462156,19.041889,0,2025-09,streetview
data/images/budapest/47.462156_19.041889_h90.jpg,budapest,47.462156,19.041889,90,2025-09,streetview
data/images/budapest/47.462156_19.041889_h180.jpg,budapest,47.462156,19.041889,180,2025-09,streetview
data/images/budapest/47.462156_19.041889_h270.jpg,budapest,47.462156,19.041889,270,2025-09,streetview
data/images/budapest/47.536536_19.089836_h0.jpg,budapest,47.536536,19.089836,0,2025-08,streetview
data/images/budapest/47.536536_19.089836_h90.jpg,budapest,47.536536,19.089836,90,2025-08,streetview
data/images/budapest/47.536536_19.089836_h180.jpg,budapest,47.536536,19.089836,180,2025-08,streetview
data/images/budapest/47.536536_19.089836_h270.jpg,budapest,47.536536,19.089836,270,2025-08,streetview
data/images/budapest/47.521444_19.059484_h0.jpg,budapest,47.521444,19.059484,0,2025-09,streetview
data/images/budapest/47.521444_19.059484_h90.jpg,budapest,47.521444,19.059484,90,2025-09,streetview
data/images/budapest/47.521444_19.059484_h180.jpg,budapest,47.521444,19.059484,180,2025-09,streetview
data/images/budapest/47.521444_19.059484_h270.jpg,budapest,47.521444,19.059484,270,2025-09,streetview
data/images/budapest/47.53438_19.035546_h0.jpg,budapest,47.53438,19.035546,0,2025-09,streetview
data/images/budapest/47.53438_19.035546_h90.jpg,budapest,47.53438,19.035546,90,2025-09,streetview
data/images/budapest/47.53438_19.035546_h180.jpg,budapest,47.53438,19.035546,180,2025-09,streetview
data/images/budapest/47.53438_19.035546_h270.jpg,budapest,47.53438,19.035546,270,2025-09,streetview
data/images/budapest/47.500963_19.024361_h0.jpg,budapest,47.500963,19.024361,0,2025-09,streetview
data/images/budapest/47.500963_19.024361_h90.jpg,budapest,47.500963,19.024361,90,2025-09,streetview
data/images/budapest/47.500963_19.024361_h180.jpg,budapest,47.500963,19.024361,180,2025-09,streetview
data/images/budapest/47.500963_19.024361_h270.jpg,budapest,47.500963,19.024361,270,2025-09,streetview
data/images/budapest/47.491261_19.013191_h0.jpg,budapest,47.491261,19.013191,0,2025-09,streetview
data/images/budapest/47.491261_19.013191_h90.jpg,budapest,47.491261,19.013191,90,2025-09,streetview
data/images/budapest/47.491261_19.013191_h180.jpg,budapest,47.491261,19.013191,180,2025-09,streetview
data/images/budapest/47.491261_19.013191_h270.jpg,budapest,47.491261,19.013191,270,2025-09,streetview
data/images/budapest/47.530068_19.040334_h0.jpg,budapest,47.530068,19.040334,0,2022-03,streetview
data/images/budapest/47.530068_19.040334_h90.jpg,budapest,47.530068,19.040334,90,2022-03,streetview
data/images/budapest/47.530068_19.040334_h180.jpg,budapest,47.530068,19.040334,180,2022-03,streetview
data/images/budapest/47.530068_19.040334_h270.jpg,budapest,47.530068,19.040334,270,2022-03,streetview
data/images/budapest/47.491261_19.065837_h0.jpg,budapest,47.491261,19.065837,0,2024-06,streetview
data/images/budapest/47.491261_19.065837_h90.jpg,budapest,47.491261,19.065837,90,2024-06,streetview
data/images/budapest/47.491261_19.065837_h180.jpg,budapest,47.491261,19.065837,180,2024-06,streetview
data/images/budapest/47.491261_19.065837_h270.jpg,budapest,47.491261,19.065837,270,2024-06,streetview
data/images/budapest/47.522522_19.064274_h0.jpg,budapest,47.522522,19.064274,0,2024-04,streetview
data/images/budapest/47.522522_19.064274_h90.jpg,budapest,47.522522,19.064274,90,2024-04,streetview
data/images/budapest/47.522522_19.064274_h180.jpg,budapest,47.522522,19.064274,180,2024-04,streetview
data/images/budapest/47.522522_19.064274_h270.jpg,budapest,47.522522,19.064274,270,2024-04,streetview
data/images/budapest/47.5236_19.099394_h0.jpg,budapest,47.5236,19.099394,0,2025-08,streetview
data/images/budapest/47.5236_19.099394_h90.jpg,budapest,47.5236,19.099394,90,2025-08,streetview
data/images/budapest/47.5236_19.099394_h180.jpg,budapest,47.5236,19.099394,180,2025-08,streetview
data/images/budapest/47.5236_19.099394_h270.jpg,budapest,47.5236,19.099394,270,2025-08,streetview
data/images/budapest/47.516055_19.025961_h0.jpg,budapest,47.516055,19.025961,0,2025-09,streetview
data/images/budapest/47.516055_19.025961_h90.jpg,budapest,47.516055,19.025961,90,2025-09,streetview
data/images/budapest/47.516055_19.025961_h180.jpg,budapest,47.516055,19.025961,180,2025-09,streetview
data/images/budapest/47.516055_19.025961_h270.jpg,budapest,47.516055,19.025961,270,2025-09,streetview
data/images/budapest/47.53977_19.070679_h0.jpg,budapest,47.53977,19.070679,0,2021-02,streetview
data/images/budapest/47.53977_19.070679_h90.jpg,budapest,47.53977,19.070679,90,2021-02,streetview
data/images/budapest/47.53977_19.070679_h180.jpg,budapest,47.53977,19.070679,180,2021-02,streetview
data/images/budapest/47.53977_19.070679_h270.jpg,budapest,47.53977,19.070679,270,2021-02,streetview
data/images/budapest/47.512821_19.06586_h0.jpg,budapest,47.512821,19.06586,0,2025-08,streetview
data/images/budapest/47.512821_19.06586_h90.jpg,budapest,47.512821,19.06586,90,2025-08,streetview
data/images/budapest/47.512821_19.06586_h180.jpg,budapest,47.512821,19.06586,180,2025-08,streetview
data/images/budapest/47.512821_19.06586_h270.jpg,budapest,47.512821,19.06586,270,2025-08,streetview
data/images/budapest/47.526834_19.097803_h0.jpg,budapest,47.526834,19.097803,0,2025-09,streetview
data/images/budapest/47.526834_19.097803_h90.jpg,budapest,47.526834,19.097803,90,2025-09,streetview
data/images/budapest/47.526834_19.097803_h180.jpg,budapest,47.526834,19.097803,180,2025-09,streetview
data/images/budapest/47.526834_19.097803_h270.jpg,budapest,47.526834,19.097803,270,2025-09,streetview
data/images/budapest/47.513899_19.065861_h0.jpg,budapest,47.513899,19.065861,0,2024-06,streetview
data/images/budapest/47.513899_19.065861_h90.jpg,budapest,47.513899,19.065861,90,2024-06,streetview
data/images/budapest/47.513899_19.065861_h180.jpg,budapest,47.513899,19.065861,180,2024-06,streetview
data/images/budapest/47.513899_19.065861_h270.jpg,budapest,47.513899,19.065861,270,2024-06,streetview
data/images/budapest/47.464312_19.029134_h0.jpg,budapest,47.464312,19.029134,0,2018-02,streetview
data/images/budapest/47.464312_19.029134_h90.jpg,budapest,47.464312,19.029134,90,2018-02,streetview
data/images/budapest/47.464312_19.029134_h180.jpg,budapest,47.464312,19.029134,180,2018-02,streetview
data/images/budapest/47.464312_19.029134_h270.jpg,budapest,47.464312,19.029134,270,2018-02,streetview
data/images/budapest/47.477248_19.048278_h0.jpg,budapest,47.477248,19.048278,0,2024-08,streetview
data/images/budapest/47.477248_19.048278_h90.jpg,budapest,47.477248,19.048278,90,2024-08,streetview
data/images/budapest/47.477248_19.048278_h180.jpg,budapest,47.477248,19.048278,180,2024-08,streetview
data/images/budapest/47.477248_19.048278_h270.jpg,budapest,47.477248,19.048278,270,2024-08,streetview
data/images/budapest/47.53977_19.077066_h0.jpg,budapest,47.53977,19.077066,0,2025-09,streetview
data/images/budapest/47.53977_19.077066_h90.jpg,budapest,47.53977,19.077066,90,2025-09,streetview
data/images/budapest/47.53977_19.077066_h180.jpg,budapest,47.53977,19.077066,180,2025-09,streetview
data/images/budapest/47.53977_19.077066_h270.jpg,budapest,47.53977,19.077066,270,2025-09,streetview
data/images/budapest/47.527912_19.040333_h0.jpg,budapest,47.527912,19.040333,0,2024-10,streetview
data/images/budapest/47.527912_19.040333_h90.jpg,budapest,47.527912,19.040333,90,2024-10,streetview
data/images/budapest/47.527912_19.040333_h180.jpg,budapest,47.527912,19.040333,180,2024-10,streetview
data/images/budapest/47.527912_19.040333_h270.jpg,budapest,47.527912,19.040333,270,2024-10,streetview
data/images/budapest/47.480481_19.08018_h0.jpg,budapest,47.480481,19.08018,0,2025-08,streetview
data/images/budapest/47.480481_19.08018_h90.jpg,budapest,47.480481,19.08018,90,2025-08,streetview
data/images/budapest/47.480481_19.08018_h180.jpg,budapest,47.480481,19.08018,180,2025-08,streetview
data/images/budapest/47.480481_19.08018_h270.jpg,budapest,47.480481,19.08018,270,2025-08,streetview
data/images/budapest/47.512821_19.029152_h0.jpg,budapest,47.512821,19.029152,0,2022-03,streetview
data/images/budapest/47.512821_19.029152_h90.jpg,budapest,47.512821,19.029152,90,2022-03,streetview
data/images/budapest/47.512821_19.029152_h180.jpg,budapest,47.512821,19.029152,180,2022-03,streetview
data/images/budapest/47.512821_19.029152_h270.jpg,budapest,47.512821,19.029152,270,2022-03,streetview
data/images/budapest/47.475092_19.073794_h0.jpg,budapest,47.475092,19.073794,0,2025-08,streetview
data/images/budapest/47.475092_19.073794_h90.jpg,budapest,47.475092,19.073794,90,2025-08,streetview
data/images/budapest/47.475092_19.073794_h180.jpg,budapest,47.475092,19.073794,180,2025-08,streetview
data/images/budapest/47.475092_19.073794_h270.jpg,budapest,47.475092,19.073794,270,2025-08,streetview
data/images/budapest/47.482637_19.075398_h0.jpg,budapest,47.482637,19.075398,0,2024-05,streetview
data/images/budapest/47.482637_19.075398_h90.jpg,budapest,47.482637,19.075398,90,2024-05,streetview
data/images/budapest/47.482637_19.075398_h180.jpg,budapest,47.482637,19.075398,180,2024-05,streetview
data/images/budapest/47.482637_19.075398_h270.jpg,budapest,47.482637,19.075398,270,2024-05,streetview
data/images/budapest/47.461078_19.027539_h0.jpg,budapest,47.461078,19.027539,0,2024-06,streetview
data/images/budapest/47.461078_19.027539_h90.jpg,budapest,47.461078,19.027539,90,2024-06,streetview
data/images/budapest/47.461078_19.027539_h180.jpg,budapest,47.461078,19.027539,180,2024-06,streetview
data/images/budapest/47.461078_19.027539_h270.jpg,budapest,47.461078,19.027539,270,2024-06,streetview
data/images/budapest/47.502041_19.049892_h0.jpg,budapest,47.502041,19.049892,0,2024-06,streetview
data/images/budapest/47.502041_19.049892_h90.jpg,budapest,47.502041,19.049892,90,2024-06,streetview
data/images/budapest/47.502041_19.049892_h180.jpg,budapest,47.502041,19.049892,180,2024-06,streetview
data/images/budapest/47.502041_19.049892_h270.jpg,budapest,47.502041,19.049892,270,2024-06,streetview
data/images/budapest/47.467546_19.07219_h0.jpg,budapest,47.467546,19.07219,0,2022-04,streetview
data/images/budapest/47.467546_19.07219_h90.jpg,budapest,47.467546,19.07219,90,2022-04,streetview
data/images/budapest/47.467546_19.07219_h180.jpg,budapest,47.467546,19.07219,180,2022-04,streetview
data/images/budapest/47.467546_19.07219_h270.jpg,budapest,47.467546,19.07219,270,2022-04,streetview
data/images/budapest/47.471858_19.013189_h0.jpg,budapest,47.471858,19.013189,0,2022-04,streetview
data/images/budapest/47.471858_19.013189_h90.jpg,budapest,47.471858,19.013189,90,2022-04,streetview
data/images/budapest/47.471858_19.013189_h180.jpg,budapest,47.471858,19.013189,180,2022-04,streetview
data/images/budapest/47.471858_19.013189_h270.jpg,budapest,47.471858,19.013189,270,2022-04,streetview
data/images/budapest/47.468624_19.072191_h0.jpg,budapest,47.468624,19.072191,0,2025-09,streetview
data/images/budapest/47.468624_19.072191_h90.jpg,budapest,47.468624,19.072191,90,2025-09,streetview
data/images/budapest/47.468624_19.072191_h180.jpg,budapest,47.468624,19.072191,180,2025-09,streetview
data/images/budapest/47.468624_19.072191_h270.jpg,budapest,47.468624,19.072191,270,2025-09,streetview
data/images/budapest/47.507431_19.035533_h0.jpg,budapest,47.507431,19.035533,0,2025-09,streetview
data/images/budapest/47.507431_19.035533_h90.jpg,budapest,47.507431,19.035533,90,2025-09,streetview
data/images/budapest/47.507431_19.035533_h180.jpg,budapest,47.507431,19.035533,180,2025-09,streetview
data/images/budapest/47.507431_19.035533_h270.jpg,budapest,47.507431,19.035533,270,2025-09,streetview
data/images/budapest/47.478326_19.021165_h0.jpg,budapest,47.478326,19.021165,0,2022-04,streetview
data/images/budapest/47.478326_19.021165_h90.jpg,budapest,47.478326,19.021165,90,2022-04,streetview
data/images/budapest/47.478326_19.021165_h180.jpg,budapest,47.478326,19.021165,180,2022-04,streetview
data/images/budapest/47.478326_19.021165_h270.jpg,budapest,47.478326,19.021165,270,2022-04,streetview
data/images/budapest/47.506353_19.088194_h0.jpg,budapest,47.506353,19.088194,0,2025-08,streetview
data/images/budapest/47.506353_19.088194_h90.jpg,budapest,47.506353,19.088194,90,2025-08,streetview
data/images/budapest/47.506353_19.088194_h180.jpg,budapest,47.506353,19.088194,180,2025-08,streetview
data/images/budapest/47.506353_19.088194_h270.jpg,budapest,47.506353,19.088194,270,2025-08,streetview
data/images/budapest/47.512821_19.05788_h0.jpg,budapest,47.512821,19.05788,0,2020-02,streetview
data/images/budapest/47.512821_19.05788_h90.jpg,budapest,47.512821,19.05788,90,2020-02,streetview
data/images/budapest/47.512821_19.05788_h180.jpg,budapest,47.512821,19.05788,180,2020-02,streetview
data/images/budapest/47.512821_19.05788_h270.jpg,budapest,47.512821,19.05788,270,2020-02,streetview
data/images/budapest/47.469702_19.059435_h0.jpg,budapest,47.469702,19.059435,0,2025-09,streetview
data/images/budapest/47.469702_19.059435_h90.jpg,budapest,47.469702,19.059435,90,2025-09,streetview
data/images/budapest/47.469702_19.059435_h180.jpg,budapest,47.469702,19.059435,180,2025-09,streetview
data/images/budapest/47.469702_19.059435_h270.jpg,budapest,47.469702,19.059435,270,2025-09,streetview
data/images/budapest/47.509587_19.051493_h0.jpg,budapest,47.509587,19.051493,0,2024-06,streetview
data/images/budapest/47.509587_19.051493_h90.jpg,budapest,47.509587,19.051493,90,2024-06,streetview
data/images/budapest/47.509587_19.051493_h180.jpg,budapest,47.509587,19.051493,180,2024-06,streetview
data/images/budapest/47.509587_19.051493_h270.jpg,budapest,47.509587,19.051493,270,2024-06,streetview
data/images/budapest/47.475092_19.046681_h0.jpg,budapest,47.475092,19.046681,0,2025-09,streetview
data/images/budapest/47.475092_19.046681_h90.jpg,budapest,47.475092,19.046681,90,2025-09,streetview
data/images/budapest/47.475092_19.046681_h180.jpg,budapest,47.475092,19.046681,180,2025-09,streetview
data/images/budapest/47.475092_19.046681_h270.jpg,budapest,47.475092,19.046681,270,2025-09,streetview
data/images/budapest/47.519289_19.032347_h0.jpg,budapest,47.519289,19.032347,0,2025-09,streetview
data/images/budapest/47.519289_19.032347_h90.jpg,budapest,47.519289,19.032347,90,2025-09,streetview
data/images/budapest/47.519289_19.032347_h180.jpg,budapest,47.519289,19.032347,180,2025-09,streetview
data/images/budapest/47.519289_19.032347_h270.jpg,budapest,47.519289,19.032347,270,2025-09,streetview
data/images/budapest/47.527912_19.033947_h0.jpg,budapest,47.527912,19.033947,0,2025-09,streetview
data/images/budapest/47.527912_19.033947_h90.jpg,budapest,47.527912,19.033947,90,2025-09,streetview
data/images/budapest/47.527912_19.033947_h180.jpg,budapest,47.527912,19.033947,180,2025-09,streetview
data/images/budapest/47.527912_19.033947_h270.jpg,budapest,47.527912,19.033947,270,2025-09,streetview
data/images/budapest/47.521444_19.093005_h0.jpg,budapest,47.521444,19.093005,0,2024-05,streetview
data/images/budapest/47.521444_19.093005_h90.jpg,budapest,47.521444,19.093005,90,2024-05,streetview
data/images/budapest/47.521444_19.093005_h180.jpg,budapest,47.521444,19.093005,180,2024-05,streetview
data/images/budapest/47.521444_19.093005_h270.jpg,budapest,47.521444,19.093005,270,2024-05,streetview
data/images/budapest/47.519289_19.025962_h0.jpg,budapest,47.519289,19.025962,0,2025-09,streetview
data/images/budapest/47.519289_19.025962_h90.jpg,budapest,47.519289,19.025962,90,2025-09,streetview
data/images/budapest/47.519289_19.025962_h180.jpg,budapest,47.519289,19.025962,180,2025-09,streetview
data/images/budapest/47.519289_19.025962_h270.jpg,budapest,47.519289,19.025962,270,2025-09,streetview
data/images/budapest/47.472936_19.08336_h0.jpg,budapest,47.472936,19.08336,0,2024-08,streetview
data/images/budapest/47.472936_19.08336_h90.jpg,budapest,47.472936,19.08336,90,2024-08,streetview
data/images/budapest/47.472936_19.08336_h180.jpg,budapest,47.472936,19.08336,180,2024-08,streetview
data/images/budapest/47.472936_19.08336_h270.jpg,budapest,47.472936,19.08336,270,2024-08,streetview
data/images/budapest/47.494495_19.043504_h0.jpg,budapest,47.494495,19.043504,0,2024-08,streetview
data/images/budapest/47.494495_19.043504_h90.jpg,budapest,47.494495,19.043504,90,2024-08,streetview
data/images/budapest/47.494495_19.043504_h180.jpg,budapest,47.494495,19.043504,180,2024-08,streetview
data/images/budapest/47.494495_19.043504_h270.jpg,budapest,47.494495,19.043504,270,2024-08,streetview
data/images/budapest/47.468624_19.057839_h0.jpg,budapest,47.468624,19.057839,0,2025-09,streetview
data/images/budapest/47.468624_19.057839_h90.jpg,budapest,47.468624,19.057839,90,2025-09,streetview
data/images/budapest/47.468624_19.057839_h180.jpg,budapest,47.468624,19.057839,180,2025-09,streetview
data/images/budapest/47.468624_19.057839_h270.jpg,budapest,47.468624,19.057839,270,2025-09,streetview
data/images/budapest/47.5236_19.030752_h0.jpg,budapest,47.5236,19.030752,0,2025-09,streetview
data/images/budapest/47.5236_19.030752_h90.jpg,budapest,47.5236,19.030752,90,2025-09,streetview
data/images/budapest/47.5236_19.030752_h180.jpg,budapest,47.5236,19.030752,180,2025-09,streetview
data/images/budapest/47.5236_19.030752_h270.jpg,budapest,47.5236,19.030752,270,2025-09,streetview
data/images/budapest/47.481559_19.037116_h0.jpg,budapest,47.481559,19.037116,0,2025-09,streetview
data/images/budapest/47.481559_19.037116_h90.jpg,budapest,47.481559,19.037116,90,2025-09,streetview
data/images/budapest/47.481559_19.037116_h180.jpg,budapest,47.481559,19.037116,180,2025-09,streetview
data/images/budapest/47.481559_19.037116_h270.jpg,budapest,47.481559,19.037116,270,2025-09,streetview
data/images/budapest/47.464312_19.019567_h0.jpg,budapest,47.464312,19.019567,0,2018-02,streetview
data/images/budapest/47.464312_19.019567_h90.jpg,budapest,47.464312,19.019567,90,2018-02,streetview
data/images/budapest/47.464312_19.019567_h180.jpg,budapest,47.464312,19.019567,180,2018-02,streetview
data/images/budapest/47.464312_19.019567_h270.jpg,budapest,47.464312,19.019567,270,2018-02,streetview
data/images/budapest/47.461078_19.053049_h0.jpg,budapest,47.461078,19.053049,0,2025-09,streetview
data/images/budapest/47.461078_19.053049_h90.jpg,budapest,47.461078,19.053049,90,2025-09,streetview
data/images/budapest/47.461078_19.053049_h180.jpg,budapest,47.461078,19.053049,180,2025-09,streetview
data/images/budapest/47.461078_19.053049_h270.jpg,budapest,47.461078,19.053049,270,2025-09,streetview
data/images/budapest/47.514977_19.01_h0.jpg,budapest,47.514977,19.01,0,2024-06,streetview
data/images/budapest/47.514977_19.01_h90.jpg,budapest,47.514977,19.01,90,2024-06,streetview
data/images/budapest/47.514977_19.01_h180.jpg,budapest,47.514977,19.01,180,2024-06,streetview
data/images/budapest/47.514977_19.01_h270.jpg,budapest,47.514977,19.01,270,2024-06,streetview
data/images/budapest/47.52899_19.051509_h0.jpg,budapest,47.52899,19.051509,0,2025-10,streetview
data/images/budapest/47.52899_19.051509_h90.jpg,budapest,47.52899,19.051509,90,2025-10,streetview
data/images/budapest/47.52899_19.051509_h180.jpg,budapest,47.52899,19.051509,180,2025-10,streetview
data/images/budapest/47.52899_19.051509_h270.jpg,budapest,47.52899,19.051509,270,2025-10,streetview
data/images/budapest/47.498807_19.078609_h0.jpg,budapest,47.498807,19.078609,0,2024-06,streetview
data/images/budapest/47.498807_19.078609_h90.jpg,budapest,47.498807,19.078609,90,2024-06,streetview
data/images/budapest/47.498807_19.078609_h180.jpg,budapest,47.498807,19.078609,180,2024-06,streetview
data/images/budapest/47.498807_19.078609_h270.jpg,budapest,47.498807,19.078609,270,2024-06,streetview
data/images/budapest/47.516055_19.097785_h0.jpg,budapest,47.516055,19.097785,0,2025-08,streetview
data/images/budapest/47.516055_19.097785_h90.jpg,budapest,47.516055,19.097785,90,2025-08,streetview
data/images/budapest/47.516055_19.097785_h180.jpg,budapest,47.516055,19.097785,180,2025-08,streetview
data/images/budapest/47.516055_19.097785_h270.jpg,budapest,47.516055,19.097785,270,2025-08,streetview
data/images/budapest/47.518211_19.064269_h0.jpg,budapest,47.518211,19.064269,0,2025-09,streetview
data/images/budapest/47.518211_19.064269_h90.jpg,budapest,47.518211,19.064269,90,2025-09,streetview
data/images/budapest/47.518211_19.064269_h180.jpg,budapest,47.518211,19.064269,180,2025-09,streetview
data/images/budapest/47.518211_19.064269_h270.jpg,budapest,47.518211,19.064269,270,2025-09,streetview
data/images/budapest/47.500963_19.064251_h0.jpg,budapest,47.500963,19.064251,0,2025-08,streetview
data/images/budapest/47.500963_19.064251_h90.jpg,budapest,47.500963,19.064251,90,2025-08,streetview
data/images/budapest/47.500963_19.064251_h180.jpg,budapest,47.500963,19.064251,180,2025-08,streetview
data/images/budapest/47.500963_19.064251_h270.jpg,budapest,47.500963,19.064251,270,2025-08,streetview
data/images/budapest/47.468624_19.046677_h0.jpg,budapest,47.468624,19.046677,0,2018-03,streetview
data/images/budapest/47.468624_19.046677_h90.jpg,budapest,47.468624,19.046677,90,2018-03,streetview
data/images/budapest/47.468624_19.046677_h180.jpg,budapest,47.468624,19.046677,180,2018-03,streetview
data/images/budapest/47.468624_19.046677_h270.jpg,budapest,47.468624,19.046677,270,2018-03,streetview
data/images/budapest/47.472936_19.011595_h0.jpg,budapest,47.472936,19.011595,0,2022-04,streetview
data/images/budapest/47.472936_19.011595_h90.jpg,budapest,47.472936,19.011595,90,2022-04,streetview
data/images/budapest/47.472936_19.011595_h180.jpg,budapest,47.472936,19.011595,180,2022-04,streetview
data/images/budapest/47.472936_19.011595_h270.jpg,budapest,47.472936,19.011595,270,2022-04,streetview
data/images/budapest/47.535458_19.067481_h0.jpg,budapest,47.535458,19.067481,0,2025-09,streetview
data/images/budapest/47.535458_19.067481_h90.jpg,budapest,47.535458,19.067481,90,2025-09,streetview
data/images/budapest/47.535458_19.067481_h180.jpg,budapest,47.535458,19.067481,180,2025-09,streetview
data/images/budapest/47.535458_19.067481_h270.jpg,budapest,47.535458,19.067481,270,2025-09,streetview
data/images/budapest/47.522522_19.0962_h0.jpg,budapest,47.522522,19.0962,0,2025-08,streetview
data/images/budapest/47.522522_19.0962_h90.jpg,budapest,47.522522,19.0962,90,2025-08,streetview
data/images/budapest/47.522522_19.0962_h180.jpg,budapest,47.522522,19.0962,180,2025-08,streetview
data/images/budapest/47.522522_19.0962_h270.jpg,budapest,47.522522,19.0962,270,2025-08,streetview
data/images/budapest/47.464312_19.083348_h0.jpg,budapest,47.464312,19.083348,0,2025-08,streetview
data/images/budapest/47.464312_19.083348_h90.jpg,budapest,47.464312,19.083348,90,2025-08,streetview
data/images/budapest/47.464312_19.083348_h180.jpg,budapest,47.464312,19.083348,180,2025-08,streetview
data/images/budapest/47.464312_19.083348_h270.jpg,budapest,47.464312,19.083348,270,2025-08,streetview
data/images/budapest/47.511743_19.099374_h0.jpg,budapest,47.511743,19.099374,0,2025-08,streetview
data/images/budapest/47.511743_19.099374_h90.jpg,budapest,47.511743,19.099374,90,2025-08,streetview
data/images/budapest/47.511743_19.099374_h180.jpg,budapest,47.511743,19.099374,180,2025-08,streetview
data/images/budapest/47.511743_19.099374_h270.jpg,budapest,47.511743,19.099374,270,2025-08,streetview
data/images/budapest/47.498807_19.099352_h0.jpg,budapest,47.498807,19.099352,0,2024-05,streetview
data/images/budapest/47.498807_19.099352_h90.jpg,budapest,47.498807,19.099352,90,2024-05,streetview
data/images/budapest/47.498807_19.099352_h180.jpg,budapest,47.498807,19.099352,180,2024-05,streetview
data/images/budapest/47.498807_19.099352_h270.jpg,budapest,47.498807,19.099352,270,2024-05,streetview
data/images/budapest/47.510665_19.081817_h0.jpg,budapest,47.510665,19.081817,0,2025-08,streetview
data/images/budapest/47.510665_19.081817_h90.jpg,budapest,47.510665,19.081817,90,2025-08,streetview
data/images/budapest/47.510665_19.081817_h180.jpg,budapest,47.510665,19.081817,180,2025-08,streetview
data/images/budapest/47.510665_19.081817_h270.jpg,budapest,47.510665,19.081817,270,2025-08,streetview
data/images/budapest/47.483715_19.024356_h0.jpg,budapest,47.483715,19.024356,0,2021-03,streetview
data/images/budapest/47.483715_19.024356_h90.jpg,budapest,47.483715,19.024356,90,2021-03,streetview
data/images/budapest/47.483715_19.024356_h180.jpg,budapest,47.483715,19.024356,180,2021-03,streetview
data/images/budapest/47.483715_19.024356_h270.jpg,budapest,47.483715,19.024356,270,2021-03,streetview
data/images/budapest/47.511743_19.097778_h0.jpg,budapest,47.511743,19.097778,0,2025-09,streetview
data/images/budapest/47.511743_19.097778_h90.jpg,budapest,47.511743,19.097778,90,2025-09,streetview
data/images/budapest/47.511743_19.097778_h180.jpg,budapest,47.511743,19.097778,180,2025-09,streetview
data/images/budapest/47.511743_19.097778_h270.jpg,budapest,47.511743,19.097778,270,2025-09,streetview
data/images/budapest/47.482637_19.096134_h0.jpg,budapest,47.482637,19.096134,0,2024-06,streetview
data/images/budapest/47.482637_19.096134_h90.jpg,budapest,47.482637,19.096134,90,2024-06,streetview
data/images/budapest/47.482637_19.096134_h180.jpg,budapest,47.482637,19.096134,180,2024-06,streetview
data/images/budapest/47.482637_19.096134_h270.jpg,budapest,47.482637,19.096134,270,2024-06,streetview
data/images/budapest/47.475092_19.057845_h0.jpg,budapest,47.475092,19.057845,0,2024-08,streetview
data/images/budapest/47.475092_19.057845_h90.jpg,budapest,47.475092,19.057845,90,2024-08,streetview
data/images/budapest/47.475092_19.057845_h180.jpg,budapest,47.475092,19.057845,180,2024-08,streetview
data/images/budapest/47.475092_19.057845_h270.jpg,budapest,47.475092,19.057845,270,2024-08,streetview
data/images/budapest/47.488027_19.01319_h0.jpg,budapest,47.488027,19.01319,0,2025-09,streetview
data/images/budapest/47.488027_19.01319_h90.jpg,budapest,47.488027,19.01319,90,2025-09,streetview
data/images/budapest/47.488027_19.01319_h180.jpg,budapest,47.488027,19.01319,180,2025-09,streetview
data/images/budapest/47.488027_19.01319_h270.jpg,budapest,47.488027,19.01319,270,2025-09,streetview
data/images/budapest/47.504197_19.083404_h0.jpg,budapest,47.504197,19.083404,0,2024-06,streetview
data/images/budapest/47.504197_19.083404_h90.jpg,budapest,47.504197,19.083404,90,2024-06,streetview
data/images/budapest/47.504197_19.083404_h180.jpg,budapest,47.504197,19.083404,180,2024-06,streetview
data/images/budapest/47.504197_19.083404_h270.jpg,budapest,47.504197,19.083404,270,2024-06,streetview
data/images/budapest/47.524678_19.073854_h0.jpg,budapest,47.524678,19.073854,0,2022-05,streetview
data/images/budapest/47.524678_19.073854_h90.jpg,budapest,47.524678,19.073854,90,2022-05,streetview
data/images/budapest/47.524678_19.073854_h180.jpg,budapest,47.524678,19.073854,180,2022-05,streetview
data/images/budapest/47.524678_19.073854_h270.jpg,budapest,47.524678,19.073854,270,2022-05,streetview
data/images/budapest/47.462156_19.048267_h0.jpg,budapest,47.462156,19.048267,0,2025-09,streetview
data/images/budapest/47.462156_19.048267_h90.jpg,budapest,47.462156,19.048267,90,2025-09,streetview
data/images/budapest/47.462156_19.048267_h180.jpg,budapest,47.462156,19.048267,180,2025-09,streetview
data/images/budapest/47.462156_19.048267_h270.jpg,budapest,47.462156,19.048267,270,2025-09,streetview
data/images/budapest/47.516055_19.080228_h0.jpg,budapest,47.516055,19.080228,0,2023-03,streetview
data/images/budapest/47.516055_19.080228_h90.jpg,budapest,47.516055,19.080228,90,2023-03,streetview
data/images/budapest/47.516055_19.080228_h180.jpg,budapest,47.516055,19.080228,180,2023-03,streetview
data/images/budapest/47.516055_19.080228_h270.jpg,budapest,47.516055,19.080228,270,2023-03,streetview
data/images/budapest/47.507431_19.072237_h0.jpg,budapest,47.507431,19.072237,0,2025-08,streetview
data/images/budapest/47.507431_19.072237_h90.jpg,budapest,47.507431,19.072237,90,2025-08,streetview
data/images/budapest/47.507431_19.072237_h180.jpg,budapest,47.507431,19.072237,180,2025-08,streetview
data/images/budapest/47.507431_19.072237_h270.jpg,budapest,47.507431,19.072237,270,2025-08,streetview
data/images/budapest/47.497729_19.041911_h0.jpg,budapest,47.497729,19.041911,0,2025-09,streetview
data/images/budapest/47.497729_19.041911_h90.jpg,budapest,47.497729,19.041911,90,2025-09,streetview
data/images/budapest/47.497729_19.041911_h180.jpg,budapest,47.497729,19.041911,180,2025-09,streetview
data/images/budapest/47.497729_19.041911_h270.jpg,budapest,47.497729,19.041911,270,2025-09,streetview
data/images/budapest/47.506353_19.077023_h0.jpg,budapest,47.506353,19.077023,0,2025-08,streetview
data/images/budapest/47.506353_19.077023_h90.jpg,budapest,47.506353,19.077023,90,2025-08,streetview
data/images/budapest/47.506353_19.077023_h180.jpg,budapest,47.506353,19.077023,180,2025-08,streetview
data/images/budapest/47.506353_19.077023_h270.jpg,budapest,47.506353,19.077023,270,2025-08,streetview
data/images/budapest/47.467546_19.024352_h0.jpg,budapest,47.467546,19.024352,0,2025-09,streetview
data/images/budapest/47.467546_19.024352_h90.jpg,budapest,47.467546,19.024352,90,2025-09,streetview
data/images/budapest/47.467546_19.024352_h180.jpg,budapest,47.467546,19.024352,180,2025-09,streetview
data/images/budapest/47.467546_19.024352_h270.jpg,budapest,47.467546,19.024352,270,2025-09,streetview
data/images/budapest/47.499885_19.051486_h0.jpg,budapest,47.499885,19.051486,0,2024-01,streetview
data/images/budapest/47.499885_19.051486_h90.jpg,budapest,47.499885,19.051486,90,2024-01,streetview
data/images/budapest/47.499885_19.051486_h180.jpg,budapest,47.499885,19.051486,180,2024-01,streetview
data/images/budapest/47.499885_19.051486_h270.jpg,budapest,47.499885,19.051486,270,2024-01,streetview
data/images/budapest/47.507431_19.011596_h0.jpg,budapest,47.507431,19.011596,0,2024-06,streetview
data/images/budapest/47.507431_19.011596_h90.jpg,budapest,47.507431,19.011596,90,2024-06,streetview
data/images/budapest/47.507431_19.011596_h180.jpg,budapest,47.507431,19.011596,180,2024-06,streetview
data/images/budapest/47.507431_19.011596_h270.jpg,budapest,47.507431,19.011596,270,2024-06,streetview
data/images/budapest/47.521444_19.014789_h0.jpg,budapest,47.521444,19.014789,0,2025-09,streetview
data/images/budapest/47.521444_19.014789_h90.jpg,budapest,47.521444,19.014789,90,2025-09,streetview
data/images/budapest/47.521444_19.014789_h180.jpg,budapest,47.521444,19.014789,180,2025-09,streetview
data/images/budapest/47.521444_19.014789_h270.jpg,budapest,47.521444,19.014789,270,2025-09,streetview
data/images/budapest/47.506353_19.081811_h0.jpg,budapest,47.506353,19.081811,0,2025-08,streetview
data/images/budapest/47.506353_19.081811_h90.jpg,budapest,47.506353,19.081811,90,2025-08,streetview
data/images/budapest/47.506353_19.081811_h180.jpg,budapest,47.506353,19.081811,180,2025-08,streetview
data/images/budapest/47.506353_19.081811_h270.jpg,budapest,47.506353,19.081811,270,2025-08,streetview
data/images/budapest/47.537614_19.045128_h0.jpg,budapest,47.537614,19.045128,0,2024-07,streetview
data/images/budapest/47.537614_19.045128_h90.jpg,budapest,47.537614,19.045128,90,2024-07,streetview
data/images/budapest/47.537614_19.045128_h180.jpg,budapest,47.537614,19.045128,180,2024-07,streetview
data/images/budapest/47.537614_19.045128_h270.jpg,budapest,47.537614,19.045128,270,2024-07,streetview
data/images/budapest/47.492339_19.088173_h0.jpg,budapest,47.492339,19.088173,0,2024-06,streetview
data/images/budapest/47.492339_19.088173_h90.jpg,budapest,47.492339,19.088173,90,2024-06,streetview
data/images/budapest/47.492339_19.088173_h180.jpg,budapest,47.492339,19.088173,180,2024-06,streetview
data/images/budapest/47.492339_19.088173_h270.jpg,budapest,47.492339,19.088173,270,2024-06,streetview
data/images/budapest/47.483715_19.037117_h0.jpg,budapest,47.483715,19.037117,0,2024-06,streetview
data/images/budapest/47.483715_19.037117_h90.jpg,budapest,47.483715,19.037117,90,2024-06,streetview
data/images/budapest/47.483715_19.037117_h180.jpg,budapest,47.483715,19.037117,180,2024-06,streetview
data/images/budapest/47.483715_19.037117_h270.jpg,budapest,47.483715,19.037117,270,2024-06,streetview
data/images/budapest/47.484793_19.019571_h0.jpg,budapest,47.484793,19.019571,0,2025-09,streetview
data/images/budapest/47.484793_19.019571_h90.jpg,budapest,47.484793,19.019571,90,2025-09,streetview
data/images/budapest/47.484793_19.019571_h180.jpg,budapest,47.484793,19.019571,180,2025-09,streetview
data/images/budapest/47.484793_19.019571_h270.jpg,budapest,47.484793,19.019571,270,2025-09,streetview
data/images/budapest/47.468624_19.097706_h0.jpg,budapest,47.468624,19.097706,0,2024-05,streetview
data/images/budapest/47.468624_19.097706_h90.jpg,budapest,47.468624,19.097706,90,2024-05,streetview
data/images/budapest/47.468624_19.097706_h180.jpg,budapest,47.468624,19.097706,180,2024-05,streetview
data/images/budapest/47.468624_19.097706_h270.jpg,budapest,47.468624,19.097706,270,2024-05,streetview
data/images/budapest/47.492339_19.078601_h0.jpg,budapest,47.492339,19.078601,0,2025-08,streetview
data/images/budapest/47.492339_19.078601_h90.jpg,budapest,47.492339,19.078601,90,2025-08,streetview
data/images/budapest/47.492339_19.078601_h180.jpg,budapest,47.492339,19.078601,180,2025-08,streetview
data/images/budapest/47.492339_19.078601_h270.jpg,budapest,47.492339,19.078601,270,2025-08,streetview
data/images/budapest/47.532224_19.041932_h0.jpg,budapest,47.532224,19.041932,0,2025-09,streetview
data/images/budapest/47.532224_19.041932_h90.jpg,budapest,47.532224,19.041932,90,2025-09,streetview
data/images/budapest/47.532224_19.041932_h180.jpg,budapest,47.532224,19.041932,180,2025-09,streetview
data/images/budapest/47.532224_19.041932_h270.jpg,budapest,47.532224,19.041932,270,2025-09,streetview
data/images/budapest/47.467546_19.017973_h0.jpg,budapest,47.467546,19.017973,0,2025-09,streetview
data/images/budapest/47.467546_19.017973_h90.jpg,budapest,47.467546,19.017973,90,2025-09,streetview
data/images/budapest/47.467546_19.017973_h180.jpg,budapest,47.467546,19.017973,180,2025-09,streetview
data/images/budapest/47.467546_19.017973_h270.jpg,budapest,47.467546,19.017973,270,2025-09,streetview
data/images/budapest/47.508509_19.061068_h0.jpg,budapest,47.508509,19.061068,0,2025-08,streetview
data/images/budapest/47.508509_19.061068_h90.jpg,budapest,47.508509,19.061068,90,2025-08,streetview
data/images/budapest/47.508509_19.061068_h180.jpg,budapest,47.508509,19.061068,180,2025-08,streetview
data/images/budapest/47.508509_19.061068_h270.jpg,budapest,47.508509,19.061068,270,2025-08,streetview
data/images/budapest/47.52899_19.075456_h0.jpg,budapest,47.52899,19.075456,0,2025-08,streetview
data/images/budapest/47.52899_19.075456_h90.jpg,budapest,47.52899,19.075456,90,2025-08,streetview
data/images/budapest/47.52899_19.075456_h180.jpg,budapest,47.52899,19.075456,180,2025-08,streetview
data/images/budapest/47.52899_19.075456_h270.jpg,budapest,47.52899,19.075456,270,2025-08,streetview
data/images/budapest/47.479404_19.053064_h0.jpg,budapest,47.479404,19.053064,0,2024-06,streetview
data/images/budapest/47.479404_19.053064_h90.jpg,budapest,47.479404,19.053064,90,2024-06,streetview
data/images/budapest/47.479404_19.053064_h180.jpg,budapest,47.479404,19.053064,180,2024-06,streetview
data/images/budapest/47.479404_19.053064_h270.jpg,budapest,47.479404,19.053064,270,2024-06,streetview
data/images/budapest/47.463234_19.01_h0.jpg,budapest,47.463234,19.01,0,2025-09,streetview
data/images/budapest/47.463234_19.01_h90.jpg,budapest,47.463234,19.01,90,2025-09,streetview
data/images/budapest/47.463234_19.01_h180.jpg,budapest,47.463234,19.01,180,2025-09,streetview
data/images/budapest/47.463234_19.01_h270.jpg,budapest,47.463234,19.01,270,2025-09,streetview
data/images/budapest/47.524678_19.019578_h0.jpg,budapest,47.524678,19.019578,0,2025-09,streetview
data/images/budapest/47.524678_19.019578_h90.jpg,budapest,47.524678,19.019578,90,2025-09,streetview
data/images/budapest/47.524678_19.019578_h180.jpg,budapest,47.524678,19.019578,180,2025-09,streetview
data/images/budapest/47.524678_19.019578_h270.jpg,budapest,47.524678,19.019578,270,2025-09,streetview
data/images/budapest/47.468624_19.017973_h0.jpg,budapest,47.468624,19.017973,0,2022-04,streetview
data/images/budapest/47.468624_19.017973_h90.jpg,budapest,47.468624,19.017973,90,2022-04,streetview
data/images/budapest/47.468624_19.017973_h180.jpg,budapest,47.468624,19.017973,180,2022-04,streetview
data/images/budapest/47.468624_19.017973_h270.jpg,budapest,47.468624,19.017973,270,2022-04,streetview
data/images/budapest/47.509587_19.016384_h0.jpg,budapest,47.509587,19.016384,0,2025-09,streetview
data/images/budapest/47.509587_19.016384_h90.jpg,budapest,47.509587,19.016384,90,2025-09,streetview
data/images/budapest/47.509587_19.016384_h180.jpg,budapest,47.509587,19.016384,180,2025-09,streetview
data/images/budapest/47.509587_19.016384_h270.jpg,budapest,47.509587,19.016384,270,2025-09,streetview
data/images/budapest/47.505275_19.037128_h0.jpg,budapest,47.505275,19.037128,0,2025-09,streetview
data/images/budapest/47.505275_19.037128_h90.jpg,budapest,47.505275,19.037128,90,2025-09,streetview
data/images/budapest/47.505275_19.037128_h180.jpg,budapest,47.505275,19.037128,180,2025-09,streetview
data/images/budapest/47.505275_19.037128_h270.jpg,budapest,47.505275,19.037128,270,2025-09,streetview
data/images/budapest/47.489105_19.014786_h0.jpg,budapest,47.489105,19.014786,0,2025-09,streetview
data/images/budapest/47.489105_19.014786_h90.jpg,budapest,47.489105,19.014786,90,2025-09,streetview
data/images/budapest/47.489105_19.014786_h180.jpg,budapest,47.489105,19.014786,180,2025-09,streetview
data/images/budapest/47.489105_19.014786_h270.jpg,budapest,47.489105,19.014786,270,2025-09,streetview
data/images/budapest/47.518211_19.038731_h0.jpg,budapest,47.518211,19.038731,0,2025-09,streetview
data/images/budapest/47.518211_19.038731_h90.jpg,budapest,47.518211,19.038731,90,2025-09,streetview
data/images/budapest/47.518211_19.038731_h180.jpg,budapest,47.518211,19.038731,180,2025-09,streetview
data/images/budapest/47.518211_19.038731_h270.jpg,budapest,47.518211,19.038731,270,2025-09,streetview
data/images/budapest/47.46539_19.01_h0.jpg,budapest,47.46539,19.01,0,2025-09,streetview
data/images/budapest/47.46539_19.01_h90.jpg,budapest,47.46539,19.01,90,2025-09,streetview
data/images/budapest/47.46539_19.01_h180.jpg,budapest,47.46539,19.01,180,2025-09,streetview
data/images/budapest/47.46539_19.01_h270.jpg,budapest,47.46539,19.01,270,2025-09,streetview
data/images/budapest/47.507431_19.062662_h0.jpg,budapest,47.507431,19.062662,0,2025-08,streetview
data/images/budapest/47.507431_19.062662_h90.jpg,budapest,47.507431,19.062662,90,2025-08,streetview
data/images/budapest/47.507431_19.062662_h180.jpg,budapest,47.507431,19.062662,180,2025-08,streetview
data/images/budapest/47.507431_19.062662_h270.jpg,budapest,47.507431,19.062662,270,2025-08,streetview
data/images/budapest/47.516055_19.056287_h0.jpg,budapest,47.516055,19.056287,0,2025-09,streetview
data/images/budapest/47.516055_19.056287_h90.jpg,budapest,47.516055,19.056287,90,2025-09,streetview
data/images/budapest/47.516055_19.056287_h180.jpg,budapest,47.516055,19.056287,180,2025-09,streetview
data/images/budapest/47.516055_19.056287_h270.jpg,budapest,47.516055,19.056287,270,2025-09,streetview
data/images/budapest/47.517133_19.027557_h0.jpg,budapest,47.517133,19.027557,0,2024-06,streetview
data/images/budapest/47.517133_19.027557_h90.jpg,budapest,47.517133,19.027557,90,2024-06,streetview
data/images/budapest/47.517133_19.027557_h180.jpg,budapest,47.517133,19.027557,180,2024-06,streetview
data/images/budapest/47.517133_19.027557_h270.jpg,budapest,47.517133,19.027557,270,2024-06,streetview
data/images/budapest/47.494495_19.022763_h0.jpg,budapest,47.494495,19.022763,0,2024-06,streetview
data/images/budapest/47.494495_19.022763_h90.jpg,budapest,47.494495,19.022763,90,2024-06,streetview
data/images/budapest/47.494495_19.022763_h180.jpg,budapest,47.494495,19.022763,180,2024-06,streetview
data/images/budapest/47.494495_19.022763_h270.jpg,budapest,47.494495,19.022763,270,2024-06,streetview
data/images/budapest/47.497729_19.061057_h0.jpg,budapest,47.497729,19.061057,0,2019-07,streetview
data/images/budapest/47.497729_19.061057_h90.jpg,budapest,47.497729,19.061057,90,2019-07,streetview
data/images/budapest/47.497729_19.061057_h180.jpg,budapest,47.497729,19.061057,180,2019-07,streetview
data/images/budapest/47.497729_19.061057_h270.jpg,budapest,47.497729,19.061057,270,2019-07,streetview
data/images/budapest/47.461078_19.083343_h0.jpg,budapest,47.461078,19.083343,0,2025-08,streetview
data/images/budapest/47.461078_19.083343_h90.jpg,budapest,47.461078,19.083343,90,2025-08,streetview
data/images/budapest/47.461078_19.083343_h180.jpg,budapest,47.461078,19.083343,180,2025-08,streetview
data/images/budapest/47.461078_19.083343_h270.jpg,budapest,47.461078,19.083343,270,2025-08,streetview
data/images/budapest/47.489105_19.056263_h0.jpg,budapest,47.489105,19.056263,0,2023-05,streetview
data/images/budapest/47.489105_19.056263_h90.jpg,budapest,47.489105,19.056263,90,2023-05,streetview
data/images/budapest/47.489105_19.056263_h180.jpg,budapest,47.489105,19.056263,180,2023-05,streetview
data/images/budapest/47.489105_19.056263_h270.jpg,budapest,47.489105,19.056263,270,2023-05,streetview
data/images/budapest/47.517133_19.08821_h0.jpg,budapest,47.517133,19.08821,0,2025-08,streetview
data/images/budapest/47.517133_19.08821_h90.jpg,budapest,47.517133,19.08821,90,2025-08,streetview
data/images/budapest/47.517133_19.08821_h180.jpg,budapest,47.517133,19.08821,180,2025-08,streetview
data/images/budapest/47.517133_19.08821_h270.jpg,budapest,47.517133,19.08821,270,2025-08,streetview
data/images/budapest/47.531146_19.081845_h0.jpg,budapest,47.531146,19.081845,0,2025-08,streetview
data/images/budapest/47.531146_19.081845_h90.jpg,budapest,47.531146,19.081845,90,2025-08,streetview
data/images/budapest/47.531146_19.081845_h180.jpg,budapest,47.531146,19.081845,180,2025-08,streetview
data/images/budapest/47.531146_19.081845_h270.jpg,budapest,47.531146,19.081845,270,2025-08,streetview
data/images/budapest/47.483715_19.038712_h0.jpg,budapest,47.483715,19.038712,0,2025-09,streetview
data/images/budapest/47.483715_19.038712_h90.jpg,budapest,47.483715,19.038712,90,2025-09,streetview
data/images/budapest/47.483715_19.038712_h180.jpg,budapest,47.483715,19.038712,180,2025-09,streetview
data/images/budapest/47.483715_19.038712_h270.jpg,budapest,47.483715,19.038712,270,2025-09,streetview
data/images/budapest/47.498807_19.064249_h0.jpg,budapest,47.498807,19.064249,0,2024-06,streetview
data/images/budapest/47.498807_19.064249_h90.jpg,budapest,47.498807,19.064249,90,2024-06,streetview
data/images/budapest/47.498807_19.064249_h180.jpg,budapest,47.498807,19.064249,180,2024-06,streetview
data/images/budapest/47.498807_19.064249_h270.jpg,budapest,47.498807,19.064249,270,2024-06,streetview
data/images/budapest/47.506353_19.025958_h0.jpg,budapest,47.506353,19.025958,0,2025-09,streetview
data/images/budapest/47.506353_19.025958_h90.jpg,budapest,47.506353,19.025958,90,2025-09,streetview
data/images/budapest/47.506353_19.025958_h180.jpg,budapest,47.506353,19.025958,180,2025-09,streetview
data/images/budapest/47.506353_19.025958_h270.jpg,budapest,47.506353,19.025958,270,2025-09,streetview
data/images/budapest/47.495573_19.051482_h0.jpg,budapest,47.495573,19.051482,0,2019-08,streetview
data/images/budapest/47.495573_19.051482_h90.jpg,budapest,47.495573,19.051482,90,2019-08,streetview
data/images/budapest/47.495573_19.051482_h180.jpg,budapest,47.495573,19.051482,180,2019-08,streetview
data/images/budapest/47.495573_19.051482_h270.jpg,budapest,47.495573,19.051482,270,2019-08,streetview
data/images/budapest/47.52899_19.024368_h0.jpg,budapest,47.52899,19.024368,0,2022-03,streetview
data/images/budapest/47.52899_19.024368_h90.jpg,budapest,47.52899,19.024368,90,2022-03,streetview
data/images/budapest/47.52899_19.024368_h180.jpg,budapest,47.52899,19.024368,180,2022-03,streetview
data/images/budapest/47.52899_19.024368_h270.jpg,budapest,47.52899,19.024368,270,2022-03,streetview
data/images/budapest/47.538692_19.085049_h0.jpg,budapest,47.538692,19.085049,0,2022-05,streetview
data/images/budapest/47.538692_19.085049_h90.jpg,budapest,47.538692,19.085049,90,2022-05,streetview
data/images/budapest/47.538692_19.085049_h180.jpg,budapest,47.538692,19.085049,180,2022-05,streetview
data/images/budapest/47.538692_19.085049_h270.jpg,budapest,47.538692,19.085049,270,2022-05,streetview
data/images/budapest/47.483715_19.027546_h0.jpg,budapest,47.483715,19.027546,0,2025-09,streetview
data/images/budapest/47.483715_19.027546_h90.jpg,budapest,47.483715,19.027546,90,2025-09,streetview
data/images/budapest/47.483715_19.027546_h180.jpg,budapest,47.483715,19.027546,180,2025-09,streetview
data/images/budapest/47.483715_19.027546_h270.jpg,budapest,47.483715,19.027546,270,2025-09,streetview
data/images/budapest/47.510665_19.067453_h0.jpg,budapest,47.510665,19.067453,0,2025-08,streetview
data/images/budapest/47.510665_19.067453_h90.jpg,budapest,47.510665,19.067453,90,2025-08,streetview
data/images/budapest/47.510665_19.067453_h180.jpg,budapest,47.510665,19.067453,180,2025-08,streetview
data/images/budapest/47.510665_19.067453_h270.jpg,budapest,47.510665,19.067453,270,2025-08,streetview
data/images/budapest/47.468624_19.051461_h0.jpg,budapest,47.468624,19.051461,0,2024-06,streetview
data/images/budapest/47.468624_19.051461_h90.jpg,budapest,47.468624,19.051461,90,2024-06,streetview
data/images/budapest/47.468624_19.051461_h180.jpg,budapest,47.468624,19.051461,180,2024-06,streetview
data/images/budapest/47.468624_19.051461_h270.jpg,budapest,47.468624,19.051461,270,2024-06,streetview
data/images/budapest/47.492339_19.07541_h0.jpg,budapest,47.492339,19.07541,0,2024-06,streetview
data/images/budapest/47.492339_19.07541_h90.jpg,budapest,47.492339,19.07541,90,2024-06,streetview
data/images/budapest/47.492339_19.07541_h180.jpg,budapest,47.492339,19.07541,180,2024-06,streetview
data/images/budapest/47.492339_19.07541_h270.jpg,budapest,47.492339,19.07541,270,2024-06,streetview
data/images/budapest/47.513899_19.035536_h0.jpg,budapest,47.513899,19.035536,0,2018-09,streetview
data/images/budapest/47.513899_19.035536_h90.jpg,budapest,47.513899,19.035536,90,2018-09,streetview
data/images/budapest/47.513899_19.035536_h180.jpg,budapest,47.513899,19.035536,180,2018-09,streetview
data/images/budapest/47.513899_19.035536_h270.jpg,budapest,47.513899,19.035536,270,2018-09,streetview
data/images/budapest/47.531146_19.069072_h0.jpg,budapest,47.531146,19.069072,0,2025-09,streetview
data/images/budapest/47.531146_19.069072_h90.jpg,budapest,47.531146,19.069072,90,2025-09,streetview
data/images/budapest/47.531146_19.069072_h180.jpg,budapest,47.531146,19.069072,180,2025-09,streetview
data/images/budapest/47.531146_19.069072_h270.jpg,budapest,47.531146,19.069072,270,2025-09,streetview
data/images/budapest/47.484793_19.059449_h0.jpg,budapest,47.484793,19.059449,0,2024-08,streetview
data/images/budapest/47.484793_19.059449_h90.jpg,budapest,47.484793,19.059449,90,2024-08,streetview
data/images/budapest/47.484793_19.059449_h180.jpg,budapest,47.484793,19.059449,180,2024-08,streetview
data/images/budapest/47.484793_19.059449_h270.jpg,budapest,47.484793,19.059449,270,2024-08,streetview
data/images/budapest/47.522522_19.016385_h0.jpg,budapest,47.522522,19.016385,0,2025-09,streetview
data/images/budapest/47.522522_19.016385_h90.jpg,budapest,47.522522,19.016385,90,2025-09,streetview
data/images/budapest/47.522522_19.016385_h180.jpg,budapest,47.522522,19.016385,180,2025-09,streetview
data/images/budapest/47.522522_19.016385_h270.jpg,budapest,47.522522,19.016385,270,2025-09,streetview
data/images/budapest/47.538692_19.021177_h0.jpg,budapest,47.538692,19.021177,0,2022-03,streetview
data/images/budapest/47.538692_19.021177_h90.jpg,budapest,47.538692,19.021177,90,2022-03,streetview
data/images/budapest/47.538692_19.021177_h180.jpg,budapest,47.538692,19.021177,180,2022-03,streetview
data/images/budapest/47.538692_19.021177_h270.jpg,budapest,47.538692,19.021177,270,2022-03,streetview
data/images/budapest/47.484793_19.07221_h0.jpg,budapest,47.484793,19.07221,0,2025-08,streetview
data/images/budapest/47.484793_19.07221_h90.jpg,budapest,47.484793,19.07221,90,2025-08,streetview
data/images/budapest/47.484793_19.07221_h180.jpg,budapest,47.484793,19.07221,180,2025-08,streetview
data/images/budapest/47.484793_19.07221_h270.jpg,budapest,47.484793,19.07221,270,2025-08,streetview
data/images/budapest/47.505275_19.049894_h0.jpg,budapest,47.505275,19.049894,0,2021-05,streetview
data/images/budapest/47.505275_19.049894_h90.jpg,budapest,47.505275,19.049894,90,2021-05,streetview
data/images/budapest/47.505275_19.049894_h180.jpg,budapest,47.505275,19.049894,180,2021-05,streetview
data/images/budapest/47.505275_19.049894_h270.jpg,budapest,47.505275,19.049894,270,2021-05,streetview
data/images/budapest/47.500963_19.051486_h0.jpg,budapest,47.500963,19.051486,0,2019-05,streetview
data/images/budapest/47.500963_19.051486_h90.jpg,budapest,47.500963,19.051486,90,2019-05,streetview
data/images/budapest/47.500963_19.051486_h180.jpg,budapest,47.500963,19.051486,180,2019-05,streetview
data/images/budapest/47.500963_19.051486_h270.jpg,budapest,47.500963,19.051486,270,2019-05,streetview
data/images/budapest/47.46539_19.078566_h0.jpg,budapest,47.46539,19.078566,0,2025-08,streetview
data/images/budapest/47.46539_19.078566_h90.jpg,budapest,47.46539,19.078566,90,2025-08,streetview
data/images/budapest/47.46539_19.078566_h180.jpg,budapest,47.46539,19.078566,180,2025-08,streetview
data/images/budapest/47.46539_19.078566_h270.jpg,budapest,47.46539,19.078566,270,2025-08,streetview
data/images/budapest/47.510665_19.037131_h0.jpg,budapest,47.510665,19.037131,0,2024-07,streetview
data/images/budapest/47.510665_19.037131_h90.jpg,budapest,47.510665,19.037131,90,2024-07,streetview
data/images/budapest/47.510665_19.037131_h180.jpg,budapest,47.510665,19.037131,180,2024-07,streetview
data/images/budapest/47.510665_19.037131_h270.jpg,budapest,47.510665,19.037131,270,2024-07,streetview
data/images/budapest/47.527912_19.097805_h0.jpg,budapest,47.527912,19.097805,0,2025-08,streetview
data/images/budapest/47.527912_19.097805_h90.jpg,budapest,47.527912,19.097805,90,2025-08,streetview
data/images/budapest/47.527912_19.097805_h180.jpg,budapest,47.527912,19.097805,180,2025-08,streetview
data/images/budapest/47.527912_19.097805_h270.jpg,budapest,47.527912,19.097805,270,2025-08,streetview
data/images/budapest/47.537614_19.037145_h0.jpg,budapest,47.537614,19.037145,0,2025-09,streetview
data/images/budapest/47.537614_19.037145_h90.jpg,budapest,47.537614,19.037145,90,2025-09,streetview
data/images/budapest/47.537614_19.037145_h180.jpg,budapest,47.537614,19.037145,180,2025-09,streetview
data/images/budapest/47.537614_19.037145_h270.jpg,budapest,47.537614,19.037145,270,2025-09,streetview
